1 257
1 550
1 597
1 684
1 732
1 738
1 772
1 909
1 953
1 960
1 964
1 987
2 306
2 321
2 557
2 786
2 793
2 812
2 908
2 943
2 948
2 951
2 977
2 997
3 139
3 266
3 309
3 322
3 352
3 610
3 649
3 806
3 828
3 834
3 841
3 901
4 66
4 356
4 519
4 520
4 562
4 627
4 706
4 769
4 774
4 776
4 924
4 964
5 89
5 556
5 572
5 599
5 691
5 749
5 827
5 871
5 906
5 965
5 991
5 993
6 67
6 408
6 762
6 793
6 830
6 834
6 863
6 908
6 943
6 951
6 977
6 997
7 38
7 651
7 839
7 874
7 893
7 894
7 922
7 924
7 938
7 986
7 994
7 995
8 135
8 483
8 487
8 498
8 548
8 578
8 595
8 730
8 778
8 914
8 952
8 969
9 35
9 207
9 223
9 484
9 719
9 787
9 812
9 908
9 943
9 948
9 950
9 997
10 37
10 434
10 441
10 481
10 606
10 764
10 780
10 783
10 914
10 928
10 942
10 974
11 339
11 515
11 539
11 635
11 662
11 716
11 810
11 897
11 912
11 966
11 985
11 991
12 552
12 631
12 651
12 722
12 764
12 780
12 862
12 914
12 928
12 952
12 963
12 976
13 25
13 318
13 510
13 601
13 628
13 636
13 640
13 681
13 687
13 699
13 726
13 977
14 101
14 446
14 654
14 765
14 822
14 849
14 875
14 879
14 884
14 945
14 962
14 975
17 141
17 325
17 379
17 651
17 707
17 763
17 794
17 807
17 833
17 899
17 947
17 961
18 275
18 296
18 368
18 522
18 677
18 806
18 834
18 845
18 864
18 876
18 896
18 937
19 281
19 395
19 449
19 454
19 482
19 546
19 560
19 592
19 731
19 754
19 761
19 913
20 462
20 623
20 767
20 792
20 819
20 881
20 887
20 888
20 891
20 915
20 930
20 955
21 49
21 86
21 145
21 267
21 380
21 400
21 538
21 701
21 859
21 883
21 921
21 990
22 122
22 319
22 351
22 436
22 455
22 541
22 618
22 629
22 682
22 698
22 803
22 810
24 317
24 341
24 489
24 582
24 602
24 689
24 817
24 840
24 897
24 966
24 973
24 991
25 42
25 219
25 239
25 263
25 456
25 569
25 593
25 601
25 628
25 640
25 699
26 127
26 557
26 630
26 684
26 772
26 825
26 903
26 915
26 953
26 960
26 964
26 987
27 54
27 266
27 420
27 506
27 527
27 533
27 611
27 806
27 828
27 834
27 841
27 901
28 138
28 184
28 702
28 720
28 768
28 835
28 922
28 927
28 932
28 982
28 984
28 988
29 359
29 365
29 450
29 493
29 530
29 586
29 666
29 725
29 840
29 850
29 890
29 909
30 84
30 125
30 276
30 299
30 432
30 449
30 546
30 564
30 731
30 751
30 780
30 984
31 71
31 301
31 340
31 495
31 509
31 563
31 685
31 696
31 746
31 752
31 815
32 39
32 534
32 734
32 820
32 887
32 888
32 891
32 915
32 919
32 930
32 947
32 955
33 152
33 199
33 809
33 862
33 870
33 950
33 963
33 968
33 980
33 989
33 992
33 999
34 78
34 153
34 163
34 198
34 225
34 262
34 297
34 299
34 551
34 715
34 860
34 910
35 67
35 627
35 739
35 787
35 830
35 863
35 869
35 943
35 951
35 977
35 997
36 71
36 145
36 176
36 340
36 563
36 685
36 696
36 746
36 752
36 815
36 894
36 974
37 274
37 358
37 552
37 563
37 738
37 830
37 875
37 914
37 928
37 952
37 969
38 512
38 703
38 743
38 759
38 763
38 833
38 850
38 900
38 917
38 934
38 961
39 147
39 314
39 462
39 592
39 729
39 819
39 820
39 887
39 888
39 930
39 955
40 117
40 287
40 308
40 465
40 489
40 506
40 611
40 806
40 828
40 834
40 873
40 901
41 521
41 709
41 788
41 826
41 852
41 874
41 911
41 924
41 963
41 986
41 994
41 995
42 193
42 206
42 219
42 326
42 456
42 598
42 636
42 681
42 699
42 714
42 726
43 334
43 479
43 799
43 816
43 831
43 885
43 927
43 932
43 979
43 982
43 984
43 988
44 76
44 276
44 299
44 432
44 482
44 564
44 592
44 731
44 754
44 759
44 761
44 765
45 286
45 386
45 452
45 512
45 770
45 879
45 900
45 917
45 929
45 934
45 961
45 968
46 95
46 219
46 492
46 609
46 779
46 868
46 888
46 899
46 913
46 956
46 967
46 996
48 295
48 354
48 391
48 435
48 457
48 639
48 686
48 700
48 736
48 741
48 829
48 948
49 487
49 859
49 861
49 872
49 883
49 921
49 926
49 935
49 961
49 972
49 990
50 100
50 139
50 554
50 728
50 732
50 772
50 902
50 903
50 953
50 960
50 964
50 987
51 94
51 345
51 433
51 549
51 756
51 760
51 766
51 789
51 824
51 856
51 857
51 930
52 75
52 358
52 556
52 613
52 691
52 797
52 871
52 906
52 909
52 965
52 989
52 993
53 361
53 437
53 576
53 622
53 670
53 740
53 814
53 889
53 893
53 904
53 907
53 918
54 64
54 354
54 388
54 391
54 402
54 457
54 639
54 680
54 700
54 736
54 829
55 275
55 647
55 677
55 697
55 795
55 798
55 848
55 876
55 896
55 937
55 969
55 985
57 390
57 709
57 815
57 825
57 852
57 893
57 924
57 938
57 963
57 986
57 994
57 995
58 129
58 243
58 294
58 443
58 476
58 504
58 606
58 676
58 710
58 713
58 777
58 934
59 78
59 178
59 414
59 459
59 549
59 692
59 789
59 827
59 856
59 857
59 884
59 912
60 186
60 226
60 289
60 389
60 511
60 522
60 540
60 795
60 848
60 864
60 876
60 937
61 150
61 422
61 582
61 716
61 758
61 897
61 919
61 947
61 966
61 973
61 975
61 985
62 367
62 537
62 670
62 712
62 740
62 781
62 799
62 814
62 889
62 904
62 907
62 918
63 212
63 491
63 573
63 604
63 618
63 632
63 669
63 698
63 728
63 803
63 810
63 847
64 472
64 540
64 627
64 709
64 893
64 911
64 924
64 963
64 986
64 994
64 995
65 275
65 402
65 619
65 702
65 802
65 826
65 922
65 927
65 932
65 982
65 984
65 988
66 293
66 407
66 412
66 519
66 520
66 591
66 717
66 774
66 776
66 876
66 930
67 556
67 568
67 613
67 714
67 818
67 827
67 871
67 906
67 965
67 993
68 182
68 486
68 500
68 525
68 553
68 655
68 688
68 793
68 857
68 881
68 940
68 944
69 208
69 379
69 759
69 796
69 843
69 850
69 873
69 895
69 900
69 929
69 934
69 961
70 99
70 105
70 266
70 300
70 309
70 352
70 506
70 533
70 649
70 745
70 901
70 973
71 200
71 249
71 458
71 509
71 563
71 685
71 696
71 746
71 752
71 815
72 244
72 387
72 475
72 593
72 609
72 776
72 779
72 899
72 953
72 956
72 967
72 996
73 149
73 239
73 626
73 732
73 784
73 822
73 849
73 879
73 884
73 945
73 962
73 975
74 259
74 502
74 517
74 616
74 684
74 772
74 903
74 953
74 960
74 964
74 987
74 992
75 92
75 223
75 373
75 556
75 568
75 703
75 714
75 871
75 906
75 965
75 993
76 401
76 615
76 692
76 756
76 760
76 766
76 824
76 856
76 857
76 872
76 912
77 195
77 463
77 537
77 622
77 712
77 764
77 781
77 814
77 889
77 904
77 907
77 918
78 195
78 461
78 505
78 545
78 567
78 705
78 715
78 745
78 860
78 910
79 334
79 373
79 410
79 429
79 474
79 617
79 643
79 728
79 837
79 846
79 859
79 882
80 773
80 786
80 826
80 893
80 909
80 911
80 924
80 938
80 963
80 979
80 994
80 995
81 608
81 689
81 698
81 716
81 758
81 882
81 897
81 919
81 947
81 973
81 975
81 991
82 95
82 109
82 244
82 350
82 507
82 779
82 844
82 868
82 899
82 912
82 976
82 996
83 275
83 540
83 682
83 795
83 798
83 800
83 845
83 848
83 864
83 876
83 896
83 937
84 239
84 299
84 422
84 426
84 560
84 564
84 637
84 731
84 751
84 754
84 761
85 155
85 265
85 472
85 619
85 757
85 802
85 922
85 927
85 932
85 979
85 982
85 984
86 95
86 536
86 537
86 585
86 624
86 661
86 785
86 872
86 935
86 972
86 990
87 225
87 268
87 377
87 424
87 461
87 505
87 705
87 715
87 809
87 860
87 910
87 995
88 133
88 558
88 678
88 768
88 799
88 802
88 922
88 927
88 932
88 979
88 984
88 988
89 93
89 568
89 600
89 646
89 683
89 691
89 871
89 906
89 910
89 965
89 993
90 107
90 194
90 290
90 402
90 639
90 680
90 686
90 700
90 736
90 741
90 760
90 829
91 682
91 768
91 799
91 831
91 835
91 872
91 927
91 932
91 961
91 982
91 984
91 988
92 141
92 212
92 366
92 444
92 613
92 646
92 683
92 714
92 871
92 965
92 993
93 188
93 193
93 511
93 540
93 677
93 697
93 795
93 798
93 845
93 896
93 937
94 300
94 414
94 459
94 692
94 723
94 760
94 789
94 824
94 857
94 876
94 912
95 653
95 779
95 844
95 854
95 868
95 951
95 956
95 967
95 996
97 425
97 573
97 671
97 674
97 734
97 788
97 820
97 887
97 888
97 915
97 930
97 955
99 322
99 324
99 445
99 465
99 533
99 567
99 806
99 828
99 834
99 841
99 901
100 122
100 256
100 279
100 337
100 541
100 604
100 618
100 669
100 682
100 803
100 847
101 310
101 539
101 662
101 817
101 866
101 895
101 947
101 966
101 973
101 985
101 991
102 521
102 670
102 712
102 740
102 781
102 784
102 814
102 889
102 893
102 904
102 907
102 918
103 172
103 466
103 657
103 685
103 707
103 726
103 770
103 807
103 833
103 843
103 900
103 933
103 934
104 227
104 421
104 521
104 670
104 712
104 758
104 781
104 814
104 864
104 889
104 904
104 907
104 918
105 309
105 506
105 533
105 611
105 649
105 745
105 810
105 828
105 834
105 841
105 863
105 901
106 357
106 619
106 702
106 757
106 835
106 862
106 922
106 927
106 932
106 979
106 982
106 984
106 988
107 216
107 257
107 402
107 639
107 680
107 686
107 700
107 736
107 741
107 791
107 829
107 868
108 418
108 453
108 518
108 595
108 722
108 730
108 780
108 791
108 875
108 914
108 942
108 969
108 976
109 112
109 350
109 356
109 507
109 609
109 633
109 763
109 792
109 899
109 920
109 956
109 996
110 283
110 352
110 527
110 533
110 611
110 673
110 745
110 806
110 828
110 834
110 841
110 872
110 901
112 343
112 459
112 547
112 816
112 831
112 835
112 891
112 922
112 979
112 982
112 984
112 988
113 427
113 555
113 613
113 660
113 703
113 704
113 718
113 879
113 884
113 945
113 962
113 975
113 988
114 293
114 420
114 491
114 500
114 570
114 645
114 655
114 688
114 881
114 885
114 902
114 940
114 944
115 541
115 587
115 589
115 678
115 711
115 785
115 872
115 883
115 921
115 926
115 972
115 990
115 991
116 313
116 384
116 608
116 758
116 817
116 870
116 897
116 919
116 947
116 966
116 973
116 985
116 991
117 128
117 287
117 465
117 554
117 611
117 649
117 745
117 806
117 828
117 834
117 841
117 901
118 246
118 266
118 352
118 506
118 649
118 720
118 745
118 806
118 828
118 834
118 841
118 901
118 991
119 131
119 325
119 357
119 370
119 371
119 538
119 544
119 559
119 579
119 606
119 676
119 710
119 777
121 545
121 744
121 778
121 809
121 853
121 858
121 870
121 882
121 950
121 968
121 980
121 992
121 999
122 212
122 413
122 446
122 573
122 632
122 669
122 682
122 698
122 812
122 847
122 852
123 279
123 334
123 351
123 526
123 543
123 582
123 641
123 675
123 737
123 750
123 837
123 846
123 882
124 205
124 282
124 448
124 464
124 495
124 525
124 617
124 645
124 655
124 688
124 881
124 885
124 940
125 178
125 300
125 306
125 473
125 692
125 756
125 760
125 789
125 857
125 912
125 955
125 985
127 155
127 318
127 456
127 473
127 510
127 593
127 601
127 628
127 640
127 681
127 699
127 726
128 282
128 358
128 552
128 584
128 631
128 730
128 791
128 914
128 952
128 969
128 974
128 976
129 357
129 394
129 445
129 504
129 544
129 579
129 606
129 710
129 713
129 777
129 840
129 985
130 585
130 621
130 693
130 706
130 859
130 861
130 872
130 921
130 926
130 935
130 972
130 990
130 997
131 542
131 626
131 703
131 717
131 747
131 784
131 849
131 879
131 945
131 955
131 962
131 975
133 401
133 414
133 433
133 549
133 615
133 743
133 756
133 824
133 856
133 857
133 912
133 944
134 389
134 475
134 633
134 808
134 844
134 854
134 868
134 899
134 913
134 948
134 956
134 967
134 996
135 283
135 417
135 434
135 518
135 631
135 791
135 831
135 875
135 914
135 952
135 969
135 974
137 456
137 510
137 593
137 598
137 601
137 636
137 640
137 681
137 699
137 726
137 770
137 845
137 891
138 276
138 582
138 644
138 753
138 768
138 816
138 831
138 835
138 927
138 932
138 982
138 984
139 374
139 517
139 564
139 684
139 732
139 772
139 928
139 953
139 960
139 964
139 987
140 150
140 610
140 762
140 766
140 793
140 830
140 869
140 871
140 908
140 948
140 951
140 977
140 997
141 325
141 379
141 759
141 770
141 794
141 807
141 895
141 926
141 929
141 933
141 934
142 269
142 350
142 475
142 494
142 534
142 653
142 723
142 792
142 846
142 854
142 913
142 956
142 996
143 160
143 407
143 412
143 438
143 493
143 520
143 562
143 591
143 717
143 769
143 774
143 776
143 989
144 214
144 259
144 446
144 502
144 557
144 600
144 762
144 826
144 903
144 953
144 960
144 964
144 987
145 218
145 288
145 340
145 509
145 685
145 696
145 724
145 746
145 752
145 815
145 827
146 452
146 743
146 763
146 833
146 843
146 889
146 895
146 900
146 917
146 929
146 933
146 944
146 961
147 479
147 512
147 539
147 567
147 707
147 759
147 763
147 770
147 850
147 917
147 929
147 934
148 163
148 223
148 610
148 749
148 787
148 830
148 908
148 943
148 948
148 951
148 977
148 987
148 997
149 174
149 210
149 216
149 289
149 435
149 457
149 680
149 686
149 700
149 736
149 838
149 874
150 223
150 341
150 581
150 582
150 602
150 842
150 891
150 919
150 973
150 985
150 991
151 184
151 720
151 748
151 800
151 803
151 862
151 870
151 950
151 956
151 968
151 980
151 992
151 999
152 315
152 463
152 576
152 622
152 712
152 781
152 814
152 871
152 889
152 904
152 907
152 918
153 262
153 268
153 297
153 461
153 505
153 567
153 584
153 715
153 761
153 854
153 860
153 910
154 250
154 281
154 403
154 509
154 653
154 792
154 841
154 844
154 854
154 913
154 956
154 967
154 996
155 421
155 488
155 572
155 652
155 753
155 836
155 838
155 890
155 892
155 949
155 959
156 358
156 453
156 681
156 762
156 793
156 812
156 863
156 908
156 943
156 948
156 951
156 977
156 997
157 350
157 447
157 491
157 495
157 553
157 565
157 771
157 849
157 885
157 902
157 910
157 940
157 944
158 432
158 588
158 709
158 773
158 830
158 874
158 894
158 911
158 938
158 963
158 986
158 994
158 995
159 321
159 401
159 417
159 635
159 719
159 739
159 749
159 762
159 869
159 908
159 948
159 977
159 997
160 269
160 271
160 356
160 407
160 519
160 591
160 717
160 769
160 774
160 776
160 836
160 963
161 162
161 240
161 742
161 744
161 858
161 870
161 943
161 950
161 968
161 980
161 989
161 992
161 999
162 403
162 442
162 444
162 558
162 797
162 818
162 827
162 871
162 906
162 965
162 993
162 999
163 378
163 634
163 721
163 742
163 748
163 778
163 862
163 968
163 980
163 989
163 992
164 287
164 306
164 414
164 549
164 615
164 756
164 766
164 789
164 824
164 856
164 857
164 912
164 964
166 244
166 321
166 387
166 418
166 609
166 764
166 854
166 868
166 913
166 920
166 967
166 996
166 997
168 171
168 229
168 262
168 377
168 461
168 505
168 551
168 567
168 705
168 715
168 860
168 910
168 918
169 180
169 395
169 621
169 671
169 697
169 767
169 788
169 820
169 887
169 891
169 915
169 930
169 955
170 395
170 426
170 454
170 482
170 546
170 560
170 592
170 751
170 754
170 761
170 963
170 990
170 993
171 172
171 231
171 237
171 423
171 474
171 641
171 647
171 728
171 737
171 837
171 846
171 882
172 410
172 543
172 617
172 641
172 643
172 666
172 728
172 809
172 837
172 846
172 882
173 247
173 375
173 447
173 448
173 495
173 500
173 553
173 623
173 655
173 688
173 816
173 940
173 944
174 194
174 388
174 435
174 634
174 639
174 680
174 686
174 700
174 741
174 829
174 871
174 903
175 179
175 207
175 287
175 566
175 839
175 852
175 874
175 894
175 924
175 963
175 986
175 994
175 995
176 288
176 340
176 458
176 509
176 563
176 685
176 696
176 746
176 752
176 784
176 815
176 930
178 196
178 241
178 385
178 414
178 459
178 608
178 756
178 824
178 857
178 912
178 982
179 441
179 473
179 615
179 692
179 756
179 760
179 766
179 789
179 824
179 856
179 857
179 912
180 472
180 825
180 826
180 839
180 852
180 866
180 893
180 894
180 963
180 986
180 994
180 995
181 209
181 386
181 430
181 436
181 566
181 571
181 634
181 637
181 750
181 787
181 867
181 916
181 986
182 190
182 246
182 420
182 565
182 645
182 771
182 881
182 885
182 902
182 938
182 940
182 944
184 372
184 588
184 800
184 805
184 809
184 858
184 862
184 893
184 989
184 992
184 999
185 257
185 597
185 600
185 620
185 732
185 734
185 903
185 934
185 953
185 960
185 964
185 987
185 988
186 572
186 684
186 687
186 724
186 800
186 838
186 853
186 873
186 877
186 892
186 949
186 959
188 719
188 749
188 776
188 787
188 793
188 863
188 869
188 943
188 948
188 951
188 977
188 993
189 246
189 318
189 439
189 447
189 500
189 553
189 688
189 771
189 885
189 902
189 940
189 944
189 965
190 628
190 719
190 762
190 787
190 863
190 869
190 908
190 932
190 948
190 951
190 977
190 997
191 327
191 374
191 468
191 502
191 620
191 732
191 903
191 920
191 953
191 960
191 964
191 987
191 990
193 300
193 306
193 532
193 549
193 766
193 789
193 824
193 852
193 856
193 857
193 912
194 222
194 289
194 354
194 388
194 462
194 639
194 686
194 700
194 741
194 829
194 950
195 236
195 297
195 505
195 551
195 567
195 584
195 705
195 715
195 721
195 860
195 910
196 241
196 284
196 306
196 401
196 433
196 633
196 756
196 766
196 822
196 824
196 856
196 912
197 387
197 471
197 612
197 744
197 748
197 764
197 800
197 862
197 924
197 968
197 989
197 992
197 999
198 342
198 346
198 404
198 411
198 442
198 566
198 634
198 637
198 750
198 772
198 867
198 916
199 232
199 521
199 566
199 571
199 634
199 656
199 667
199 750
199 796
199 810
199 867
199 916
200 358
200 361
200 518
200 548
200 651
200 764
200 887
200 942
200 952
200 969
200 974
200 976
201 423
201 474
201 523
201 526
201 617
201 643
201 675
201 728
201 814
201 837
201 846
201 882
201 921
202 479
202 707
202 743
202 794
202 843
202 850
202 895
202 907
202 917
202 933
202 934
202 949
202 961
205 375
205 406
205 491
205 495
205 525
205 551
205 645
205 778
205 864
205 881
205 885
205 940
205 944
206 326
206 396
206 510
206 593
206 598
206 601
206 628
206 636
206 640
206 681
206 726
206 769
206 799
207 429
207 450
207 470
207 587
207 642
207 668
207 690
207 725
207 726
207 840
207 908
207 909
208 305
208 325
208 512
208 657
208 716
208 843
208 850
208 895
208 929
208 933
208 934
208 961
208 973
209 228
209 232
209 328
209 430
209 467
209 571
209 630
209 634
209 656
209 740
209 750
209 796
209 916
210 354
210 435
210 457
210 639
210 644
210 680
210 686
210 700
210 736
210 741
210 829
210 866
210 944
211 218
211 284
211 360
211 538
211 592
211 701
211 785
211 861
211 872
211 894
211 921
211 935
211 972
211 990
212 216
212 319
212 335
212 349
212 529
212 618
212 629
212 632
212 669
212 803
212 810
214 446
214 557
214 581
214 630
214 728
214 732
214 741
214 772
214 903
214 953
214 960
214 964
214 987
216 289
216 354
216 388
216 457
216 680
216 686
216 736
216 741
216 829
216 948
216 992
218 301
218 307
218 345
218 458
218 509
218 563
218 685
218 696
218 738
218 746
218 752
218 815
219 318
219 510
219 593
219 598
219 601
219 636
219 640
219 699
219 726
219 805
219 839
220 295
220 444
220 449
220 556
220 599
220 601
220 646
220 797
220 827
220 871
220 906
220 965
220 993
220 999
221 310
221 426
221 432
221 449
221 450
221 482
221 485
221 564
221 592
221 700
221 731
221 751
221 754
221 761
222 289
222 388
222 402
222 435
222 457
222 533
222 613
222 639
222 686
222 700
222 711
222 736
222 829
223 484
223 719
223 731
223 762
223 787
223 943
223 948
223 951
223 977
223 997
224 697
224 786
224 825
224 826
224 839
224 868
224 894
224 895
224 924
224 938
224 963
224 986
224 994
224 995
225 236
225 268
225 297
225 424
225 551
225 567
225 584
225 652
225 705
225 715
225 860
225 910
226 285
226 344
226 355
226 550
226 677
226 795
226 798
226 847
226 848
226 864
226 876
226 896
226 937
227 537
227 576
227 700
227 712
227 740
227 758
227 781
227 814
227 889
227 904
227 907
227 918
227 937
228 346
228 404
228 411
228 451
228 496
228 566
228 571
228 631
228 667
228 750
228 760
228 867
228 916
229 230
229 570
229 660
229 688
229 704
229 718
229 765
229 822
229 882
229 884
229 945
229 962
229 975
230 233
230 516
230 542
230 704
230 765
230 822
230 879
230 884
230 900
230 920
230 945
230 962
230 975
231 233
231 581
231 602
231 614
231 662
231 689
231 716
231 842
231 866
231 932
231 947
231 966
231 991
232 341
232 346
232 467
232 618
232 634
232 637
232 656
232 667
232 750
232 796
232 867
232 916
233 721
233 809
233 858
233 859
233 862
233 870
233 950
233 968
233 980
233 989
233 992
233 999
234 375
234 420
234 491
234 500
234 525
234 553
234 655
234 680
234 688
234 757
234 881
234 902
234 940
234 944
235 251
235 317
235 323
235 393
235 396
235 470
235 493
235 515
235 530
235 586
235 587
235 690
235 840
235 909
236 311
236 424
236 434
236 461
236 505
236 567
236 584
236 705
236 715
236 860
236 890
236 910
237 351
237 423
237 444
237 530
237 543
237 568
237 641
237 643
237 675
237 737
237 837
237 846
237 882
238 272
238 488
238 572
238 808
238 813
238 836
238 853
238 877
238 888
238 890
238 892
238 916
238 949
238 959
239 555
239 626
239 718
239 822
239 849
239 879
239 884
239 890
239 945
239 962
239 975
240 272
240 357
240 382
240 531
240 564
240 753
240 813
240 853
240 873
240 877
240 892
240 949
240 959
241 244
241 306
241 459
241 473
241 692
241 754
241 760
241 766
241 824
241 847
241 856
241 912
242 245
242 314
242 488
242 538
242 605
242 721
242 727
242 808
242 836
242 853
242 873
242 877
242 892
242 959
243 294
243 304
243 357
243 370
243 559
243 579
243 606
243 645
243 676
243 710
243 713
243 727
243 777
244 275
244 418
244 475
244 508
244 530
244 844
244 899
244 920
244 956
244 967
245 246
245 375
245 406
245 447
245 508
245 565
245 676
245 688
245 771
245 881
245 902
245 940
245 944
246 420
246 447
246 448
246 486
246 500
246 802
246 831
246 881
246 940
246 944
247 375
247 406
247 466
247 495
247 507
247 565
247 591
247 645
247 881
247 885
247 902
247 940
247 944
248 309
248 329
248 355
248 453
248 739
248 749
248 830
248 863
248 869
248 908
248 943
248 948
248 977
248 997
249 718
249 720
249 721
249 800
249 809
249 858
249 950
249 968
249 980
249 989
249 992
249 995
249 999
250 350
250 494
250 543
250 723
250 779
250 792
250 844
250 854
250 868
250 929
250 956
250 967
250 996
251 254
251 295
251 330
251 444
251 568
251 646
251 714
251 777
251 797
251 818
251 906
251 965
251 993
252 472
252 620
252 656
252 661
252 702
252 799
252 802
252 816
252 922
252 927
252 932
252 979
252 984
252 988
254 335
254 349
254 413
254 427
254 573
254 604
254 618
254 632
254 682
254 698
254 847
254 926
254 996
255 280
255 372
255 418
255 619
255 623
255 673
255 788
255 819
255 820
255 888
255 891
255 915
255 955
255 991
256 335
256 354
256 413
256 525
256 541
256 604
256 632
256 669
256 682
256 803
256 810
256 847
257 446
257 449
257 484
257 600
257 635
257 772
257 903
257 953
257 960
257 964
257 987
259 432
259 517
259 520
259 597
259 630
259 635
259 649
259 732
259 953
259 960
259 964
259 987
260 265
260 486
260 581
260 619
260 661
260 702
260 768
260 816
260 831
260 922
260 932
260 979
260 984
260 988
261 460
261 610
261 719
261 739
261 787
261 812
261 815
261 863
261 869
261 908
261 943
261 948
261 951
261 997
262 377
262 424
262 461
262 551
262 584
262 608
262 618
262 705
262 860
262 899
262 910
263 268
263 326
263 472
263 560
263 593
263 598
263 601
263 628
263 636
263 640
263 681
263 699
263 726
265 333
265 689
265 757
265 758
265 802
265 816
265 835
265 897
265 922
265 979
265 982
265 988
266 496
266 527
266 655
266 713
266 745
266 806
266 828
266 834
266 841
266 901
267 360
267 441
267 693
267 706
267 737
267 859
267 872
267 883
267 889
267 926
267 935
267 972
267 990
268 424
268 452
268 505
268 567
268 584
268 705
268 715
268 813
268 860
268 910
269 293
269 412
269 464
269 497
269 520
269 627
269 701
269 717
269 764
269 769
269 774
269 776
271 293
271 356
271 465
271 519
271 520
271 562
271 591
271 627
271 717
271 769
271 776
271 862
271 947
272 487
272 687
272 724
272 753
272 807
272 808
272 853
272 877
272 890
272 949
272 961
272 994
273 341
273 362
273 580
273 608
273 689
273 716
273 758
273 919
273 928
273 947
273 948
273 973
273 985
273 991
274 315
274 548
274 578
274 595
274 738
274 895
274 914
274 928
274 940
274 952
274 962
274 969
274 974
275 469
275 667
275 677
275 795
275 845
275 864
275 876
275 896
275 937
276 395
276 426
276 449
276 485
276 546
276 564
276 592
276 748
276 751
276 754
276 761
278 471
278 574
278 720
278 721
278 744
278 805
278 829
278 884
278 943
278 950
278 968
278 980
278 989
278 992
278 999
279 335
279 529
279 541
279 573
279 598
279 618
279 629
279 682
279 698
279 795
279 803
279 810
279 847
280 534
280 669
280 734
280 783
280 788
280 819
280 873
280 883
280 887
280 888
280 891
280 915
280 930
280 955
281 283
281 313
281 418
281 609
281 633
281 702
281 844
281 868
281 899
281 920
281 956
281 967
281 996
282 315
282 395
282 578
282 651
282 730
282 738
282 791
282 836
282 875
282 928
282 942
282 969
282 974
283 529
283 578
283 595
283 738
283 780
283 791
283 914
283 942
283 952
283 969
283 974
283 976
284 441
284 493
284 547
284 624
284 711
284 785
284 861
284 872
284 883
284 926
284 935
284 972
284 990
285 341
285 455
285 464
285 511
285 540
285 550
285 673
285 697
285 795
285 845
285 848
285 864
285 876
285 896
286 479
286 570
286 657
286 734
286 743
286 768
286 807
286 833
286 843
286 895
286 900
286 929
286 933
286 934
287 309
287 324
287 611
287 649
287 745
287 806
287 828
287 834
287 841
287 879
287 901
288 301
288 345
288 416
288 458
288 509
288 563
288 685
288 696
288 731
288 746
288 752
288 815
288 915
289 388
289 391
289 402
289 475
289 639
289 691
289 700
289 736
289 741
289 829
290 328
290 346
290 386
290 411
290 467
290 492
290 571
290 634
290 637
290 667
290 796
290 867
290 906
290 916
291 305
291 512
291 666
291 707
291 743
291 759
291 807
291 833
291 843
291 850
291 900
291 934
291 961
291 985
291 999
293 312
293 315
293 403
293 464
293 520
293 562
293 642
293 717
293 769
293 774
293 776
294 333
294 370
294 371
294 394
294 439
294 505
294 559
294 579
294 676
294 710
294 713
294 777
294 969
295 442
295 558
295 622
295 646
295 683
295 797
295 818
295 827
295 871
295 906
295 965
295 993
296 438
296 534
296 545
296 553
296 729
296 783
296 788
296 820
296 887
296 888
296 891
296 915
296 930
296 955
297 377
297 551
297 567
297 584
297 658
297 671
297 705
297 715
297 860
297 910
297 919
299 426
299 449
299 454
299 546
299 560
299 564
299 731
299 751
299 761
299 893
299 919
300 433
300 532
300 549
300 601
300 760
300 789
300 824
300 856
300 857
300 912
300 967
301 345
301 458
301 509
301 556
301 563
301 660
301 685
301 696
301 746
301 752
301 815
301 989
303 378
303 562
303 598
303 744
303 748
303 778
303 805
303 858
303 934
303 950
303 968
303 980
303 989
303 992
303 999
304 335
304 357
304 370
304 394
304 445
304 504
304 559
304 606
304 676
304 710
304 713
304 777
304 778
304 892
305 325
305 374
305 417
305 615
305 752
305 759
305 763
305 807
305 843
305 850
305 917
305 929
305 933
306 382
306 615
306 692
306 756
306 760
306 789
306 856
306 912
306 913
307 336
307 450
307 530
307 562
307 586
307 587
307 642
307 666
307 668
307 690
307 725
307 749
307 840
307 909
308 483
308 548
308 552
308 722
308 764
308 780
308 791
308 828
308 840
308 875
308 928
308 952
308 969
308 976
309 322
309 352
309 425
309 506
309 649
309 828
309 834
309 841
309 901
309 966
310 341
310 492
310 515
310 561
310 645
310 716
310 758
310 817
310 897
310 919
310 947
310 966
310 985
311 319
311 370
311 371
311 439
311 445
311 469
311 504
311 544
311 559
311 606
311 676
311 710
311 713
311 777
312 315
312 403
312 407
312 438
312 464
312 497
312 520
312 562
312 591
312 627
312 688
312 774
312 776
312 834
313 475
313 494
313 507
313 547
313 792
313 844
313 868
313 899
313 913
313 949
313 956
313 967
313 996
314 327
314 338
314 382
314 487
314 550
314 753
314 813
314 836
314 838
314 877
314 890
314 959
314 976
315 348
315 434
315 483
315 498
315 875
315 914
315 928
315 952
315 969
315 974
317 336
317 444
317 450
317 493
317 586
317 587
317 642
317 666
317 668
317 725
317 773
317 840
317 909
318 510
318 593
318 598
318 601
318 636
318 640
318 681
318 699
318 726
318 834
318 955
319 429
319 436
319 457
319 529
319 618
319 629
319 669
319 698
319 803
319 810
319 847
319 921
320 414
320 433
320 460
320 581
320 608
320 662
320 689
320 758
320 817
320 842
320 866
320 876
320 947
320 973
320 991
321 453
321 719
321 787
321 793
321 830
321 863
321 889
321 907
321 908
321 951
321 977
321 997
322 523
322 527
322 611
322 649
322 745
322 806
322 828
322 834
322 841
322 901
322 919
322 948
323 336
323 359
323 429
323 530
323 587
323 642
323 666
323 670
323 690
323 725
323 840
323 909
323 922
323 975
324 465
324 506
324 611
324 649
324 745
324 767
324 806
324 828
324 834
324 841
324 863
324 901
324 934
325 328
325 595
325 770
325 794
325 850
325 895
325 917
325 929
325 934
325 961
326 456
326 510
326 593
326 598
326 628
326 640
326 681
326 699
326 726
326 909
326 920
326 938
327 365
327 476
327 499
327 513
327 652
327 724
327 727
327 784
327 808
327 813
327 877
327 890
327 959
328 411
328 430
328 496
328 571
328 637
328 656
328 706
328 750
328 796
328 867
328 916
328 977
329 495
329 773
329 780
329 786
329 826
329 874
329 893
329 911
329 924
329 938
329 963
329 986
329 994
329 995
330 351
330 366
330 444
330 556
330 558
330 599
330 714
330 729
330 818
330 827
330 875
330 906
330 965
330 993
332 363
332 499
332 619
332 633
332 644
332 761
332 767
332 768
332 816
332 831
332 922
332 932
332 979
332 982
332 984
333 363
333 452
333 619
333 661
333 757
333 835
333 922
333 927
333 966
333 979
333 982
333 984
333 988
334 375
334 523
334 525
334 526
334 641
334 643
334 675
334 728
334 737
334 837
334 846
334 882
335 349
335 467
335 529
335 573
335 629
335 632
335 698
335 810
335 838
335 847
336 359
336 396
336 401
336 415
336 429
336 470
336 619
336 666
336 668
336 690
336 840
336 909
337 466
337 707
337 763
337 794
337 831
337 833
337 843
337 850
337 895
337 917
337 922
337 929
337 933
337 934
338 488
338 513
338 719
338 727
338 808
338 813
338 836
338 866
338 873
338 877
338 892
338 895
338 949
338 959
339 460
339 515
339 550
339 602
339 608
339 842
339 845
339 850
339 866
339 947
339 966
339 973
339 985
339 991
340 345
340 458
340 563
340 685
340 696
340 746
340 752
340 791
340 815
340 864
340 867
341 489
341 662
341 689
341 866
341 877
341 897
341 919
341 985
341 991
342 386
342 404
342 447
342 467
342 506
342 634
342 637
342 656
342 667
342 750
342 796
342 867
342 894
342 916
343 612
343 616
343 644
343 702
343 757
343 768
343 799
343 802
343 807
343 927
343 932
343 979
343 982
343 988
344 386
344 674
344 773
344 825
344 852
344 874
344 894
344 911
344 924
344 938
344 986
344 988
344 994
344 995
345 458
345 509
345 563
345 685
345 696
345 746
345 752
345 803
345 815
345 840
346 430
346 496
346 566
346 576
346 656
346 667
346 796
346 822
346 867
346 916
346 995
347 369
347 508
347 633
347 692
347 717
347 746
347 779
347 844
347 854
347 868
347 899
347 920
347 956
347 967
347 996
348 497
348 518
348 536
348 548
348 595
348 631
348 730
348 791
348 854
348 875
348 928
348 952
348 974
348 976
349 427
349 436
349 529
349 618
349 632
349 669
349 677
349 698
349 803
349 810
349 816
349 847
349 927
350 409
350 507
350 508
350 633
350 723
350 736
350 844
350 854
350 913
350 920
350 956
351 410
351 474
351 526
351 617
351 643
351 675
351 728
351 737
351 837
351 846
351 882
351 890
352 353
352 420
352 465
352 527
352 611
352 806
352 828
352 834
352 841
352 901
352 908
353 368
353 469
353 647
353 658
353 677
353 697
353 743
353 795
353 798
353 845
353 848
353 876
353 887
353 896
353 937
354 388
354 402
354 435
354 457
354 680
354 700
354 720
354 741
354 829
354 935
355 395
355 455
355 463
355 469
355 522
355 658
355 677
355 697
355 798
355 848
355 864
355 876
355 896
355 937
356 403
356 407
356 497
356 519
356 520
356 591
356 717
356 769
356 774
356 776
356 825
356 864
357 371
357 394
357 445
357 504
357 606
357 655
357 676
357 710
357 713
357 777
358 552
358 595
358 780
358 827
358 914
358 928
358 942
358 952
358 969
358 974
358 976
359 429
359 450
359 496
359 527
359 530
359 586
359 642
359 668
359 690
359 725
359 754
359 840
359 909
360 390
360 432
360 532
360 569
360 684
360 693
360 785
360 859
360 861
360 872
360 921
360 926
360 935
360 972
361 415
361 537
361 576
361 622
361 670
361 740
361 757
361 781
361 786
361 814
361 889
361 904
361 907
361 918
362 499
362 547
362 586
362 619
362 644
362 757
362 802
362 816
362 831
362 835
362 915
362 927
362 982
362 984
362 988
363 547
363 768
363 799
363 816
363 903
363 922
363 927
363 932
363 959
363 979
363 982
363 984
363 987
363 988
365 605
365 613
365 652
365 724
365 753
365 808
365 813
365 853
365 873
365 890
365 892
365 926
365 949
365 959
366 442
366 587
366 612
366 683
366 691
366 714
366 797
366 818
366 827
366 871
366 896
366 906
366 965
366 993
367 391
367 481
367 483
367 498
367 518
367 631
367 722
367 780
367 818
367 820
367 875
367 942
367 952
367 974
367 976
368 469
368 540
368 550
368 602
368 647
368 658
368 798
368 845
368 848
368 864
368 876
368 881
368 937
368 993
369 370
369 387
369 418
369 507
369 653
369 723
369 792
369 899
369 913
369 920
369 933
369 937
369 956
369 967
369 996
370 371
370 374
370 394
370 504
370 544
370 579
370 676
370 713
370 777
370 819
371 439
371 504
371 544
371 579
371 606
371 676
371 713
371 777
371 788
371 792
371 868
372 497
372 545
372 618
372 621
372 729
372 734
372 767
372 783
372 788
372 887
372 891
372 915
372 930
372 955
373 469
373 568
373 599
373 613
373 681
373 683
373 691
373 714
373 797
373 818
373 827
373 906
373 965
373 993
374 397
374 446
374 554
374 565
374 620
374 630
374 684
374 772
374 929
374 953
374 960
374 987
375 525
375 565
375 688
375 771
375 881
375 885
375 902
375 934
375 944
375 964
376 430
376 654
376 660
376 704
376 718
376 747
376 784
376 822
376 849
376 879
376 884
376 895
376 945
376 962
376 975
376 982
377 424
377 551
377 567
377 584
377 705
377 715
377 747
377 846
377 860
377 910
377 927
377 952
378 542
378 543
378 615
378 744
378 805
378 809
378 862
378 870
378 950
378 968
378 980
378 989
378 992
378 999
379 417
379 510
379 512
379 807
379 843
379 884
379 895
379 900
379 916
379 929
379 933
379 934
379 961
380 443
380 569
380 616
380 624
380 693
380 711
380 768
380 785
380 805
380 859
380 869
380 926
380 935
380 972
380 990
382 555
382 687
382 724
382 749
382 808
382 813
382 836
382 838
382 853
382 873
382 892
382 949
382 959
384 662
384 689
384 716
384 758
384 817
384 842
384 853
384 897
384 913
384 933
384 947
384 966
384 973
384 985
384 991
385 389
385 488
385 687
385 724
385 727
385 753
385 808
385 813
385 853
385 877
385 890
385 891
385 945
385 949
385 959
386 430
386 496
386 566
386 571
386 656
386 667
386 671
386 750
386 796
386 867
386 916
387 609
387 653
387 792
387 824
387 854
387 899
387 913
387 918
387 920
387 956
387 967
387 996
388 390
388 457
388 504
388 639
388 680
388 732
388 736
388 741
388 829
389 455
389 511
389 522
389 550
389 686
389 697
389 795
389 798
389 845
389 848
389 864
389 876
389 937
390 481
390 498
390 631
390 722
390 730
390 738
390 780
390 875
390 928
390 942
390 952
390 969
390 976
391 402
391 433
391 435
391 639
391 680
391 686
391 700
391 736
391 741
391 828
391 829
391 990
393 396
393 429
393 450
393 470
393 530
393 586
393 642
393 668
393 690
393 715
393 725
393 830
393 840
393 909
393 910
394 439
394 505
394 544
394 559
394 579
394 593
394 606
394 676
394 713
394 777
394 975
395 432
395 449
395 454
395 482
395 485
395 546
395 731
395 751
395 754
395 761
396 432
396 450
396 493
396 642
396 666
396 668
396 671
396 690
396 725
396 840
396 909
397 557
397 600
397 620
397 635
397 684
397 712
397 732
397 772
397 838
397 903
397 960
397 964
397 986
397 987
400 410
400 423
400 474
400 523
400 526
400 543
400 598
400 675
400 727
400 728
400 737
400 837
400 846
400 882
400 912
401 433
401 473
401 532
401 549
401 692
401 760
401 785
401 789
401 824
401 856
401 912
402 435
402 489
402 639
402 680
402 686
402 741
402 829
402 980
403 419
403 438
403 464
403 497
403 562
403 627
403 717
403 769
403 774
403 776
403 924
404 453
404 566
404 571
404 617
404 634
404 637
404 647
404 656
404 667
404 750
404 796
404 867
404 916
406 420
406 447
406 448
406 486
406 552
406 645
406 765
406 853
406 881
406 885
406 902
406 940
406 944
407 412
407 438
407 464
407 497
407 533
407 562
407 586
407 627
407 717
407 760
407 769
408 484
408 684
408 719
408 749
408 751
408 762
408 793
408 812
408 869
408 943
408 948
408 951
408 977
408 994
408 997
409 476
409 487
409 531
409 753
409 813
409 836
409 838
409 853
409 873
409 877
409 890
409 892
409 915
409 938
409 949
410 458
410 543
410 617
410 619
410 628
410 641
410 643
410 728
410 837
410 846
410 882
411 430
411 467
411 496
411 521
411 634
411 667
411 750
411 761
411 867
411 868
411 916
411 973
412 464
412 497
412 519
412 562
412 591
412 627
412 727
412 769
412 774
412 776
412 870
412 876
413 427
413 436
413 529
413 531
413 541
413 629
413 632
413 634
413 669
413 682
413 698
413 810
413 952
414 459
414 532
414 557
414 692
414 756
414 766
414 789
414 824
414 857
414 888
414 912
415 421
415 464
415 521
415 537
415 622
415 670
415 712
415 740
415 781
415 814
415 889
415 904
415 907
415 918
415 951
416 674
416 773
416 825
416 826
416 839
416 863
416 893
416 894
416 911
416 924
416 938
416 963
416 986
416 993
416 994
416 995
417 707
417 745
417 759
417 770
417 794
417 807
417 833
417 843
417 850
417 900
417 917
417 933
417 961
418 419
418 507
418 645
418 854
418 868
418 899
418 913
418 920
418 956
418 967
418 996
419 426
419 623
419 654
419 704
419 718
419 747
419 765
419 784
419 822
419 879
419 884
419 945
419 962
419 975
420 448
420 525
420 624
420 655
420 688
420 771
420 885
420 940
420 944
420 953
421 523
421 537
421 540
421 622
421 670
421 712
421 740
421 761
421 781
421 814
421 889
421 904
421 907
421 918
422 528
422 786
422 825
422 838
422 839
422 874
422 893
422 894
422 911
422 924
422 938
422 963
422 986
422 994
422 995
423 474
423 523
423 617
423 641
423 675
423 688
423 728
423 737
423 837
423 846
423 882
423 883
423 982
424 505
424 551
424 567
424 584
424 705
424 715
424 760
424 814
424 860
424 910
424 965
425 451
425 466
425 534
425 729
425 734
425 767
425 788
425 792
425 819
425 820
425 887
425 888
425 915
425 930
425 955
426 445
426 454
426 482
426 560
426 592
426 731
426 751
426 754
426 761
426 837
426 847
427 541
427 572
427 573
427 604
427 629
427 632
427 669
427 682
427 698
427 803
427 810
427 847
427 900
429 450
429 470
429 506
429 666
429 668
429 690
429 725
429 840
429 909
429 967
430 459
430 496
430 571
430 634
430 637
430 750
430 796
430 867
430 916
430 984
431 437
431 489
431 561
431 581
431 582
431 602
431 614
431 630
431 842
431 864
431 866
431 919
431 947
431 966
431 969
431 973
431 991
432 449
432 485
432 560
432 564
432 592
432 731
432 751
432 754
432 761
433 532
433 549
433 730
433 756
433 760
433 766
433 856
433 857
433 912
433 992
434 436
434 439
434 548
434 552
434 698
434 764
434 791
434 875
434 914
434 952
434 969
434 974
434 976
435 680
435 686
435 700
435 736
435 741
435 800
435 829
435 904
435 982
436 529
436 541
436 604
436 629
436 682
436 698
436 742
436 803
436 810
436 847
436 911
437 489
437 561
437 581
437 582
437 608
437 632
437 758
437 842
437 897
437 917
437 947
437 966
437 973
437 985
437 991
438 465
438 497
438 519
438 520
438 562
438 591
438 627
438 706
438 717
438 769
438 774
438 776
439 504
439 544
439 559
439 579
439 606
439 676
439 710
439 713
439 777
439 812
439 920
441 624
441 693
441 701
441 706
441 770
441 859
441 861
441 883
441 926
441 935
441 952
441 972
441 990
442 444
442 613
442 646
442 691
442 756
442 797
442 818
442 827
442 871
442 906
442 965
442 967
442 993
443 500
443 536
443 569
443 610
443 624
443 678
443 706
443 859
443 861
443 872
443 883
443 921
443 926
443 972
443 990
444 558
444 568
444 691
444 827
444 871
444 916
444 940
444 965
444 993
445 504
445 544
445 559
445 579
445 606
445 661
445 676
445 710
445 713
445 777
445 949
446 517
446 557
446 620
446 630
446 635
446 684
446 703
446 903
446 953
446 960
446 987
447 486
447 491
447 500
447 630
447 655
447 736
447 771
447 885
447 902
447 944
448 500
448 645
448 655
448 739
448 771
448 881
448 885
448 902
448 940
448 944
448 961
448 996
449 454
449 546
449 592
449 731
449 751
449 754
449 761
449 839
450 587
450 600
450 620
450 642
450 666
450 840
450 909
450 913
451 475
451 555
451 621
451 623
451 671
451 673
451 729
451 819
451 820
451 887
451 888
451 891
451 915
451 930
451 955
452 657
452 743
452 759
452 770
452 794
452 807
452 825
452 850
452 895
452 917
452 933
452 934
452 961
453 749
453 787
453 812
453 830
453 863
453 869
453 908
453 943
453 948
453 951
453 969
453 997
454 458
454 485
454 546
454 560
454 564
454 715
454 731
454 751
454 754
454 761
454 857
455 469
455 482
455 550
455 647
455 658
455 697
455 795
455 819
455 845
455 876
455 884
455 896
455 937
456 593
456 598
456 601
456 628
456 636
456 640
456 681
456 699
456 726
456 797
456 830
456 968
457 513
457 680
457 686
457 700
457 736
457 741
457 829
457 933
458 498
458 509
458 563
458 685
458 696
458 746
458 752
458 815
459 473
459 532
459 544
459 564
459 756
459 760
459 766
459 824
459 856
459 912
460 539
460 561
460 582
460 602
460 604
460 662
460 817
460 829
460 866
460 897
460 966
460 973
460 985
460 991
461 462
461 505
461 567
461 584
461 652
461 705
461 715
461 752
461 860
461 910
461 990
462 621
462 623
462 658
462 671
462 729
462 736
462 783
462 819
462 888
462 891
462 915
462 930
462 955
463 521
463 552
463 576
463 622
463 670
463 712
463 724
463 740
463 781
463 814
463 889
463 904
463 907
463 918
464 513
464 519
464 562
464 627
464 717
464 769
464 774
464 776
465 466
465 527
465 533
465 649
465 745
465 828
465 834
465 841
465 901
465 993
466 499
466 657
466 707
466 763
466 770
466 794
466 833
466 850
466 895
466 900
466 929
466 961
467 566
467 571
467 634
467 656
467 748
467 750
467 796
467 839
467 867
467 916
467 973
468 502
468 554
468 557
468 600
468 620
468 630
468 684
468 725
468 737
468 772
468 903
468 904
468 953
468 960
468 964
468 987
469 647
469 654
469 795
469 798
469 845
469 848
469 864
469 896
469 937
469 996
470 586
470 587
470 642
470 666
470 668
470 690
470 702
470 725
470 840
470 879
470 909
470 940
471 574
471 612
471 744
471 805
471 858
471 870
471 896
471 917
471 950
471 968
471 974
471 980
471 986
471 989
471 992
471 999
472 674
472 786
472 839
472 852
472 874
472 893
472 894
472 924
472 938
472 963
472 986
472 994
472 995
473 532
473 549
473 615
473 692
473 756
473 762
473 789
473 824
473 856
473 857
473 912
473 975
474 523
474 526
474 604
474 641
474 675
474 710
474 737
474 837
474 846
474 882
474 979
474 994
475 696
475 723
475 743
475 779
475 844
475 854
475 913
475 920
475 956
475 967
475 996
476 513
476 572
476 605
476 617
476 652
476 668
476 687
476 724
476 727
476 753
476 836
476 838
476 873
476 892
476 949
479 624
479 759
479 763
479 794
479 833
479 843
479 850
479 896
479 900
479 903
479 917
479 929
479 933
479 961
481 518
481 578
481 579
481 595
481 651
481 722
481 730
481 738
481 928
481 950
481 952
481 969
481 974
481 976
481 984
482 485
482 560
482 564
482 592
482 626
482 677
482 682
482 731
482 751
482 754
482 761
483 519
483 563
483 631
483 722
483 738
483 764
483 777
483 780
483 808
483 875
483 914
483 928
483 942
483 976
484 564
484 610
484 658
484 739
484 793
484 812
484 863
484 869
484 908
484 943
484 948
484 951
484 977
484 997
485 546
485 560
485 564
485 592
485 619
485 689
485 731
485 751
485 754
485 761
485 772
485 787
486 500
486 565
486 589
486 645
486 655
486 688
486 771
486 837
486 842
486 881
486 885
486 902
486 944
487 531
487 605
487 641
487 652
487 813
487 836
487 838
487 853
487 873
487 890
487 892
487 949
487 959
488 489
488 531
488 566
488 605
488 606
488 687
488 727
488 741
488 836
488 853
488 877
488 949
488 959
489 561
489 580
489 712
489 716
489 758
489 866
489 897
489 919
489 966
489 973
489 991
491 512
491 542
491 553
491 565
491 631
491 655
491 688
491 771
491 881
491 885
491 902
491 940
492 494
492 507
492 633
492 723
492 724
492 779
492 792
492 846
492 854
492 868
492 899
492 913
492 920
492 967
492 996
493 530
493 586
493 587
493 642
493 666
493 668
493 690
493 725
493 727
493 840
493 883
493 909
494 508
494 644
494 653
494 669
494 723
494 726
494 779
494 785
494 792
494 844
494 854
494 899
494 913
494 967
495 553
495 565
495 645
495 655
495 688
495 771
495 885
495 902
495 940
495 944
495 982
496 566
496 637
496 656
496 750
496 796
496 830
496 863
496 867
496 916
497 520
497 591
497 627
497 717
497 769
497 770
497 774
497 776
497 779
498 552
498 595
498 651
498 722
498 730
498 764
498 786
498 820
498 875
498 914
498 969
498 974
498 976
499 757
499 799
499 802
499 816
499 818
499 831
499 835
499 922
499 927
499 943
499 979
499 982
499 984
499 988
500 553
500 771
500 867
500 881
500 902
500 940
500 944
500 961
502 554
502 597
502 635
502 684
502 713
502 732
502 772
502 903
502 950
502 953
502 960
502 964
502 987
502 988
504 517
504 544
504 559
504 579
504 710
504 713
504 752
504 777
505 551
505 584
505 705
505 860
505 908
505 910
505 953
506 527
506 533
506 585
506 611
506 745
506 806
506 828
506 841
506 901
507 609
507 727
507 779
507 854
507 868
507 913
507 920
507 933
507 964
507 967
508 633
508 653
508 713
508 779
508 792
508 802
508 868
508 899
508 913
508 920
508 956
508 988
508 996
509 563
509 685
509 690
509 696
509 704
509 746
509 752
509 815
510 574
510 593
510 598
510 628
510 636
510 640
510 681
510 699
510 726
510 749
511 540
511 584
511 658
511 676
511 677
511 697
511 798
511 845
511 848
511 864
511 896
511 927
511 937
511 938
512 759
512 770
512 771
512 794
512 850
512 895
512 900
512 933
512 934
512 951
512 961
513 527
513 568
513 572
513 605
513 687
513 724
513 836
513 838
513 853
513 873
513 890
513 949
513 959
515 580
515 585
515 608
515 614
515 689
515 758
515 822
515 866
515 897
515 919
515 947
515 966
515 973
515 985
516 542
516 654
516 660
516 704
516 734
516 747
516 765
516 798
516 816
516 822
516 849
516 859
516 879
516 884
516 945
516 962
516 975
517 554
517 557
517 600
517 620
517 635
517 639
517 684
517 903
517 945
517 953
517 960
517 964
517 987
518 522
518 548
518 578
518 730
518 738
518 764
518 791
518 845
518 887
518 928
518 942
518 969
519 551
519 562
519 591
519 717
519 769
519 774
519 776
519 856
519 969
520 573
520 591
520 627
520 769
520 774
520 776
520 783
521 576
521 622
521 712
521 740
521 781
521 814
521 889
521 904
521 907
521 918
521 991
522 647
522 658
522 677
522 697
522 795
522 798
522 845
522 864
522 876
522 896
522 908
522 937
522 980
523 526
523 543
523 617
523 641
523 643
523 675
523 737
523 837
523 846
523 882
523 940
525 553
525 565
525 655
525 740
525 771
525 881
525 885
525 902
525 940
525 944
526 617
526 643
526 675
526 728
526 737
526 772
526 837
526 846
526 882
526 903
526 947
527 611
527 699
527 745
527 806
527 828
527 834
527 841
527 901
527 942
528 584
528 641
528 737
528 773
528 825
528 826
528 839
528 852
528 874
528 893
528 907
528 911
528 924
528 938
528 963
528 986
528 994
528 995
529 573
529 604
529 629
529 632
529 669
529 682
529 777
529 803
529 810
529 847
529 857
530 582
530 586
530 587
530 642
530 666
530 668
530 690
530 840
530 909
530 945
531 592
531 652
531 724
531 808
531 813
531 819
531 838
531 873
531 877
531 890
531 892
531 926
531 949
531 959
532 536
532 549
532 615
532 760
532 766
532 789
532 824
532 856
532 857
532 914
532 927
533 611
533 649
533 745
533 806
533 828
533 834
533 841
533 901
533 972
533 992
534 545
534 671
534 673
534 683
534 685
534 734
534 767
534 887
534 888
534 891
534 915
534 930
534 955
534 992
536 585
536 589
536 616
536 678
536 701
536 774
536 785
536 861
536 872
536 883
536 926
536 935
536 968
536 972
536 990
537 576
537 593
537 622
537 670
537 740
537 776
537 814
537 889
537 904
537 907
537 918
537 962
538 585
538 589
538 678
538 693
538 706
538 711
538 768
538 859
538 861
538 872
538 877
538 883
538 935
538 972
538 990
539 558
539 581
539 608
539 614
539 716
539 791
539 842
539 859
539 866
539 897
539 919
539 966
539 973
539 985
539 991
540 647
540 670
540 697
540 701
540 798
540 845
540 848
540 864
540 876
540 896
540 937
541 604
541 618
541 629
541 631
541 669
541 698
541 787
541 798
541 803
541 810
541 847
542 570
542 613
542 626
542 718
542 747
542 765
542 784
542 849
542 879
542 884
542 945
542 962
542 964
542 975
543 617
543 641
543 643
543 675
543 728
543 737
543 837
543 842
543 846
543 882
543 932
544 559
544 579
544 649
544 676
544 710
544 713
544 732
544 777
544 962
545 621
545 623
545 671
545 734
545 767
545 783
545 788
545 819
545 827
545 887
545 891
545 915
545 930
545 955
546 564
546 592
546 593
546 731
546 751
546 754
546 761
546 829
546 830
546 943
547 572
547 644
547 757
547 768
547 802
547 831
547 835
547 922
547 927
547 932
547 969
547 979
547 982
547 988
548 551
548 578
548 631
548 705
548 764
548 854
548 875
548 882
548 928
548 942
548 969
548 974
549 568
549 615
549 701
549 760
549 856
549 857
549 858
549 912
549 918
550 647
550 658
550 677
550 795
550 798
550 845
550 848
550 876
550 896
550 906
550 937
551 567
551 584
551 705
551 715
551 860
551 906
551 910
552 578
552 631
552 651
552 780
552 792
552 914
552 921
552 942
552 974
552 976
553 554
553 688
553 771
553 795
553 881
553 902
553 940
553 944
553 994
554 588
554 597
554 600
554 630
554 635
554 684
554 696
554 903
554 953
554 960
554 964
554 987
555 626
555 660
555 703
555 704
555 718
555 747
555 765
555 784
555 849
555 879
555 908
555 945
555 962
555 975
555 979
556 568
556 599
556 714
556 728
556 744
556 797
556 818
556 827
556 871
556 951
556 965
556 993
557 597
557 620
557 732
557 772
557 808
557 903
557 953
557 962
557 964
557 987
558 568
558 599
558 613
558 683
558 691
558 714
558 744
558 797
558 818
558 860
558 871
558 965
558 993
559 579
559 606
559 662
559 676
559 703
559 710
559 713
559 771
559 777
560 564
560 569
560 592
560 639
560 689
560 731
560 751
560 754
560 761
561 580
561 609
561 716
561 817
561 842
561 866
561 873
561 919
561 947
561 966
561 972
561 973
561 985
561 991
562 627
562 717
562 769
562 774
562 776
562 798
562 835
563 685
563 696
563 698
563 746
563 752
563 815
563 956
564 592
564 731
564 751
564 754
565 569
565 610
565 645
565 655
565 771
565 881
565 902
565 940
565 944
565 955
566 634
566 637
566 656
566 667
566 796
566 861
566 867
566 891
566 916
567 705
567 715
567 736
567 762
567 860
567 910
568 683
568 691
568 797
568 827
568 871
568 906
568 965
568 980
568 993
569 585
569 589
569 616
569 676
569 678
569 785
569 859
569 861
569 883
569 921
569 926
569 935
569 972
569 990
570 626
570 660
570 703
570 704
570 718
570 743
570 747
570 765
570 822
570 849
570 859
570 879
570 884
570 945
570 962
570 975
571 637
571 656
571 681
571 750
571 769
571 795
571 796
571 867
571 890
571 916
572 605
572 612
572 687
572 724
572 727
572 808
572 838
572 853
572 873
572 890
572 892
572 959
573 604
573 618
573 629
573 632
573 669
573 698
573 803
573 807
573 810
573 847
573 950
574 612
574 700
574 721
574 742
574 744
574 778
574 835
574 858
574 862
574 870
574 914
574 950
574 968
574 980
574 989
574 992
574 999
576 622
576 670
576 732
576 740
576 781
576 814
576 889
576 904
576 907
576 918
576 947
576 996
578 579
578 712
578 730
578 738
578 791
578 809
578 875
578 892
578 942
578 969
578 974
578 976
579 606
579 710
579 713
579 750
579 777
579 879
580 582
580 608
580 628
580 662
580 689
580 810
580 842
580 866
580 870
580 918
580 919
580 947
580 966
580 973
580 985
580 991
581 582
581 662
581 678
581 689
581 716
581 750
581 758
581 817
581 842
581 866
581 947
581 966
582 662
582 716
582 738
582 919
582 947
582 966
582 973
582 985
582 991
584 705
584 715
584 860
584 910
584 987
585 616
585 624
585 693
585 711
585 785
585 857
585 861
585 866
585 921
585 926
585 935
585 972
585 990
586 587
586 644
586 666
586 668
586 690
586 718
586 725
586 840
586 909
587 642
587 649
587 668
587 690
587 698
587 725
587 840
587 909
588 720
588 742
588 744
588 748
588 778
588 800
588 805
588 858
588 862
588 870
588 904
588 924
588 950
588 980
588 989
588 992
588 999
589 591
589 616
589 645
589 678
589 693
589 701
589 785
589 872
589 883
589 885
589 921
589 926
589 935
589 972
589 990
591 627
591 712
591 717
591 769
591 774
591 776
591 930
592 751
592 754
592 761
592 826
593 601
593 628
593 636
593 681
593 699
593 726
595 683
595 738
595 754
595 764
595 780
595 791
595 914
595 928
595 942
595 974
595 976
597 626
597 630
597 635
597 673
597 684
597 727
597 732
597 772
597 817
597 903
597 953
597 960
597 964
597 987
598 601
598 628
598 636
598 640
598 681
598 699
598 726
598 995
599 616
599 646
599 683
599 691
599 707
599 714
599 786
599 797
599 818
599 827
599 871
599 906
599 942
599 965
599 993
600 620
600 630
600 635
600 637
600 675
600 684
600 772
600 903
600 953
600 960
600 964
600 987
601 614
601 628
601 636
601 640
601 681
601 699
601 726
601 889
602 758
602 770
602 774
602 817
602 835
602 842
602 866
602 897
602 919
602 947
602 966
602 973
602 985
602 991
604 618
604 629
604 632
604 669
604 682
604 726
604 803
604 810
604 847
604 974
605 652
605 716
605 719
605 727
605 746
605 753
605 771
605 873
605 877
605 890
605 892
605 949
605 959
605 997
606 615
606 676
606 710
606 737
606 777
606 795
608 614
608 702
608 709
608 817
608 842
608 866
608 947
608 973
608 985
608 991
609 691
609 753
609 779
609 792
609 844
609 868
609 901
609 913
609 920
609 956
609 960
609 967
609 996
610 611
610 749
610 762
610 787
610 793
610 812
610 830
610 863
610 908
610 943
610 948
610 951
610 977
610 997
611 649
611 656
611 745
611 806
611 819
611 841
611 901
611 991
612 720
612 721
612 742
612 744
612 748
612 800
612 805
612 854
612 862
612 950
612 968
612 980
612 989
612 992
612 999
613 646
613 683
613 691
613 714
613 797
613 818
613 827
613 906
613 927
613 965
613 993
614 662
614 689
614 740
614 758
614 776
614 796
614 817
614 842
614 866
614 919
614 947
614 951
614 966
614 973
614 991
615 685
615 692
615 756
615 760
615 766
615 789
615 824
615 856
615 912
615 922
616 624
616 678
616 693
616 701
616 706
616 813
616 859
616 861
616 872
616 883
616 921
616 926
616 990
617 641
617 643
617 675
617 728
617 737
617 837
617 846
617 882
617 968
618 629
618 632
618 669
618 682
618 698
618 752
618 847
619 661
619 757
619 799
619 802
619 816
619 831
619 932
619 979
619 982
619 984
620 630
620 635
620 749
620 772
620 787
620 903
620 953
620 960
620 964
620 987
621 623
621 671
621 673
621 711
621 729
621 783
621 796
621 819
621 820
621 843
621 887
621 888
621 891
621 915
621 955
622 712
622 729
622 740
622 781
622 784
622 852
622 889
622 904
622 907
622 918
623 673
623 729
623 767
623 783
623 788
623 819
623 820
623 841
623 887
623 891
623 930
623 955
623 977
624 693
624 785
624 789
624 852
624 859
624 861
624 872
624 883
624 904
624 921
624 926
624 990
626 703
626 704
626 721
626 747
626 784
626 849
626 879
626 884
626 945
626 962
626 966
626 975
626 997
627 717
627 769
627 774
627 776
627 806
627 877
628 636
628 640
628 681
628 699
628 726
628 799
628 914
629 682
629 789
629 803
629 810
629 847
629 849
629 912
629 991
630 635
630 684
630 732
630 903
630 959
630 960
630 964
630 987
631 722
631 730
631 914
631 928
631 942
631 952
631 969
631 972
631 974
632 636
632 682
632 747
632 767
632 803
632 810
632 847
633 653
633 734
633 779
633 844
633 854
633 868
633 899
633 913
633 920
633 960
633 967
633 996
634 637
634 656
634 667
634 674
634 867
634 916
635 732
635 894
635 903
635 953
635 960
635 964
635 984
635 987
636 640
636 661
636 670
636 681
636 699
636 726
636 793
637 667
637 750
637 796
637 867
637 916
637 948
637 966
639 640
639 686
639 700
639 736
639 741
639 829
639 889
639 926
640 681
640 699
640 726
640 745
640 875
640 911
641 643
641 675
641 728
641 737
641 781
641 837
641 846
641 882
641 945
642 668
642 690
642 725
642 794
642 840
642 856
642 879
642 909
642 963
643 646
643 675
643 707
643 728
643 737
643 750
643 774
643 837
643 846
643 882
644 661
644 702
644 768
644 799
644 802
644 816
644 835
644 927
644 932
644 973
644 979
644 982
644 984
644 988
645 655
645 688
645 771
645 783
645 885
645 902
645 940
645 944
646 683
646 691
646 712
646 714
646 795
646 797
646 818
646 827
646 871
646 906
646 929
646 965
646 993
647 658
647 677
647 697
647 702
647 705
647 795
647 845
647 848
647 864
647 876
647 896
647 937
649 730
649 745
649 806
649 834
649 841
649 883
649 901
651 722
651 730
651 731
651 738
651 769
651 780
651 849
651 875
651 928
651 942
651 952
651 969
651 974
651 976
652 653
652 687
652 753
652 808
652 813
652 836
652 838
652 846
652 873
652 877
652 890
652 949
652 959
653 723
653 779
653 792
653 826
653 844
653 868
653 875
653 913
653 920
653 956
653 967
653 985
653 996
654 660
654 676
654 703
654 704
654 718
654 765
654 784
654 803
654 822
654 837
654 849
654 879
654 884
654 907
654 945
654 962
654 975
655 881
655 885
655 902
655 932
655 940
655 953
656 667
656 750
656 766
656 796
656 867
656 916
656 987
657 759
657 770
657 794
657 807
657 833
657 850
657 884
657 895
657 900
657 917
657 928
657 929
657 933
657 934
657 953
657 961
657 988
658 677
658 680
658 697
658 798
658 845
658 848
658 864
658 869
658 876
658 896
658 937
660 668
660 703
660 718
660 747
660 765
660 784
660 822
660 879
660 884
660 894
660 945
660 962
660 975
660 976
661 757
661 772
661 799
661 802
661 816
661 831
661 835
661 922
661 932
661 942
661 979
661 982
661 984
661 988
662 692
662 739
662 824
662 842
662 919
662 947
662 966
662 973
662 985
662 991
666 668
666 683
666 690
666 725
666 840
666 847
666 909
666 990
667 750
667 796
667 808
667 867
667 916
667 959
667 976
667 993
668 725
668 834
668 840
668 843
668 909
669 682
669 710
669 751
669 803
669 810
669 847
670 712
670 740
670 769
670 781
670 814
670 889
670 904
670 907
670 918
671 673
671 729
671 734
671 767
671 783
671 819
671 820
671 888
671 901
671 915
671 930
671 955
673 729
673 734
673 767
673 783
673 788
673 819
673 820
673 849
673 888
673 891
673 915
673 930
673 955
674 751
674 773
674 786
674 825
674 826
674 852
674 864
674 874
674 893
674 894
674 911
674 924
674 938
674 963
674 986
674 994
674 995
675 728
675 737
675 747
675 837
675 846
675 882
675 935
675 990
676 710
676 713
676 777
676 835
677 707
677 795
677 798
677 813
677 845
677 864
677 876
677 896
677 937
678 693
678 701
678 706
678 711
678 859
678 872
678 883
678 897
678 921
678 924
678 926
678 935
678 972
678 990
680 686
680 700
680 736
680 741
680 779
680 829
680 920
680 948
681 699
681 723
681 726
681 774
682 698
682 803
682 810
682 845
682 847
683 714
683 762
683 797
683 818
683 827
683 871
683 906
683 965
683 980
683 993
684 732
684 743
684 953
684 960
684 964
684 987
685 686
685 696
685 746
685 752
685 815
685 876
686 736
686 741
686 829
686 836
686 887
686 895
687 703
687 724
687 753
687 797
687 813
687 836
687 838
687 853
687 877
687 890
687 917
687 949
687 959
688 718
688 881
688 885
688 902
688 903
688 944
689 758
689 785
689 796
689 817
689 897
689 947
689 966
689 973
689 991
690 725
690 744
690 840
690 909
690 922
690 945
691 698
691 714
691 818
691 827
691 888
691 906
691 938
691 965
691 993
692 700
692 760
692 766
692 789
692 824
692 841
692 856
692 857
692 912
692 991
693 701
693 711
693 739
693 742
693 848
693 859
693 921
693 926
693 935
693 965
693 972
693 990
696 746
696 752
696 815
696 840
696 930
696 972
697 699
697 704
697 795
697 845
697 848
697 864
697 876
697 896
697 937
698 803
698 810
698 847
699 726
699 960
699 992
700 736
700 741
700 829
701 706
701 711
701 767
701 859
701 861
701 872
701 883
701 921
701 926
701 935
701 972
701 990
702 757
702 799
702 816
702 831
702 835
702 922
702 927
702 932
702 979
702 982
702 984
702 988
703 718
703 747
703 765
703 784
703 822
703 849
703 879
703 884
703 945
703 962
703 975
704 747
704 765
704 784
704 794
704 822
704 849
704 884
704 917
704 945
704 962
704 975
705 715
705 759
705 860
705 910
705 963
706 711
706 742
706 785
706 861
706 872
706 883
706 921
706 926
706 935
706 949
706 972
706 990
707 743
707 759
707 794
707 833
707 850
707 895
707 900
707 917
707 929
707 933
707 961
707 962
709 739
709 748
709 773
709 786
709 826
709 839
709 848
709 852
709 874
709 893
709 894
709 911
709 938
709 963
709 975
709 986
709 994
709 995
710 713
710 777
710 899
710 934
710 959
711 763
711 785
711 850
711 859
711 861
711 872
711 883
711 921
711 926
711 932
711 935
711 972
711 990
712 740
712 781
712 814
712 889
712 904
712 907
712 918
713 777
713 842
713 874
714 797
714 818
714 871
714 896
714 906
714 940
714 965
714 987
714 993
715 781
715 860
715 861
715 906
715 910
716 842
716 897
716 919
716 935
716 947
716 955
716 973
716 979
716 985
716 991
717 769
717 774
717 776
717 810
717 842
717 856
718 719
718 729
718 747
718 784
718 822
718 849
718 884
718 945
718 962
718 975
719 723
719 739
719 787
719 793
719 812
719 830
719 863
719 869
719 906
719 908
719 943
719 977
719 997
720 721
720 742
720 748
720 773
720 778
720 800
720 805
720 809
720 858
720 862
720 950
720 968
720 980
720 989
720 992
720 999
721 742
721 748
721 800
721 805
721 809
721 820
721 858
721 870
721 968
721 980
721 986
721 989
721 992
721 999
722 763
722 764
722 780
722 789
722 862
722 875
722 914
722 920
722 928
722 942
722 952
722 969
722 974
722 976
723 779
723 792
723 831
723 844
723 854
723 868
723 883
723 899
723 913
723 920
723 956
723 967
723 996
724 753
724 808
724 813
724 838
724 873
724 874
724 877
724 892
724 949
724 959
725 731
725 766
725 793
725 840
725 909
725 977
726 730
727 808
727 836
727 838
727 853
727 873
727 877
727 890
727 892
727 949
727 959
728 737
728 837
728 846
728 882
728 909
729 767
729 783
729 788
729 794
729 819
729 820
729 891
729 915
729 930
729 933
729 955
730 757
730 791
730 875
730 914
730 942
730 952
730 974
730 976
730 980
731 751
731 754
731 761
731 916
732 772
732 903
732 953
732 960
732 964
732 987
734 767
734 783
734 788
734 819
734 887
734 888
734 891
734 915
734 930
734 955
734 959
736 741
736 829
736 982
737 837
737 846
737 882
737 965
738 764
738 780
738 791
738 888
738 900
738 928
738 942
738 952
738 969
738 976
739 749
739 762
739 793
739 812
739 826
739 830
739 863
739 869
739 908
739 943
739 948
739 951
739 977
739 997
740 781
740 814
740 819
740 828
740 889
740 904
740 907
740 918
741 829
741 926
741 989
741 993
742 745
742 778
742 800
742 805
742 809
742 858
742 862
742 870
742 914
742 950
742 968
742 980
742 989
742 992
742 999
743 759
743 763
743 770
743 833
743 843
743 850
743 895
743 900
743 917
743 929
743 933
743 934
743 961
744 767
744 778
744 800
744 858
744 862
744 870
744 915
744 950
744 968
744 980
744 989
744 999
745 774
745 806
745 828
745 834
745 841
745 901
746 752
746 781
746 786
746 797
746 815
747 765
747 784
747 849
747 879
747 884
747 917
747 943
747 945
747 962
747 975
748 778
748 800
748 805
748 809
748 858
748 870
748 887
748 950
748 967
748 968
748 980
748 989
748 992
748 999
749 762
749 787
749 812
749 830
749 863
749 869
749 908
749 943
749 948
749 951
749 977
749 997
750 867
750 916
750 984
751 754
751 761
751 800
751 989
752 815
752 966
753 773
753 808
753 836
753 842
753 853
753 856
753 873
753 890
753 892
753 949
753 959
754 761
754 975
754 997
756 757
756 760
756 766
756 824
756 856
756 857
756 871
756 890
756 912
756 994
757 799
757 802
757 816
757 827
757 831
757 835
757 922
757 979
757 982
757 984
758 866
758 897
758 919
758 947
758 966
758 985
758 992
758 995
759 769
759 807
759 833
759 850
759 895
759 900
759 909
759 929
759 933
759 961
760 766
760 789
760 856
760 857
760 999
761 952
762 787
762 793
762 830
762 869
762 908
762 943
762 948
762 951
762 977
762 979
762 997
763 770
763 807
763 833
763 843
763 850
763 894
763 900
763 917
763 929
763 933
763 934
763 961
763 999
764 780
764 791
764 887
764 914
764 928
764 942
764 952
764 969
764 976
765 784
765 822
765 849
765 879
765 881
765 945
765 956
765 962
765 968
765 975
766 778
766 789
766 824
766 856
766 857
766 912
766 974
767 783
767 788
767 819
767 820
767 887
767 888
767 891
767 915
767 930
767 955
768 783
768 788
768 799
768 802
768 831
768 835
768 900
768 927
768 932
768 979
768 982
768 984
768 988
769 774
769 940
770 794
770 833
770 850
770 895
770 900
770 904
770 917
770 933
770 934
770 961
771 845
771 848
771 881
771 885
771 902
771 940
771 944
772 779
772 903
772 953
772 960
772 964
772 987
773 786
773 791
773 825
773 839
773 852
773 874
773 893
773 894
773 911
773 938
773 956
773 963
773 986
773 994
773 995
774 776
776 787
777 831
777 927
778 800
778 805
778 809
778 856
778 858
778 862
778 870
778 950
778 968
778 980
778 989
778 992
778 999
779 844
779 854
779 899
779 913
779 956
779 977
779 979
779 996
780 791
780 914
780 942
780 952
780 965
780 969
780 976
780 988
780 993
781 814
781 889
781 904
781 907
781 918
781 935
781 949
783 788
783 798
783 808
783 820
783 887
783 888
783 891
783 915
783 930
783 955
784 822
784 841
784 849
784 879
784 884
784 945
784 962
784 975
785 859
785 861
785 872
785 883
785 885
785 902
785 921
785 935
785 972
785 990
786 825
786 826
786 839
786 852
786 874
786 894
786 911
786 924
786 938
786 963
786 986
786 994
786 995
787 812
787 830
787 863
787 869
787 908
787 951
787 977
787 997
788 819
788 820
788 887
788 888
788 891
788 915
788 930
788 949
788 955
789 825
789 856
789 857
789 872
789 912
789 930
791 829
791 875
791 914
791 928
791 952
791 974
791 976
792 844
792 868
792 892
792 899
792 913
792 920
792 938
792 956
792 967
793 812
793 863
793 869
793 875
793 908
793 932
793 943
793 948
793 951
793 977
793 997
794 807
794 817
794 822
794 843
794 850
794 895
794 917
794 929
794 934
794 961
795 798
795 848
795 864
795 896
795 937
796 799
796 825
796 852
796 867
796 916
797 807
797 818
797 827
797 871
797 952
797 965
797 993
798 812
798 828
798 848
798 864
798 876
798 896
798 937
799 805
799 831
799 835
799 922
799 927
799 932
799 979
799 982
799 984
799 988
800 805
800 809
800 813
800 862
800 870
800 950
800 953
800 980
800 989
800 992
800 999
802 835
802 843
802 922
802 927
802 932
802 974
802 977
802 979
802 982
802 984
802 988
803 809
803 810
803 847
803 955
803 960
805 809
805 847
805 858
805 870
805 921
805 950
805 968
805 980
805 989
805 992
805 999
806 812
806 813
806 828
806 834
806 841
806 870
806 901
807 833
807 843
807 895
807 900
807 917
807 929
807 933
807 934
807 945
807 961
808 813
808 836
808 838
808 853
808 860
808 873
808 949
808 959
809 862
809 870
809 950
809 962
809 968
809 980
809 989
809 992
809 997
809 999
810 847
812 830
812 863
812 869
812 908
812 943
812 948
812 951
812 960
812 977
812 997
813 836
813 853
813 873
813 877
813 890
813 892
813 959
814 877
814 889
814 904
814 907
814 918
814 968
814 996
815 816
815 860
815 951
816 922
816 927
816 932
816 966
816 979
816 982
816 984
816 988
817 842
817 846
817 853
817 866
817 874
817 897
817 901
817 919
817 947
817 966
817 973
817 985
817 991
818 822
818 827
818 870
818 871
818 906
818 965
818 974
818 993
818 996
819 820
819 887
819 888
819 891
819 915
819 930
819 955
820 887
820 888
820 891
820 915
820 930
820 942
820 950
820 955
822 849
822 858
822 879
822 884
822 945
822 962
822 975
824 826
824 857
824 912
824 919
824 968
824 973
825 826
825 839
825 852
825 874
825 893
825 911
825 918
825 924
825 938
825 963
825 986
825 994
825 995
826 839
826 852
826 874
826 894
826 911
826 924
826 938
826 963
826 986
826 994
826 995
827 871
827 906
827 965
827 993
828 834
828 841
828 875
828 901
829 835
829 874
830 863
830 869
830 908
830 943
830 948
830 951
830 977
830 997
831 922
831 927
831 932
831 979
831 980
831 982
831 984
831 988
833 843
833 895
833 900
833 913
833 929
833 933
833 934
833 942
833 955
833 986
833 992
834 841
834 901
835 922
835 927
835 943
835 979
835 982
835 984
835 988
836 838
836 840
836 846
836 853
836 873
836 877
836 890
836 917
836 949
837 845
837 846
837 882
837 966
837 994
838 853
838 873
838 877
838 890
838 892
838 949
838 959
838 974
838 999
839 844
839 852
839 874
839 893
839 894
839 911
839 924
839 938
839 945
839 963
839 986
839 994
839 995
840 909
841 848
841 901
842 866
842 897
842 919
842 933
842 947
842 973
842 985
843 867
843 895
843 897
843 900
843 917
843 929
843 933
843 934
843 961
844 849
844 854
844 896
844 899
844 920
844 956
844 967
844 979
844 996
844 997
845 848
845 864
845 876
845 896
845 937
846 882
847 853
848 849
848 864
848 875
848 876
848 896
848 937
849 879
849 884
849 945
849 962
849 975
850 858
850 894
850 917
850 929
850 961
852 893
852 894
852 911
852 924
852 938
852 963
852 982
852 986
852 994
852 995
853 873
853 892
853 902
853 949
853 959
854 861
854 868
854 899
854 920
854 956
854 967
854 972
854 996
856 857
856 951
857 860
857 862
857 912
858 862
858 870
858 885
858 900
858 928
858 950
858 968
858 980
858 989
858 992
858 999
859 861
859 883
859 921
859 926
859 935
859 972
859 989
859 990
860 872
860 910
860 960
861 863
861 867
861 872
861 899
861 921
861 926
861 935
861 972
861 990
862 870
862 940
862 950
862 968
862 980
862 989
862 992
862 999
863 869
863 943
863 948
863 951
863 963
863 977
863 997
864 876
864 896
864 937
866 876
866 897
866 919
866 947
866 967
866 985
866 991
867 873
867 916
867 972
868 913
868 920
868 924
868 934
868 956
868 967
868 996
869 871
869 893
869 929
869 932
869 943
869 948
869 951
869 977
869 997
870 877
870 950
870 968
870 980
870 989
870 992
870 999
871 906
871 959
871 965
871 993
872 912
872 921
872 935
872 972
872 990
872 995
873 877
873 890
873 892
873 910
874 893
874 894
874 911
874 917
874 924
874 938
874 963
874 986
874 994
874 995
875 914
875 928
875 942
875 952
875 969
875 974
876 896
876 937
877 890
877 892
877 949
877 959
877 980
879 884
879 945
879 962
879 973
879 975
881 885
881 892
881 902
881 918
881 940
881 944
881 945
882 944
882 952
882 988
883 887
883 916
883 921
883 926
883 935
883 972
883 990
884 945
884 962
884 975
884 996
885 889
885 902
885 915
885 940
885 944
885 980
887 888
887 891
887 915
887 930
888 891
888 904
888 915
888 930
888 955
889 904
889 907
889 918
890 892
890 949
890 959
891 928
891 930
891 955
892 914
892 949
892 959
892 995
893 894
893 901
893 911
893 924
893 938
893 963
893 986
893 994
893 995
894 911
894 924
894 938
894 963
894 986
894 994
894 995
895 917
895 933
895 934
895 961
895 962
896 914
896 937
897 900
897 901
897 919
897 947
897 956
897 966
897 973
897 985
897 991
899 913
899 920
899 956
899 967
899 976
899 989
899 996
900 917
900 929
900 933
900 934
900 961
901 990
902 916
902 940
902 976
902 989
902 997
903 953
903 960
903 964
903 974
903 987
904 907
904 918
906 912
906 956
906 965
906 993
907 918
907 928
907 959
908 943
908 948
908 951
908 964
908 977
908 997
909 912
910 913
910 929
910 976
911 918
911 921
911 922
911 924
911 926
911 937
911 938
911 963
911 986
911 994
911 995
913 920
913 956
913 967
913 996
914 928
914 942
914 974
914 976
915 930
915 955
916 921
917 929
917 933
917 934
917 961
919 966
919 969
919 973
919 985
919 991
920 922
920 956
920 967
920 996
921 926
921 935
921 972
921 986
921 990
922 927
922 932
922 979
922 984
922 988
924 938
924 963
924 986
924 994
924 995
926 935
926 972
926 990
927 932
927 979
927 984
927 988
928 935
928 942
928 952
928 969
928 974
928 976
929 933
929 934
929 935
929 961
929 990
930 935
930 955
932 979
932 982
932 988
933 934
933 961
933 972
935 972
935 990
937 938
937 944
937 982
937 996
938 963
938 986
938 994
938 995
940 944
942 949
942 952
942 969
942 974
942 976
942 995
943 948
943 951
943 967
943 977
943 997
944 948
944 972
944 985
945 962
945 975
947 966
947 967
947 985
948 951
948 977
948 997
949 959
950 964
950 968
950 980
950 989
950 992
950 999
951 977
951 997
952 965
952 974
952 976
953 960
953 964
953 965
953 987
955 987
956 961
956 996
960 964
960 977
960 987
961 999
962 975
962 977
963 986
963 994
963 995
964 987
964 994
965 993
966 985
966 991
967 996
968 980
968 989
968 992
968 999
969 974
969 976
972 990
973 985
973 986
974 976
975 986
976 984
977 997
979 982
979 984
979 988
980 989
980 992
980 999
982 984
982 988
984 987
984 988
985 991
985 994
985 999
986 994
986 995
989 992
989 999
992 999
994 995
