1 397
1 417
1 453
1 468
1 557
1 635
1 732
1 903
1 911
1 960
1 964
1 1000
2 190
2 495
2 610
2 689
2 749
2 762
2 908
2 943
2 948
2 977
2 997
2 998
3 27
3 70
3 105
3 110
3 118
3 611
3 774
3 806
3 834
3 841
3 901
3 984
4 271
4 356
4 368
4 412
4 519
4 603
4 627
4 774
4 880
4 929
4 938
4 980
5 52
5 397
5 599
5 646
5 691
5 818
5 827
5 871
5 927
5 965
5 968
5 993
6 140
6 399
6 408
6 610
6 650
6 739
6 812
6 869
6 908
6 948
6 977
6 997
7 341
7 706
7 826
7 831
7 839
7 893
7 894
7 924
7 938
7 963
7 986
7 994
8 12
8 481
8 614
8 698
8 738
8 780
8 914
8 942
8 952
8 969
8 974
8 976
9 339
9 427
9 484
9 634
9 704
9 722
9 863
9 943
9 948
9 951
9 957
9 977
10 12
10 178
10 283
10 328
10 390
10 583
10 595
10 667
10 875
10 914
10 928
10 976
11 17
11 310
11 489
11 491
11 614
11 758
11 763
11 897
11 909
11 939
11 947
11 973
12 390
12 595
12 645
12 730
12 764
12 791
12 821
12 928
12 969
12 976
13 137
13 326
13 485
13 510
13 601
13 628
13 636
13 640
13 726
13 854
13 889
13 945
14 209
14 660
14 694
14 765
14 805
14 822
14 849
14 884
14 945
14 962
14 975
15 177
15 213
15 600
15 607
15 801
15 848
15 937
15 939
15 957
15 971
15 981
15 998
16 101
16 192
16 236
16 733
16 801
16 851
16 878
16 939
16 941
16 954
16 957
16 983
17 141
17 146
17 162
17 286
17 325
17 514
17 608
17 763
17 770
17 917
17 929
18 511
18 522
18 658
18 691
18 697
18 738
18 795
18 845
18 864
18 876
18 887
18 937
19 276
19 299
19 348
19 426
19 443
19 482
19 546
19 560
19 731
19 751
19 754
19 761
20 181
20 425
20 467
20 623
20 673
20 734
20 767
20 887
20 888
20 891
20 915
20 930
21 156
21 299
21 395
21 432
21 482
21 560
21 575
21 731
21 751
21 754
21 757
21 761
22 212
22 254
22 256
22 290
22 413
22 604
22 629
22 630
22 632
22 810
22 847
22 979
23 136
23 364
23 392
23 405
23 524
23 596
23 648
23 672
23 694
23 793
23 804
23 954
24 562
24 580
24 632
24 662
24 692
24 817
24 842
24 897
24 919
24 966
24 973
24 991
25 206
25 248
25 326
25 371
25 485
25 510
25 593
25 601
25 628
25 699
25 854
25 998
26 139
26 468
26 620
26 688
26 732
26 735
26 772
26 820
26 903
26 911
26 960
26 964
27 266
27 287
27 372
27 465
27 520
27 533
27 611
27 745
27 841
27 901
27 912
28 661
28 757
28 799
28 817
28 831
28 835
28 874
28 910
28 932
28 982
28 984
28 988
30 210
30 289
30 330
30 391
30 457
30 639
30 700
30 829
30 869
30 872
30 906
30 917
32 255
32 425
32 461
32 545
32 673
32 767
32 887
32 888
32 891
32 915
32 943
32 955
33 395
33 604
33 621
33 671
33 729
33 788
33 820
33 828
33 835
33 888
33 930
33 955
34 236
34 262
34 297
34 357
34 505
34 511
34 551
34 705
34 715
34 860
34 903
34 953
35 284
35 321
35 420
35 739
35 749
35 776
35 812
35 869
35 908
35 943
35 977
35 997
37 434
37 552
37 558
37 730
37 738
37 770
37 791
37 875
37 928
37 942
37 952
37 976
38 204
38 379
38 794
38 833
38 883
38 895
38 900
38 917
38 929
38 933
38 934
38 961
39 389
39 430
39 623
39 783
39 820
39 828
39 832
39 887
39 888
39 891
39 930
39 955
40 266
40 322
40 391
40 611
40 649
40 745
40 756
40 806
40 834
40 841
40 901
40 982
41 332
41 796
41 803
41 826
41 839
41 852
41 917
41 924
41 938
41 963
41 994
41 995
42 137
42 203
42 219
42 510
42 601
42 628
42 636
42 640
42 699
42 726
42 849
42 854
43 85
43 138
43 399
43 554
43 644
43 702
43 706
43 757
43 802
43 910
43 927
43 988
44 111
44 299
44 395
44 432
44 454
44 482
44 568
44 731
44 751
44 754
44 761
44 977
45 142
45 452
45 657
45 697
45 707
45 770
45 882
45 895
45 917
45 933
45 934
45 961
46 244
46 350
46 475
46 499
46 609
46 792
46 844
46 856
46 868
46 896
46 899
46 956
47 203
47 381
47 492
47 522
47 596
47 607
47 905
47 941
47 971
47 981
47 983
47 998
48 202
48 210
48 216
48 289
48 598
48 680
48 700
48 736
48 759
48 829
48 872
48 906
49 276
49 380
49 585
49 589
49 594
49 701
49 859
49 861
49 926
49 935
49 972
49 990
50 139
50 214
50 259
50 613
50 620
50 635
50 732
50 772
50 778
50 809
50 960
50 964
51 59
51 225
51 241
51 245
51 342
51 532
51 615
51 723
51 760
51 766
51 807
51 857
52 67
52 211
52 280
52 418
52 442
52 556
52 646
52 827
52 871
52 965
52 993
53 521
53 622
53 670
53 712
53 740
53 781
53 814
53 873
53 889
53 895
53 904
53 918
54 373
54 556
54 599
54 646
54 691
54 714
54 827
54 860
54 871
54 923
54 965
54 993
55 60
55 83
55 398
55 540
55 647
55 677
55 697
55 845
55 864
55 896
55 930
55 937
56 215
56 558
56 590
56 823
56 851
56 898
56 923
56 957
56 958
56 971
56 982
56 983
57 229
57 472
57 763
57 786
57 839
57 894
57 924
57 938
57 963
57 986
57 994
57 995
58 203
58 243
58 294
58 369
58 482
58 559
58 579
58 606
58 676
58 713
58 777
58 797
59 373
59 374
59 401
59 446
59 465
59 615
59 789
59 807
59 824
59 857
59 912
60 93
60 466
60 647
60 658
60 677
60 697
60 750
60 845
60 876
60 896
60 937
61 101
61 231
61 515
61 580
61 614
61 689
61 866
61 882
61 909
61 947
61 964
61 973
62 394
62 562
62 732
62 757
62 794
62 843
62 895
62 900
62 929
62 933
62 934
62 961
63 100
63 122
63 329
63 436
63 573
63 604
63 629
63 632
63 810
63 847
63 958
63 979
64 277
64 570
64 773
64 803
64 825
64 849
64 893
64 894
64 924
64 938
64 986
64 994
65 115
65 547
65 757
65 768
65 785
65 799
65 876
65 922
65 927
65 932
65 982
65 988
66 162
66 269
66 271
66 282
66 312
66 407
66 412
66 519
66 591
66 627
66 774
66 980
67 75
67 373
67 444
67 599
67 691
67 714
67 871
67 932
67 965
67 990
67 993
68 182
68 314
68 555
68 565
68 688
68 771
68 852
68 881
68 885
68 916
68 940
68 944
69 291
69 337
69 417
69 510
69 737
69 763
69 770
69 833
69 895
69 900
69 929
69 934
70 99
70 261
70 287
70 441
70 527
70 611
70 745
70 806
70 834
70 841
70 901
72 125
72 250
72 262
72 833
72 844
72 856
72 868
72 899
72 920
72 956
72 967
72 996
73 169
73 626
73 660
73 695
73 704
73 747
73 765
73 822
73 849
73 945
73 962
73 975
74 110
74 352
74 372
74 535
74 581
74 611
74 649
74 745
74 806
74 834
74 841
74 901
75 202
75 366
75 683
75 691
75 714
75 818
75 827
75 871
75 954
75 965
75 993
76 133
76 164
76 342
76 414
76 756
76 760
76 766
76 804
76 824
76 857
76 878
76 912
77 171
77 334
77 400
77 423
77 641
77 681
77 728
77 737
77 792
77 837
77 882
77 932
78 153
78 195
78 262
78 461
78 551
78 552
78 558
78 705
78 715
78 860
78 953
78 999
79 410
79 523
79 617
79 643
79 682
79 737
79 748
79 837
79 846
79 870
79 882
79 906
80 773
80 779
80 826
80 839
80 874
80 924
80 938
80 963
80 986
80 994
80 995
80 998
81 341
81 607
81 692
81 791
81 851
81 897
81 909
81 919
81 947
81 973
81 985
81 991
82 508
82 522
82 609
82 653
82 779
82 844
82 871
82 899
82 913
82 920
82 967
82 996
83 285
83 540
83 625
83 647
83 697
83 798
83 845
83 848
83 896
83 937
83 947
84 210
84 454
84 482
84 546
84 560
84 731
84 751
84 754
84 761
84 798
84 895
85 280
85 344
85 362
85 757
85 802
85 831
85 910
85 932
85 982
85 984
85 988
86 362
86 443
86 569
86 678
86 693
86 767
86 861
86 926
86 933
86 935
86 972
86 990
87 195
87 424
87 426
87 463
87 505
87 541
87 584
87 705
87 715
87 860
87 884
87 953
88 107
88 265
88 333
88 481
88 661
88 671
88 802
88 816
88 927
88 932
88 982
88 988
89 400
89 467
89 558
89 683
89 691
89 714
89 818
89 827
89 871
89 941
89 965
89 993
90 107
90 216
90 402
90 591
90 680
90 700
90 736
90 741
90 829
90 872
90 906
90 910
91 427
91 525
91 608
91 762
91 869
91 906
91 908
91 943
91 947
91 948
91 951
91 997
92 94
92 383
92 442
92 558
92 568
92 646
92 683
92 691
92 818
92 871
92 965
92 993
93 335
93 455
93 658
93 769
93 795
93 845
93 864
93 883
93 896
93 910
93 937
94 179
94 193
94 374
94 414
94 473
94 532
94 807
94 824
94 857
94 912
94 931
95 527
95 674
95 729
95 825
95 839
95 852
95 893
95 894
95 963
95 986
95 994
95 995
96 120
96 136
96 392
96 501
96 625
96 648
96 672
96 694
96 804
96 857
96 903
96 954
97 568
97 621
97 729
97 767
97 783
97 819
97 873
97 888
97 891
97 915
97 930
97 955
98 264
98 478
98 706
98 845
98 878
98 923
98 941
98 957
98 958
98 971
98 979
98 998
99 117
99 465
99 611
99 649
99 717
99 770
99 806
99 834
99 841
99 878
99 901
100 254
100 422
100 529
100 604
100 669
100 698
100 810
100 847
100 960
100 979
100 992
101 231
101 435
101 489
101 692
101 897
101 909
101 919
101 947
101 985
101 991
102 576
102 627
102 670
102 712
102 740
102 781
102 814
102 873
102 889
102 904
102 918
102 926
103 147
103 451
103 452
103 551
103 562
103 833
103 850
103 895
103 900
103 933
103 934
103 961
103 983
104 521
104 576
104 670
104 676
104 712
104 740
104 781
104 814
104 848
104 873
104 889
104 904
104 918
105 287
105 337
105 449
105 465
105 527
105 533
105 649
105 745
105 799
105 806
105 841
105 901
106 351
106 499
106 564
106 580
106 702
106 757
106 835
106 910
106 922
106 927
106 932
106 984
106 988
107 149
107 194
107 289
107 678
107 680
107 700
107 741
107 829
107 872
107 881
107 906
108 348
108 498
108 548
108 613
108 624
108 651
108 764
108 780
108 914
108 928
108 942
108 969
108 974
109 132
109 214
109 313
109 387
109 507
109 844
109 868
109 878
109 899
109 913
109 920
109 956
109 996
110 256
110 324
110 408
110 527
110 533
110 717
110 745
110 806
110 834
110 901
110 945
111 192
111 462
111 679
111 820
111 905
111 923
111 939
111 941
111 958
111 981
111 983
111 998
112 265
112 343
112 578
112 619
112 703
112 802
112 831
112 910
112 922
112 927
112 984
112 988
112 996
113 122
113 415
113 516
113 555
113 654
113 703
113 718
113 747
113 884
113 945
113 962
113 975
113 997
114 124
114 312
114 406
114 420
114 500
114 554
114 645
114 655
114 688
114 778
114 881
114 916
114 924
115 612
115 720
115 721
115 800
115 805
115 931
115 950
115 965
115 968
115 989
115 992
115 999
116 269
116 271
116 356
116 407
116 412
116 464
116 497
116 591
116 627
116 738
116 774
116 947
116 980
117 266
117 322
117 333
117 401
117 465
117 649
117 717
117 745
117 806
117 834
117 841
117 901
118 449
118 465
118 507
118 533
118 606
118 717
118 745
118 806
118 834
118 841
118 901
118 945
119 439
119 445
119 495
119 504
119 537
119 606
119 634
119 676
119 710
119 713
119 719
119 744
119 774
120 302
120 501
120 524
120 542
120 648
120 663
120 672
120 694
120 804
120 885
120 954
120 981
121 150
121 675
121 759
121 809
121 870
121 879
121 911
121 916
121 950
121 968
121 989
121 992
121 999
122 123
122 279
122 322
122 422
122 529
122 573
122 604
122 698
122 810
122 847
122 979
123 419
123 542
123 654
123 718
123 822
123 849
123 861
123 875
123 884
123 945
123 962
123 975
124 157
124 311
124 406
124 420
124 447
124 788
124 789
124 793
124 881
124 916
124 940
124 944
125 193
125 241
125 374
125 473
125 549
125 653
125 715
125 756
125 766
125 789
125 807
125 857
126 230
126 258
126 292
126 302
126 364
126 524
126 575
126 625
126 648
126 663
126 672
126 804
126 954
127 206
127 221
127 318
127 456
127 504
127 628
127 636
127 640
127 699
127 726
127 854
127 947
127 995
128 131
128 328
128 518
128 548
128 595
128 635
128 730
128 738
128 791
128 914
128 942
128 952
128 969
129 294
129 371
129 439
129 537
129 579
129 676
129 710
129 719
129 744
129 777
129 797
129 938
129 951
130 278
130 443
130 706
130 731
130 785
130 859
130 861
130 883
130 921
130 926
130 935
130 972
130 990
131 306
131 366
131 376
131 570
131 718
131 747
131 765
131 822
131 884
131 945
131 962
131 975
132 203
132 298
132 811
132 878
132 887
132 905
132 957
132 971
132 973
132 981
132 983
132 998
133 179
133 473
133 549
133 581
133 756
133 789
133 807
133 824
133 857
133 888
133 894
133 912
134 244
134 350
134 633
134 779
134 829
134 856
134 868
134 874
134 899
134 956
134 967
134 984
134 996
135 308
135 348
135 520
135 625
135 631
135 738
135 780
135 864
135 875
135 914
135 928
135 969
135 974
136 364
136 392
136 575
136 625
136 648
136 672
136 694
136 804
136 916
136 954
136 965
137 456
137 528
137 601
137 628
137 636
137 640
137 699
137 726
137 837
137 854
137 866
138 343
138 547
138 728
138 757
138 768
138 802
138 835
138 843
138 879
138 922
138 927
138 984
139 144
139 190
139 247
139 257
139 482
139 502
139 620
139 732
139 903
139 960
139 964
140 432
140 453
140 541
140 610
140 722
140 776
140 830
140 863
140 869
140 908
140 951
140 994
141 594
141 616
141 763
141 794
141 833
141 843
141 850
141 895
141 900
141 917
141 933
141 961
142 147
142 350
142 492
142 494
142 792
142 856
142 868
142 913
142 956
142 967
142 996
142 998
143 518
143 557
143 574
143 742
143 748
143 805
143 858
143 862
143 870
143 968
143 989
143 992
143 999
144 185
144 249
144 567
144 597
144 635
144 686
144 732
144 903
144 911
144 960
144 964
144 973
146 325
146 512
146 532
146 594
146 794
146 843
146 850
146 917
146 929
146 933
146 934
146 961
147 286
147 394
147 744
147 763
147 768
147 794
147 843
147 850
147 900
147 934
147 961
148 190
148 486
148 610
148 634
148 722
148 739
148 749
148 776
148 787
148 943
148 948
148 967
148 997
149 211
149 216
149 367
149 457
149 680
149 700
149 736
149 741
149 829
149 872
149 906
149 928
150 295
150 491
150 608
150 716
150 758
150 817
150 842
150 897
150 903
150 909
150 966
150 985
151 279
151 615
151 721
151 748
151 759
151 805
151 858
151 862
151 950
151 968
151 989
151 992
151 999
152 295
152 517
152 622
152 670
152 712
152 740
152 781
152 814
152 873
152 889
152 904
152 918
152 978
153 225
153 262
153 268
153 461
153 505
153 541
153 584
153 715
153 804
153 860
153 919
153 953
154 212
154 290
154 442
154 609
154 653
154 723
154 792
154 856
154 899
154 913
154 920
154 967
154 996
156 216
156 395
156 426
156 432
156 454
156 482
156 560
156 636
156 731
156 751
156 754
156 761
157 205
157 239
157 371
157 495
157 645
157 771
157 881
157 916
157 940
157 944
157 986
157 996
158 472
158 555
158 600
158 674
158 681
158 796
158 826
158 874
158 924
158 963
158 986
158 994
158 995
159 749
159 762
159 776
159 812
159 861
159 863
159 869
159 908
159 919
159 934
159 943
159 977
159 997
160 312
160 346
160 368
160 407
160 412
160 438
160 464
160 497
160 591
160 627
160 762
160 774
160 980
161 335
161 633
161 647
161 658
161 677
161 697
161 798
161 803
161 817
161 845
161 848
161 876
161 937
162 295
162 330
162 366
162 556
162 620
162 646
162 691
162 818
162 827
162 965
162 993
163 416
163 626
163 778
163 786
163 803
163 852
163 857
163 874
163 893
163 924
163 938
163 986
163 995
164 196
164 241
164 245
164 401
164 414
164 473
164 756
164 760
164 766
164 857
164 912
164 917
165 264
165 269
165 607
165 733
165 823
165 898
165 923
165 928
165 939
165 971
165 981
165 983
165 998
166 369
166 428
166 633
166 779
166 844
166 868
166 899
166 913
166 920
166 921
166 956
166 967
166 968
167 183
167 270
167 536
167 594
167 664
167 755
167 789
167 886
167 925
167 931
167 936
167 978
167 1000
168 256
168 281
168 529
168 573
168 604
168 632
168 669
168 698
168 810
168 835
168 847
168 971
168 979
169 462
169 478
169 610
169 729
169 783
169 788
169 819
169 820
169 887
169 915
169 930
169 955
170 276
170 426
170 454
170 482
170 546
170 560
170 731
170 743
170 751
170 754
170 761
170 858
170 944
171 273
171 334
171 358
171 400
171 423
171 543
171 728
171 837
171 846
171 882
171 925
171 927
172 181
172 351
172 400
172 523
172 526
172 579
172 617
172 643
172 682
172 728
172 737
172 846
172 981
173 314
173 406
173 486
173 495
173 645
173 688
173 778
173 885
173 889
173 916
173 933
173 940
173 944
174 222
174 286
174 354
174 379
174 598
174 680
174 700
174 736
174 741
174 829
174 872
174 906
174 926
175 631
175 773
175 803
175 839
175 851
175 852
175 874
175 924
175 963
175 971
175 986
175 994
175 995
177 528
177 596
177 650
177 723
177 898
177 905
177 939
177 941
177 957
177 981
177 983
177 998
178 342
178 374
178 414
178 459
178 615
178 756
178 766
178 789
178 802
178 824
178 891
178 912
179 241
179 285
179 300
179 374
179 615
179 756
179 766
179 789
179 828
179 857
179 912
180 472
180 786
180 825
180 839
180 852
180 893
180 913
180 938
180 963
180 971
180 986
180 994
180 995
181 209
181 290
181 423
181 430
181 496
181 571
181 637
181 743
181 750
181 769
181 867
182 189
182 314
182 553
182 565
182 771
182 774
182 778
182 793
182 881
182 885
182 940
182 975
183 428
183 490
183 604
183 775
183 782
183 855
183 886
183 931
183 936
183 946
183 970
183 993
184 303
184 661
184 720
184 721
184 803
184 805
184 830
184 870
184 879
184 968
184 989
184 992
184 999
185 214
185 259
185 557
185 597
185 620
185 684
185 732
185 733
185 850
185 960
185 964
185 965
187 594
187 626
187 695
187 821
187 823
187 832
187 837
187 865
187 931
187 946
187 970
187 978
187 1000
188 190
188 339
188 389
188 453
188 674
188 749
188 830
188 857
188 863
188 869
188 948
188 951
188 977
189 372
189 486
189 645
189 656
189 764
189 771
189 778
189 881
189 885
189 916
189 940
189 944
190 234
190 525
190 762
190 768
190 830
190 943
190 950
190 977
190 997
191 380
191 502
191 517
191 630
191 654
191 684
191 686
191 711
191 772
191 903
191 911
191 960
191 964
192 374
192 480
192 823
192 851
192 864
192 878
192 941
192 957
192 971
192 981
192 998
193 300
193 339
193 401
193 433
193 620
193 760
193 807
193 824
193 857
193 912
193 972
194 210
194 402
194 457
194 598
194 639
194 736
194 741
194 829
194 872
194 906
194 925
194 938
195 435
195 541
195 551
195 584
195 705
195 715
195 860
195 867
195 953
195 997
196 300
196 370
196 433
196 473
196 576
196 756
196 760
196 766
196 789
196 824
196 886
196 912
197 341
197 622
197 670
197 675
197 720
197 858
197 862
197 870
197 879
197 950
197 968
197 992
197 999
198 404
198 430
198 566
198 571
198 637
198 656
198 675
198 750
198 769
198 799
198 867
198 930
199 228
199 232
199 297
199 346
199 386
199 637
199 656
199 667
199 743
199 750
199 867
199 898
199 980
200 367
200 370
200 434
200 595
200 689
200 730
200 780
200 875
200 914
200 915
200 928
200 952
200 976
201 334
201 423
201 474
201 526
201 617
201 641
201 643
201 681
201 682
201 818
201 825
201 837
201 882
202 208
202 325
202 417
202 466
202 562
202 833
202 850
202 900
202 917
202 929
202 933
203 266
203 878
203 923
203 939
203 941
203 971
203 981
203 983
203 998
204 405
204 407
204 436
204 501
204 524
204 575
204 625
204 648
204 663
204 672
204 694
204 804
204 954
205 247
205 447
205 448
205 481
205 486
205 645
205 655
205 729
205 793
205 881
205 885
205 944
205 997
206 214
206 219
206 248
206 456
206 485
206 601
206 640
206 699
206 847
206 854
206 875
208 267
208 291
208 452
208 562
208 707
208 794
208 833
208 843
208 895
208 925
208 929
208 933
208 961
209 346
209 386
209 467
209 496
209 571
209 656
209 658
209 667
209 743
209 750
209 769
209 867
210 313
210 457
210 611
210 680
210 700
210 736
210 741
210 872
210 906
211 462
211 589
211 693
211 701
211 706
211 711
211 883
211 921
211 926
211 935
211 972
211 990
212 292
212 422
212 529
212 573
212 604
212 629
212 632
212 669
212 698
212 810
212 847
212 979
213 527
213 596
213 801
213 878
213 898
213 905
213 923
213 937
213 939
213 958
213 971
213 981
213 997
214 258
214 567
214 597
214 630
214 635
214 772
214 903
214 911
214 960
214 964
215 298
215 364
215 383
215 477
215 478
215 811
215 851
215 878
215 905
215 958
215 971
215 976
215 998
216 222
216 391
216 594
216 598
216 639
216 736
216 829
216 872
216 906
216 919
217 221
217 478
217 596
217 679
217 784
217 851
217 873
217 878
217 923
217 957
217 958
217 971
217 983
217 998
219 248
219 326
219 376
219 444
219 510
219 593
219 628
219 640
219 658
219 699
219 726
219 854
220 295
220 299
220 490
220 568
220 599
220 613
220 683
220 714
220 818
220 827
220 871
220 906
220 965
220 993
221 244
221 318
221 485
221 593
221 601
221 628
221 636
221 640
221 694
221 699
221 726
221 854
222 598
222 639
222 680
222 700
222 714
222 736
222 741
222 829
222 851
222 872
222 906
222 966
223 265
223 427
223 453
223 697
223 738
223 739
223 776
223 787
223 812
223 830
223 869
223 948
223 977
223 997
224 326
224 431
224 516
224 626
224 654
224 704
224 718
224 765
224 805
224 849
224 884
224 945
224 962
224 975
225 297
225 413
225 435
225 461
225 463
225 505
225 584
225 705
225 715
225 860
225 953
225 970
226 315
226 389
226 455
226 511
226 522
226 658
226 795
226 845
226 848
226 876
226 896
226 925
226 937
226 946
227 415
227 417
227 576
227 622
227 712
227 740
227 781
227 814
227 873
227 889
227 904
227 918
227 967
227 997
228 232
228 346
228 404
228 430
228 547
228 571
228 667
228 743
228 750
228 769
228 867
228 869
228 988
229 239
229 376
229 475
229 555
229 626
229 660
229 703
229 822
229 882
229 884
229 945
229 962
229 975
230 542
230 570
230 626
230 654
230 704
230 712
230 822
230 849
230 884
230 926
230 945
230 962
230 975
231 437
231 608
231 634
231 817
231 842
231 849
231 919
231 941
231 966
231 973
231 985
231 991
232 386
232 467
232 566
232 590
232 637
232 656
232 667
232 743
232 750
232 769
232 867
232 986
233 553
233 588
233 675
233 742
233 748
233 758
233 800
233 858
233 911
233 950
233 968
233 989
233 992
233 999
234 408
234 420
234 453
234 730
234 776
234 787
234 830
234 863
234 943
234 948
234 951
234 977
234 997
236 268
236 292
236 297
236 424
236 435
236 541
236 551
236 565
236 705
236 715
236 860
236 953
237 351
237 526
237 534
237 617
237 641
237 643
237 681
237 723
237 728
237 737
237 837
237 846
237 882
237 984
239 376
239 419
239 421
239 516
239 626
239 704
239 718
239 884
239 888
239 945
239 962
239 975
241 263
241 414
241 433
241 532
241 549
241 611
241 760
241 784
241 807
241 857
243 311
243 357
243 370
243 371
243 537
243 579
243 606
243 630
243 676
243 713
243 744
243 797
243 969
244 250
244 331
244 387
244 507
244 633
244 716
244 779
244 856
244 913
244 920
244 967
245 485
245 495
245 553
245 688
245 771
245 778
245 793
245 881
245 885
245 916
245 940
245 944
246 542
246 660
246 703
246 747
246 765
246 822
246 849
246 872
246 874
246 884
246 945
246 962
246 975
246 996
247 486
247 500
247 540
247 553
247 655
247 778
247 793
247 885
247 916
247 940
247 944
247 972
248 510
248 577
248 593
248 601
248 636
248 640
248 699
248 726
248 766
248 854
248 904
249 574
249 599
249 721
249 800
249 858
249 862
249 879
249 927
249 950
249 968
249 989
249 992
249 999
250 281
250 387
250 653
250 792
250 844
250 856
250 899
250 918
250 951
250 956
250 967
250 996
251 275
251 295
251 442
251 444
251 599
251 613
251 683
251 691
251 714
251 719
251 760
251 818
251 965
251 993
252 387
252 564
252 619
252 621
252 661
252 768
252 782
252 784
252 835
252 927
252 932
252 982
252 984
252 988
253 428
253 535
253 569
253 604
253 665
253 775
253 821
253 832
253 865
253 880
253 883
253 886
253 931
253 978
254 256
254 319
254 349
254 422
254 434
254 436
254 500
254 629
254 632
254 847
254 872
254 979
255 258
255 462
255 601
255 671
255 729
255 819
255 828
255 887
255 891
255 915
255 930
255 947
255 955
256 422
256 440
256 529
256 629
256 669
256 698
256 810
256 847
256 858
256 979
257 397
257 445
257 517
257 557
257 676
257 686
257 732
257 772
257 822
257 903
257 911
257 960
257 964
258 577
258 583
258 638
258 659
258 790
258 880
258 886
258 925
258 946
258 970
258 1000
259 264
259 446
259 468
259 567
259 632
259 635
259 653
259 732
259 903
259 911
259 960
259 964
260 326
260 768
260 784
260 799
260 816
260 835
260 910
260 922
260 927
260 932
260 982
260 984
260 988
260 993
261 722
261 762
261 787
261 812
261 830
261 863
261 882
261 908
261 943
261 948
261 951
261 977
261 997
262 424
262 541
262 551
262 584
262 640
262 705
262 715
262 793
262 860
262 953
263 337
263 347
263 417
263 560
263 707
263 770
263 833
263 843
263 850
263 895
263 917
263 933
263 934
264 316
264 478
264 607
264 650
264 679
264 878
264 923
264 958
264 976
264 991
264 998
265 547
265 609
265 757
265 802
265 910
265 922
265 927
265 965
265 982
265 984
265 988
266 342
266 352
266 372
266 527
266 717
266 745
266 834
266 841
266 842
266 901
267 443
267 538
267 678
267 701
267 785
267 859
267 861
267 869
267 883
267 921
267 935
267 972
267 990
268 297
268 300
268 461
268 463
268 494
268 541
268 551
268 705
268 715
268 860
268 953
268 990
269 271
269 356
269 368
269 407
269 412
269 591
269 627
269 774
269 948
269 954
269 980
270 583
270 638
270 659
270 664
270 782
270 790
270 819
270 832
270 842
270 886
270 888
270 978
270 1000
271 293
271 356
271 438
271 497
271 519
271 588
271 774
271 937
271 972
271 980
273 310
273 515
273 580
273 614
273 662
273 715
273 866
273 947
273 966
273 973
273 984
273 985
273 991
274 289
274 390
274 498
274 520
274 548
274 631
274 751
274 766
274 875
274 914
274 928
274 942
274 952
274 976
275 315
275 335
275 522
275 647
275 697
275 795
275 798
275 848
275 864
275 876
275 896
275 935
275 938
276 426
276 432
276 454
276 546
276 560
276 731
276 751
276 754
276 761
276 896
276 923
277 403
277 440
277 679
277 811
277 878
277 898
277 905
277 923
277 940
277 941
277 981
277 983
277 998
278 355
278 612
278 720
278 748
278 805
278 809
278 812
278 862
278 870
278 879
278 950
278 989
278 992
278 999
279 349
279 413
279 436
279 573
279 604
279 629
279 632
279 669
279 810
279 847
279 855
279 912
279 979
280 623
280 673
280 734
280 767
280 788
280 819
280 820
280 828
280 887
280 888
280 891
280 906
280 955
281 313
281 320
281 347
281 507
281 653
281 699
281 723
281 856
281 913
281 920
281 956
281 967
281 996
282 367
282 434
282 481
282 552
282 578
282 625
282 729
282 780
282 875
282 928
282 942
282 952
282 974
282 976
283 483
283 532
283 548
283 552
283 578
283 595
283 627
283 791
283 824
283 875
283 942
283 969
283 974
283 976
284 357
284 536
284 538
284 624
284 678
284 785
284 829
284 859
284 861
284 921
284 926
284 935
284 972
284 990
285 286
285 455
285 469
285 540
285 647
285 677
285 798
285 845
285 848
285 864
285 872
285 876
285 937
286 305
286 379
286 562
286 770
286 833
286 850
286 900
286 908
286 929
286 933
286 961
287 324
287 533
287 575
287 649
287 657
287 717
287 737
287 745
287 806
287 834
287 841
287 901
289 354
289 391
289 598
289 639
289 680
289 741
289 829
289 832
289 872
289 906
289 956
290 335
290 404
290 430
290 467
290 566
290 571
290 656
290 667
290 743
290 750
290 769
290 867
291 325
291 707
291 763
291 794
291 812
291 833
291 843
291 850
291 908
291 917
291 926
291 929
291 961
292 316
292 364
292 392
292 524
292 575
292 625
292 648
292 663
292 672
292 694
292 804
292 954
293 312
293 356
293 368
293 407
293 438
293 464
293 497
293 519
293 606
293 627
293 764
293 774
293 956
293 980
294 357
294 496
294 504
294 544
294 596
294 606
294 710
294 713
294 719
294 744
294 777
294 797
294 876
295 442
295 568
295 613
295 646
295 691
295 827
295 871
295 948
295 965
295 993
296 377
296 491
296 534
296 584
296 621
296 691
296 734
296 767
296 819
296 828
296 887
296 891
296 915
296 930
296 955
297 424
297 435
297 461
297 463
297 533
297 551
297 705
297 860
297 951
297 953
298 398
298 576
298 650
298 801
298 823
298 897
298 898
298 905
298 922
298 941
298 958
298 981
298 998
299 395
299 426
299 436
299 482
299 546
299 560
299 731
299 751
299 754
299 761
299 995
300 401
300 433
300 473
300 532
300 549
300 588
300 760
300 789
300 857
300 912
300 956
302 364
302 501
302 516
302 524
302 561
302 575
302 623
302 625
302 648
302 663
302 672
302 804
302 954
303 498
303 675
303 722
303 742
303 805
303 858
303 870
303 879
303 950
303 954
303 968
303 989
303 992
303 999
304 370
304 439
304 504
304 528
304 537
304 544
304 552
304 559
304 579
304 676
304 697
304 710
304 744
304 777
304 797
305 350
305 378
305 466
305 503
305 657
305 763
305 794
305 833
305 895
305 900
305 917
305 929
305 933
305 961
306 401
306 434
306 532
306 544
306 549
306 615
306 756
306 760
306 766
306 789
306 807
306 824
306 857
306 912
308 404
308 483
308 548
308 552
308 595
308 651
308 759
308 875
308 914
308 928
308 942
308 952
308 974
308 992
309 404
309 481
309 595
309 722
309 730
309 764
309 875
309 914
309 928
309 942
309 952
309 969
309 974
309 976
309 996
310 561
310 582
310 689
310 692
310 817
310 841
310 866
310 909
310 960
310 973
310 982
310 985
310 991
311 374
311 445
311 504
311 537
311 544
311 567
311 579
311 713
311 719
311 744
311 777
311 797
311 989
312 368
312 438
312 464
312 497
312 519
312 554
312 591
312 627
312 774
312 832
312 980
313 332
313 583
313 779
313 844
313 856
313 868
313 899
313 913
313 920
313 956
313 967
313 996
314 495
314 500
314 554
314 793
314 873
314 881
314 885
314 916
314 917
314 940
314 944
314 957
315 355
315 540
315 541
315 697
315 798
315 845
315 848
315 864
315 876
315 896
315 937
315 974
315 992
316 590
316 650
316 797
316 801
316 851
316 898
316 939
316 941
316 958
316 971
316 976
316 981
316 983
318 456
318 485
318 593
318 601
318 628
318 636
318 640
318 699
318 726
318 751
318 773
318 854
318 966
319 349
319 398
319 422
319 573
319 604
319 629
319 632
319 669
319 698
319 757
319 810
319 847
319 927
319 979
320 515
320 539
320 658
320 659
320 662
320 689
320 758
320 866
320 897
320 919
320 947
320 966
320 973
320 991
321 644
321 722
321 749
321 776
321 787
321 812
321 830
321 863
321 901
321 908
321 919
321 948
321 951
321 997
322 324
322 372
322 449
322 533
322 649
322 717
322 759
322 806
322 834
322 841
322 901
322 946
324 352
324 465
324 527
324 611
324 745
324 806
324 834
324 841
324 901
324 925
324 948
324 976
325 843
325 850
325 852
325 886
325 895
325 917
325 929
325 933
325 934
325 952
325 961
326 456
326 485
326 510
326 593
326 601
326 628
326 640
326 693
326 726
326 854
328 384
328 498
328 518
328 730
328 764
328 780
328 798
328 875
328 928
328 944
328 969
328 974
328 976
329 554
329 709
329 773
329 786
329 826
329 852
329 874
329 881
329 893
329 924
329 938
329 963
329 994
329 995
330 366
330 444
330 558
330 568
330 613
330 622
330 683
330 714
330 818
330 871
330 965
330 991
330 993
331 556
331 594
331 596
331 695
331 755
331 775
331 855
331 865
331 886
331 931
331 936
331 946
331 970
331 1000
332 492
332 600
332 674
332 712
332 773
332 803
332 852
332 894
332 924
332 938
332 986
332 994
332 995
333 597
333 644
333 661
333 708
333 757
333 784
333 835
333 910
333 922
333 932
333 982
333 984
333 988
334 339
334 351
334 410
334 526
334 641
334 654
334 681
334 728
334 763
334 837
334 846
334 882
335 389
335 449
335 511
335 580
335 697
335 798
335 845
335 864
335 876
335 896
335 937
337 394
337 417
337 459
337 466
337 651
337 770
337 895
337 900
337 917
337 929
337 933
337 934
339 353
339 408
339 739
339 749
339 787
339 830
339 904
339 943
339 948
339 951
339 977
341 437
341 491
341 546
341 689
341 716
341 817
341 909
341 947
341 966
341 973
341 985
341 991
342 401
342 459
342 549
342 766
342 789
342 807
342 824
342 857
342 912
342 968
342 977
343 562
343 619
343 702
343 788
343 799
343 802
343 816
343 829
343 831
343 835
343 932
343 982
343 988
344 416
344 769
344 825
344 826
344 839
344 852
344 863
344 874
344 893
344 894
344 963
344 986
344 994
344 995
346 348
346 386
346 430
346 571
346 637
346 656
346 743
346 750
346 769
346 867
346 940
347 369
347 375
347 444
347 507
347 723
347 792
347 844
347 899
347 913
347 920
347 956
347 967
347 996
348 367
348 459
348 578
348 651
348 730
348 780
348 942
348 952
348 969
348 974
348 976
349 413
349 529
349 573
349 604
349 632
349 669
349 683
349 698
349 810
349 847
349 933
349 978
349 979
350 508
350 547
350 609
350 633
350 653
350 737
350 792
350 856
350 868
350 913
350 956
350 996
351 423
351 523
351 617
351 643
351 681
351 682
351 728
351 737
351 846
351 848
351 882
351 897
352 372
352 449
352 495
352 527
352 611
352 649
352 717
352 806
352 834
352 841
352 901
352 933
352 947
353 421
353 525
353 735
353 739
353 762
353 769
353 787
353 812
353 830
353 869
353 943
353 948
353 951
353 977
353 997
354 402
354 457
354 598
354 639
354 680
354 700
354 736
354 741
354 829
354 850
354 864
354 872
354 906
354 922
355 469
355 511
355 521
355 647
355 677
355 697
355 790
355 798
355 845
355 848
355 864
355 876
355 896
355 937
356 368
356 412
356 438
356 464
356 591
356 627
356 774
356 906
356 944
356 973
356 980
357 439
357 445
357 537
357 544
357 579
357 606
357 710
357 713
357 719
357 777
357 797
357 889
358 410
358 474
358 617
358 641
358 643
358 664
358 681
358 682
358 728
358 737
358 837
358 846
358 882
358 887
358 936
360 362
360 441
360 519
360 536
360 616
360 701
360 859
360 861
360 868
360 883
360 921
360 926
360 930
360 935
360 972
360 990
361 415
361 420
361 521
361 576
361 582
361 622
361 670
361 712
361 740
361 781
361 814
361 866
361 873
361 889
361 904
361 918
362 499
362 644
362 645
362 768
362 799
362 816
362 831
362 922
362 927
362 932
362 982
362 984
362 988
363 502
363 617
363 661
363 702
363 757
363 784
363 799
363 802
363 810
363 816
363 922
363 927
363 932
363 982
363 984
363 988
364 405
364 474
364 501
364 575
364 663
364 679
364 694
364 709
364 804
364 954
366 442
366 558
366 568
366 646
366 647
366 683
366 763
366 818
366 827
366 871
366 965
366 993
367 390
367 515
367 643
367 730
367 764
367 780
367 791
367 871
367 928
367 942
367 952
367 974
368 407
368 464
368 497
368 553
368 591
368 627
368 774
368 855
368 863
368 980
369 418
369 486
369 609
369 792
369 844
369 846
369 856
369 868
369 899
369 913
369 956
369 967
369 996
370 371
370 445
370 537
370 544
370 559
370 710
370 713
370 719
370 744
370 777
370 797
370 918
371 439
371 544
371 559
371 579
371 606
371 710
371 713
371 720
371 744
371 777
371 797
372 449
372 460
372 533
372 611
372 649
372 717
372 806
372 834
372 841
372 996
373 444
373 556
373 599
373 613
373 646
373 714
373 818
373 827
373 871
373 880
373 936
373 965
373 993
374 414
374 760
374 766
374 789
374 807
374 824
374 856
374 857
374 912
375 448
375 495
375 499
375 500
375 553
375 554
375 565
375 688
375 699
375 793
375 881
375 885
375 916
375 940
375 944
376 419
376 654
376 703
376 718
376 747
376 817
376 849
376 884
376 945
376 962
376 975
376 986
377 443
377 534
377 545
377 671
377 673
377 783
377 794
377 828
377 887
377 888
377 915
377 916
377 930
377 955
377 997
378 626
378 721
378 742
378 759
378 805
378 809
378 858
378 862
378 879
378 920
378 950
378 968
378 989
378 992
378 999
379 417
379 479
379 660
379 707
379 763
379 794
379 850
379 895
379 900
379 917
379 933
379 945
379 961
380 403
380 525
380 585
380 616
380 711
380 785
380 857
380 859
380 883
380 921
380 926
380 935
380 972
380 990
381 398
381 477
381 679
381 775
381 801
381 823
381 898
381 939
381 941
381 942
381 957
381 958
381 975
381 981
381 998
383 477
383 596
383 811
383 818
383 898
383 905
383 922
383 923
383 939
383 958
383 971
383 981
383 983
383 998
384 431
384 460
384 539
384 608
384 614
384 662
384 716
384 796
384 823
384 842
384 866
384 897
384 909
384 919
384 996
386 389
386 496
386 534
386 566
386 571
386 637
386 656
386 743
386 750
386 769
386 844
386 867
387 475
387 494
387 508
387 723
387 844
387 847
387 868
387 913
387 937
387 956
387 967
387 996
389 469
389 511
389 522
389 647
389 697
389 795
389 848
389 864
389 876
389 896
389 937
390 434
390 518
390 552
390 631
390 730
390 773
390 791
390 814
390 924
390 928
390 969
390 976
391 402
391 517
391 639
391 680
391 700
391 736
391 741
391 829
391 872
391 882
391 884
391 906
392 405
392 501
392 625
392 628
392 648
392 661
392 663
392 672
392 694
392 804
392 886
392 954
394 452
394 657
394 707
394 769
394 794
394 833
394 843
394 900
394 930
394 933
394 934
394 961
394 986
395 426
395 432
395 449
395 454
395 546
395 560
395 731
395 751
395 754
395 761
395 797
397 407
397 411
397 517
397 630
397 686
397 732
397 759
397 772
397 827
397 903
397 911
397 960
397 964
398 650
398 733
398 792
398 878
398 898
398 905
398 939
398 941
398 957
398 958
398 971
398 983
399 448
399 775
399 790
399 832
399 855
399 880
399 925
399 931
399 936
399 946
399 964
399 970
399 978
399 1000
400 427
400 456
400 523
400 617
400 641
400 643
400 728
400 737
400 738
400 837
400 846
400 882
401 414
401 433
401 532
401 615
401 703
401 749
401 756
401 824
401 912
402 598
402 639
402 680
402 698
402 700
402 736
402 741
402 764
402 829
402 854
402 872
402 906
403 569
403 616
403 693
403 702
403 706
403 785
403 824
403 859
403 861
403 883
403 935
403 955
403 972
403 990
404 430
404 467
404 566
404 637
404 656
404 667
404 743
404 750
404 769
404 867
404 899
405 524
405 575
405 625
405 648
405 651
405 663
405 672
405 694
405 755
405 804
405 954
405 985
406 420
406 554
406 565
406 654
406 655
406 778
406 864
406 881
406 885
406 916
406 940
406 944
406 969
407 412
407 438
407 497
407 519
407 591
407 774
407 796
407 980
408 484
408 610
408 749
408 762
408 787
408 863
408 868
408 869
408 920
408 951
408 977
408 997
410 474
410 479
410 523
410 526
410 543
410 556
410 643
410 681
410 682
410 728
410 837
410 846
410 881
411 446
411 517
411 567
411 620
411 622
411 630
411 641
411 684
411 686
411 810
411 880
411 903
411 911
411 960
411 964
412 414
412 438
412 519
412 591
412 627
412 774
412 951
412 980
412 993
413 436
413 529
413 573
413 604
413 629
413 649
413 669
413 698
413 810
413 831
413 847
413 979
414 473
414 532
414 549
414 717
414 766
414 789
414 824
414 857
414 885
415 421
415 576
415 622
415 670
415 693
415 712
415 740
415 781
415 814
415 873
415 889
415 898
415 904
415 918
416 551
416 600
416 607
416 709
416 803
416 825
416 826
416 839
416 893
416 938
416 963
416 983
416 986
416 994
416 995
417 452
417 512
417 657
417 719
417 770
417 843
417 850
417 929
417 934
417 961
418 604
418 630
418 653
418 675
418 723
418 779
418 792
418 856
418 868
418 899
418 913
418 920
418 956
418 967
418 996
419 542
419 570
419 646
419 660
419 730
419 742
419 747
419 765
419 849
419 884
419 919
419 945
419 962
419 975
420 471
420 500
420 553
420 688
420 771
420 778
420 793
420 885
420 916
420 940
420 944
421 505
421 521
421 576
421 622
421 670
421 712
421 740
421 781
421 814
421 873
421 889
421 904
421 918
421 940
422 436
422 497
422 573
422 604
422 669
422 698
422 810
422 843
422 847
422 922
422 979
423 474
423 526
423 543
423 589
423 617
423 681
423 682
423 728
423 807
423 837
423 846
423 882
424 435
424 461
424 463
424 498
424 541
424 551
424 584
424 705
424 715
424 860
424 953
424 958
424 970
425 451
425 534
425 623
425 734
425 767
425 783
425 788
425 819
425 820
425 823
425 842
425 891
425 921
425 930
425 955
426 432
426 454
426 501
426 546
426 731
426 751
426 754
426 761
426 934
426 980
427 634
427 689
427 693
427 749
427 762
427 776
427 787
427 830
427 863
427 869
427 908
427 943
427 977
428 535
428 638
428 735
428 782
428 803
428 832
428 855
428 865
428 880
428 886
428 928
428 931
428 946
428 978
430 437
430 496
430 566
430 656
430 667
430 743
430 750
430 769
430 867
430 932
431 489
431 561
431 581
431 602
431 614
431 689
431 716
431 796
431 909
431 911
431 944
431 947
431 973
431 985
431 991
432 454
432 546
432 560
432 639
432 731
432 748
432 751
432 754
432 761
432 980
433 436
433 459
433 463
433 473
433 694
433 760
433 766
433 785
433 807
433 824
433 857
433 912
434 481
434 498
434 595
434 738
434 764
434 780
434 791
434 825
434 906
434 969
434 976
435 463
435 505
435 541
435 551
435 584
435 650
435 705
435 715
435 860
435 936
435 953
436 529
436 629
436 632
436 669
436 698
436 810
436 847
436 976
436 979
437 460
437 561
437 581
437 582
437 629
437 842
437 897
437 909
437 947
437 948
437 966
437 973
437 985
437 991
438 464
438 497
438 519
438 591
438 627
438 774
438 848
438 960
438 980
438 990
439 445
439 504
439 510
439 559
439 584
439 654
439 676
439 713
439 719
439 722
439 744
439 797
440 596
440 733
440 758
440 770
440 801
440 823
440 878
440 905
440 923
440 939
440 957
440 958
440 971
440 981
440 998
441 511
441 538
441 678
441 706
441 721
441 764
441 785
441 859
441 861
441 883
441 921
441 926
441 935
441 972
441 990
442 444
442 504
442 558
442 568
442 683
442 714
442 818
442 870
442 871
442 965
442 993
443 569
443 616
443 693
443 711
443 785
443 866
443 883
443 921
443 926
443 935
443 990
444 568
444 599
444 646
444 714
444 715
444 735
444 818
444 827
444 965
444 993
445 553
445 559
445 579
445 606
445 673
445 676
445 710
445 713
445 749
445 777
445 797
446 502
446 517
446 557
446 567
446 597
446 630
446 684
446 686
446 747
446 772
446 862
446 911
446 960
446 964
447 448
447 486
447 553
447 565
447 655
447 686
447 760
447 771
447 793
447 881
447 885
447 895
447 916
447 940
447 944
448 539
448 549
448 553
448 554
448 565
448 645
448 688
448 771
448 778
448 793
448 885
448 916
448 940
449 465
449 533
449 611
449 649
449 717
449 745
449 806
449 834
449 901
449 910
451 621
451 673
451 729
451 734
451 788
451 819
451 820
451 828
451 887
451 888
451 891
451 915
451 923
451 955
451 978
452 479
452 517
452 562
452 588
452 770
452 794
452 843
452 900
452 915
452 929
452 933
452 934
453 484
453 525
453 571
453 638
453 722
453 739
453 749
453 762
453 812
453 908
453 951
453 997
454 482
454 546
454 731
454 751
454 754
454 761
454 804
454 875
454 925
455 612
455 677
455 697
455 754
455 795
455 798
455 845
455 848
455 864
455 876
455 896
455 926
455 937
455 990
456 485
456 510
456 569
456 593
456 628
456 636
456 640
456 699
456 726
456 854
456 914
457 598
457 639
457 680
457 700
457 711
457 736
457 741
457 829
457 872
457 906
457 934
457 969
459 532
459 615
459 734
459 756
459 760
459 766
459 789
459 807
459 824
459 857
459 912
459 961
460 539
460 662
460 796
460 817
460 842
460 908
460 909
460 919
460 941
460 947
460 966
460 973
460 985
460 991
461 463
461 505
461 584
461 705
461 715
461 742
461 771
461 860
461 953
461 992
462 538
462 545
462 621
462 648
462 671
462 673
462 729
462 734
462 783
462 888
462 915
462 930
462 955
463 505
463 541
463 551
463 584
463 647
463 715
463 860
463 908
463 953
464 497
464 519
464 591
464 600
464 615
464 627
464 774
464 865
464 975
464 980
465 527
465 533
465 537
465 539
465 745
465 806
465 834
465 901
465 972
466 469
466 512
466 657
466 763
466 779
466 794
466 843
466 850
466 895
466 917
466 929
466 961
466 985
467 496
467 566
467 571
467 588
467 637
467 656
467 667
467 743
467 769
467 811
467 867
468 517
468 567
468 620
468 630
468 635
468 686
468 761
468 772
468 828
468 903
468 911
468 916
468 960
468 964
469 549
469 658
469 677
469 793
469 795
469 798
469 845
469 848
469 864
469 876
469 896
469 937
469 998
471 640
471 675
471 748
471 759
471 776
471 800
471 805
471 809
471 856
471 858
471 862
471 870
471 879
471 950
471 989
471 992
471 999
472 709
472 773
472 780
472 786
472 811
472 835
472 852
472 874
472 893
472 894
472 924
472 963
472 986
472 994
472 995
473 532
473 549
473 615
473 721
473 756
473 760
473 790
473 807
473 824
473 918
474 526
474 543
474 585
474 633
474 641
474 681
474 682
474 728
474 737
474 837
474 846
474 882
474 943
475 479
475 480
475 653
475 723
475 779
475 792
475 806
475 856
475 868
475 899
475 913
475 920
475 956
475 967
475 996
477 478
477 482
477 679
477 688
477 801
477 811
477 851
477 920
477 923
477 941
477 971
477 976
477 981
477 983
477 998
478 596
478 607
478 616
478 679
478 733
478 823
478 878
478 898
478 905
478 957
478 978
478 989
479 562
479 763
479 770
479 794
479 807
479 833
479 843
479 850
479 895
479 900
479 901
479 929
479 933
479 934
480 590
480 679
480 748
480 749
480 801
480 811
480 905
480 923
480 933
480 939
480 941
480 957
480 971
480 981
480 983
480 998
481 518
481 552
481 631
481 780
481 914
481 928
481 936
481 942
481 952
481 969
481 974
481 976
482 538
482 546
482 560
482 731
482 751
482 754
482 761
483 520
483 631
483 651
483 679
483 730
483 738
483 764
483 772
483 782
483 791
483 875
483 928
483 942
483 969
483 976
483 995
484 500
484 610
484 722
484 762
484 787
484 812
484 822
484 830
484 863
484 908
484 943
484 951
484 961
484 977
484 997
485 510
485 583
485 593
485 628
485 636
485 699
485 726
485 824
485 854
485 983
486 495
486 554
486 655
486 778
486 793
486 860
486 879
486 881
486 916
486 940
486 944
489 539
489 561
489 580
489 582
489 602
489 619
489 661
489 662
489 734
489 796
489 889
489 909
489 973
489 985
489 991
490 583
490 594
490 603
490 675
490 743
490 755
490 802
490 821
490 855
490 925
490 931
490 936
490 946
490 970
490 978
490 1000
491 539
491 559
491 580
491 602
491 716
491 758
491 767
491 796
491 866
491 897
491 919
491 957
491 985
491 991
492 494
492 508
492 633
492 653
492 779
492 844
492 856
492 868
492 910
492 913
492 920
492 956
492 967
492 981
492 996
494 507
494 543
494 584
494 633
494 636
494 653
494 723
494 779
494 856
494 899
494 913
494 920
494 956
494 996
495 565
495 645
495 688
495 793
495 881
495 885
495 916
495 940
495 944
496 566
496 571
496 637
496 656
496 667
496 676
496 743
496 750
496 769
496 774
496 867
496 954
497 519
497 536
497 591
497 627
497 774
497 821
497 935
497 980
498 518
498 552
498 631
498 651
498 765
498 875
498 914
498 928
498 942
498 952
498 974
498 976
499 644
499 659
499 661
499 702
499 768
499 799
499 835
499 910
499 922
499 932
499 963
499 982
499 984
499 988
500 553
500 565
500 655
500 688
500 771
500 777
500 778
500 881
500 885
500 940
500 944
501 524
501 575
501 625
501 648
501 663
501 672
501 694
501 804
501 918
501 937
501 954
502 517
502 557
502 630
502 635
502 684
502 686
502 720
502 732
502 772
502 903
502 911
502 919
502 960
502 964
503 514
503 583
503 680
503 695
503 782
503 821
503 865
503 880
503 903
503 925
503 931
503 936
503 946
503 952
503 970
503 978
503 1000
504 544
504 559
504 606
504 676
504 701
504 710
504 713
504 719
504 744
504 777
504 797
505 541
505 551
505 584
505 637
505 705
505 715
505 794
505 860
505 899
505 953
507 633
507 653
507 754
507 844
507 856
507 913
507 920
507 956
507 967
507 968
507 994
507 996
508 520
508 529
508 609
508 633
508 723
508 779
508 792
508 800
508 868
508 920
508 922
508 956
508 967
508 996
510 593
510 601
510 636
510 640
510 649
510 699
510 726
510 854
511 647
511 658
511 677
511 795
511 798
511 848
511 864
511 876
511 896
511 929
511 937
512 562
512 655
512 657
512 763
512 770
512 787
512 794
512 843
512 850
512 900
512 929
512 933
512 934
512 961
512 982
514 583
514 659
514 665
514 670
514 708
514 735
514 821
514 828
514 832
514 855
514 865
514 925
514 931
514 936
514 970
514 980
515 580
515 608
515 689
515 692
515 716
515 732
515 842
515 866
515 919
515 960
515 966
515 973
515 985
515 991
516 542
516 555
516 559
516 703
516 704
516 718
516 747
516 765
516 822
516 945
516 962
516 975
516 981
516 990
517 635
517 684
517 772
517 903
517 911
517 960
517 964
518 520
518 728
518 730
518 764
518 780
518 828
518 875
518 928
518 942
518 952
518 969
518 974
519 591
519 627
519 774
519 834
519 913
519 980
519 982
520 552
520 578
520 579
520 651
520 787
520 791
520 914
520 942
520 952
520 969
520 974
520 976
521 622
521 670
521 712
521 740
521 781
521 814
521 873
521 889
521 904
521 918
521 942
521 972
521 993
522 540
522 658
522 677
522 786
522 795
522 798
522 845
522 848
522 864
522 876
522 896
522 937
523 525
523 543
523 617
523 641
523 643
523 681
523 682
523 713
523 737
523 767
523 837
523 846
523 882
524 575
524 625
524 626
524 663
524 667
524 694
524 804
524 857
524 889
524 954
525 610
525 634
525 681
525 722
525 776
525 787
525 830
525 869
525 948
525 951
525 977
525 997
526 543
526 580
526 641
526 681
526 682
526 737
526 787
526 837
526 846
526 860
526 882
527 533
527 611
527 649
527 717
527 806
527 816
527 841
527 901
527 982
528 674
528 773
528 786
528 803
528 825
528 839
528 874
528 876
528 893
528 894
528 924
528 938
528 963
528 986
528 994
528 995
529 604
529 629
529 632
529 669
529 698
529 713
529 732
529 810
529 847
529 979
532 615
532 627
532 760
532 766
532 807
532 857
532 912
532 939
533 591
533 603
533 611
533 717
533 745
533 841
533 901
533 955
534 671
534 673
534 688
534 767
534 783
534 788
534 819
534 820
534 887
534 891
534 915
534 930
534 955
534 988
535 583
535 615
535 624
535 659
535 695
535 735
535 755
535 775
535 790
535 821
535 865
535 874
535 880
535 928
535 931
535 978
536 569
536 585
536 616
536 624
536 693
536 701
536 706
536 821
536 846
536 861
536 883
536 926
536 935
536 972
536 990
537 544
537 606
537 615
537 676
537 710
537 719
537 744
537 777
537 797
537 822
537 837
538 569
538 585
538 589
538 693
538 711
538 756
538 785
538 789
538 859
538 861
538 921
538 926
538 972
538 990
539 614
539 689
539 692
539 842
539 863
539 897
539 919
539 947
539 966
539 973
539 986
539 991
540 647
540 658
540 662
540 672
540 697
540 795
540 798
540 848
540 864
540 876
540 896
540 937
540 973
541 584
541 705
541 715
541 860
541 883
541 953
541 980
542 555
542 591
542 660
542 703
542 765
542 822
542 849
542 884
542 920
542 945
542 948
542 962
542 975
543 617
543 641
543 643
543 661
543 681
543 682
543 718
543 737
543 762
543 837
543 846
543 882
544 547
544 579
544 606
544 676
544 710
544 719
544 777
544 797
544 814
544 921
545 595
545 621
545 623
545 729
545 734
545 783
545 788
545 819
545 820
545 826
545 828
545 888
545 915
545 930
545 955
545 969
546 560
546 731
546 751
546 754
546 761
546 775
546 776
546 878
547 564
547 661
547 702
547 784
547 802
547 816
547 835
547 927
547 932
547 952
547 982
547 984
547 988
548 578
548 595
548 764
548 806
548 871
548 914
548 928
548 942
548 952
548 965
548 969
548 974
548 976
548 979
549 682
549 721
549 756
549 760
549 766
549 789
549 824
549 857
549 912
551 584
551 705
551 777
551 860
551 953
551 994
552 573
552 730
552 764
552 875
552 914
552 916
552 942
552 952
552 969
553 655
553 771
553 793
553 816
553 881
553 885
553 940
553 944
554 645
554 655
554 771
554 778
554 793
554 885
554 905
554 916
554 940
554 944
555 570
555 626
555 654
555 704
555 718
555 747
555 771
555 772
555 822
555 849
555 945
555 962
555 975
556 568
556 599
556 646
556 683
556 691
556 714
556 818
556 827
556 871
556 913
556 961
556 965
556 993
557 567
557 620
557 684
557 686
557 721
557 732
557 772
557 798
557 842
557 903
557 911
557 960
557 964
558 568
558 599
558 646
558 683
558 691
558 709
558 818
558 827
558 871
558 965
558 993
559 579
559 606
559 676
559 691
559 710
559 713
559 719
559 744
559 777
559 797
560 619
560 670
560 731
560 751
560 754
560 761
560 920
561 582
561 608
561 660
561 692
561 703
561 817
561 842
561 866
561 897
561 909
561 966
561 973
561 985
561 991
562 624
562 770
562 833
562 850
562 900
562 917
562 929
562 933
562 934
562 940
564 610
564 644
564 717
564 757
564 768
564 784
564 799
564 816
564 835
564 886
564 910
564 922
564 932
564 977
564 982
564 984
564 988
565 611
565 655
565 688
565 733
565 771
565 778
565 793
565 800
565 881
565 940
565 944
566 571
566 636
566 637
566 645
566 656
566 667
566 743
566 750
566 769
566 862
566 867
566 976
567 597
567 620
567 630
567 635
567 684
567 765
567 837
567 879
567 903
567 911
567 960
567 964
568 613
568 714
568 754
568 818
568 827
568 871
568 965
568 979
568 993
569 616
569 678
569 705
569 706
569 711
569 859
569 861
569 883
569 904
569 921
569 935
569 972
569 990
570 626
570 654
570 660
570 703
570 704
570 747
570 765
570 804
570 822
570 884
570 945
570 962
570 964
570 975
570 989
571 637
571 667
571 684
571 743
571 750
571 769
571 773
571 867
571 894
573 610
573 629
573 632
573 669
573 698
573 750
573 793
573 810
573 847
573 979
574 692
574 742
574 748
574 759
574 800
574 809
574 858
574 861
574 862
574 870
574 879
574 887
574 950
574 963
574 968
574 989
574 992
574 999
575 576
575 625
575 648
575 663
575 672
575 694
575 799
575 804
575 954
576 622
576 670
576 712
576 740
576 781
576 814
576 873
576 889
576 904
576 918
576 997
577 603
577 665
577 695
577 697
577 708
577 755
577 818
577 821
577 855
577 865
577 880
577 886
577 925
577 931
577 946
577 970
577 993
577 1000
578 631
578 716
578 738
578 780
578 791
578 831
578 875
578 905
578 914
578 928
578 952
578 969
578 974
578 976
579 676
579 713
579 719
579 744
579 777
579 779
579 797
579 870
580 662
580 692
580 796
580 854
580 866
580 909
580 919
580 947
580 966
580 973
580 991
581 602
581 614
581 662
581 678
581 692
581 716
581 758
581 817
581 830
581 842
581 866
581 919
581 947
581 966
581 973
581 985
582 602
582 692
582 716
582 720
582 782
582 842
582 844
582 866
582 897
582 909
582 919
582 947
582 973
582 985
582 991
583 638
583 708
583 735
583 782
583 821
583 880
583 886
583 920
583 925
583 978
583 1000
584 705
584 715
584 860
584 865
584 953
585 624
585 678
585 693
585 701
585 706
585 785
585 811
585 837
585 861
585 921
585 923
585 926
585 935
585 972
585 990
588 612
588 675
588 720
588 742
588 759
588 809
588 858
588 862
588 870
588 879
588 950
588 968
588 989
588 992
588 999
589 616
589 624
589 678
589 693
589 701
589 706
589 711
589 714
589 795
589 861
589 921
589 926
589 935
589 972
589 973
589 990
590 641
590 650
590 711
590 733
590 801
590 811
590 823
590 851
590 898
590 922
590 939
590 957
590 958
590 971
590 983
590 998
591 627
591 774
591 791
591 980
593 601
593 609
593 628
593 636
593 640
593 699
593 726
593 733
593 854
593 973
593 995
594 638
594 659
594 664
594 708
594 735
594 775
594 865
594 880
594 936
594 946
594 978
594 1000
595 651
595 730
595 738
595 764
595 875
595 899
595 940
595 952
595 958
595 974
596 628
596 650
596 679
596 733
596 801
596 811
596 851
596 898
596 941
596 958
597 620
597 621
597 630
597 635
597 684
597 686
597 732
597 772
597 800
597 903
597 911
597 960
597 964
597 968
598 601
598 639
598 680
598 683
598 736
598 741
598 829
598 872
598 906
598 986
598 999
599 613
599 643
599 646
599 683
599 691
599 693
599 700
599 827
599 871
599 965
599 993
600 602
600 674
600 773
600 786
600 792
600 803
600 839
600 874
600 893
600 894
600 924
600 938
600 963
600 986
600 994
600 995
601 628
601 636
601 640
601 664
601 699
601 726
601 854
601 994
602 663
602 681
602 689
602 716
602 758
602 776
602 796
602 817
602 866
602 897
602 909
602 947
602 966
602 985
602 991
603 630
603 638
603 665
603 708
603 735
603 762
603 782
603 790
603 821
603 832
603 855
603 880
603 925
603 931
603 936
603 946
603 1000
604 629
604 698
604 810
604 847
604 979
606 701
606 710
606 713
606 719
606 744
606 777
606 797
606 974
607 679
607 733
607 762
607 801
607 878
607 898
607 905
607 913
607 923
607 939
607 957
607 958
607 981
607 998
608 637
608 689
608 692
608 773
608 796
608 817
608 842
608 866
608 897
608 909
608 919
608 947
608 966
608 973
609 633
609 653
609 723
609 757
609 777
609 779
609 844
609 856
609 913
609 920
609 934
609 956
609 996
610 634
610 749
610 812
610 830
610 869
610 908
610 943
610 948
610 951
610 974
610 997
611 717
611 745
611 834
611 841
611 901
611 957
612 617
612 720
612 721
612 742
612 759
612 805
612 809
612 862
612 869
612 870
612 879
612 950
612 968
612 989
612 991
612 992
612 999
613 646
613 683
613 691
613 714
613 818
613 827
613 871
613 914
613 965
613 985
613 993
613 997
614 617
614 707
614 716
614 758
614 796
614 797
614 842
614 897
614 909
614 919
614 953
614 985
614 991
615 728
615 756
615 760
615 766
615 789
615 807
615 824
615 912
616 631
616 706
616 711
616 785
616 859
616 861
616 883
616 921
616 926
616 967
616 972
616 990
617 641
617 643
617 681
617 728
617 837
617 846
617 882
617 972
619 644
619 661
619 768
619 784
619 799
619 802
619 803
619 816
619 831
619 835
619 910
619 924
619 927
619 932
619 982
619 984
620 684
620 686
620 732
620 772
620 784
620 896
620 903
620 911
620 960
620 964
621 671
621 716
621 729
621 767
621 783
621 820
621 828
621 887
621 891
621 915
621 930
621 955
621 975
622 670
622 709
622 712
622 740
622 781
622 814
622 873
622 889
622 904
622 918
623 671
623 734
623 741
623 767
623 788
623 806
623 819
623 820
623 828
623 888
623 891
623 915
623 930
623 955
623 964
624 677
624 678
624 701
624 711
624 766
624 785
624 859
624 861
624 883
624 921
624 926
624 935
624 972
624 990
625 648
625 659
625 663
625 672
625 694
625 804
625 954
626 660
626 703
626 704
626 765
626 822
626 849
626 884
626 901
626 962
626 975
627 774
627 783
627 980
628 636
628 699
628 700
628 726
628 854
628 1000
629 632
629 669
629 784
629 810
629 819
629 847
629 979
629 989
630 635
630 684
630 732
630 772
630 903
630 911
630 960
630 964
631 633
631 738
631 764
631 780
631 791
631 875
631 879
631 914
631 952
631 969
631 974
631 976
632 669
632 698
632 810
632 847
632 912
632 930
632 979
633 723
633 779
633 792
633 844
633 868
633 899
633 961
633 967
633 996
634 722
634 739
634 749
634 762
634 764
634 776
634 787
634 812
634 908
634 943
634 948
634 951
634 977
634 997
635 669
635 684
635 686
635 704
635 871
635 903
635 911
635 960
635 964
636 640
636 699
636 726
636 839
636 854
637 641
637 656
637 667
637 743
637 750
637 769
637 772
637 867
638 665
638 686
638 695
638 708
638 783
638 821
638 827
638 855
638 865
638 880
638 886
638 925
638 936
638 946
638 970
639 645
639 680
639 700
639 736
639 740
639 741
639 829
639 872
639 906
639 957
639 982
640 699
640 726
640 845
640 854
640 894
641 643
641 682
641 718
641 728
641 737
641 837
641 846
641 882
643 682
643 728
643 737
643 743
643 837
643 846
643 882
643 961
644 650
644 656
644 661
644 768
644 802
644 816
644 831
644 835
644 848
644 910
644 922
644 927
644 982
644 984
644 988
645 649
645 655
645 688
645 771
645 778
645 881
645 885
645 916
645 940
645 944
646 683
646 714
646 770
646 818
646 827
646 899
646 965
646 993
647 677
647 678
647 795
647 798
647 801
647 848
647 864
647 876
647 896
647 937
648 663
648 672
648 694
648 794
648 804
648 812
648 954
648 979
649 717
649 745
649 799
649 806
649 834
649 841
649 901
649 958
650 658
650 801
650 823
650 851
650 878
650 905
650 939
650 941
650 957
650 958
650 971
650 983
651 657
651 751
651 764
651 780
651 791
651 875
651 914
651 928
651 952
651 969
651 974
651 976
651 995
653 698
653 785
653 792
653 856
653 899
653 920
653 956
653 967
653 996
654 660
654 704
654 747
654 765
654 822
654 849
654 884
654 945
654 951
654 962
654 975
655 656
655 771
655 778
655 793
655 806
655 881
655 885
655 916
655 933
655 940
656 667
656 743
656 750
656 769
656 866
656 867
657 707
657 763
657 770
657 794
657 802
657 843
657 850
657 895
657 900
657 917
657 929
657 934
657 955
657 961
658 697
658 795
658 798
658 845
658 848
658 864
658 896
658 900
658 937
659 665
659 755
659 775
659 790
659 832
659 855
659 880
659 891
659 931
659 936
659 946
659 970
659 978
659 1000
660 703
660 718
660 747
660 822
660 849
660 875
660 884
660 945
660 962
660 975
660 992
661 784
661 816
661 831
661 841
661 922
661 927
661 932
661 982
661 984
662 665
662 758
662 796
662 897
662 909
662 919
662 947
662 957
662 966
662 973
662 980
662 985
662 991
663 672
663 694
663 707
663 745
663 785
663 804
663 812
663 954
664 665
664 695
664 755
664 775
664 790
664 832
664 855
664 880
664 886
664 900
664 925
664 931
664 936
664 944
664 970
664 978
664 1000
665 695
665 735
665 782
665 809
665 832
665 855
665 860
665 925
665 931
665 936
665 956
665 970
665 978
665 1000
667 671
667 683
667 743
667 750
667 769
667 867
667 941
669 698
669 731
669 774
669 810
669 839
669 847
669 979
670 712
670 740
670 781
670 814
670 873
670 889
670 904
670 918
670 983
671 677
671 767
671 788
671 789
671 819
671 820
671 828
671 887
671 888
671 891
671 915
671 930
671 955
672 673
672 694
672 728
672 804
672 924
672 954
673 734
673 767
673 781
673 783
673 788
673 820
673 828
673 887
673 888
673 891
673 915
673 930
673 977
674 773
674 786
674 803
674 825
674 839
674 852
674 854
674 874
674 911
674 924
674 938
674 963
674 964
674 986
674 994
674 995
675 720
675 721
675 742
675 748
675 759
675 809
675 858
675 862
675 933
675 950
675 968
675 989
675 992
675 999
676 710
676 713
676 719
676 739
676 744
676 777
676 797
676 810
677 697
677 795
677 798
677 845
677 848
677 864
677 876
677 896
677 931
677 937
677 988
678 693
678 701
678 706
678 711
678 785
678 844
678 859
678 883
678 921
678 926
678 972
678 990
679 682
679 806
679 811
679 823
679 851
679 878
679 923
679 958
679 971
679 983
679 998
680 700
680 741
680 759
680 773
680 829
680 872
680 906
680 989
681 682
681 712
681 737
681 837
681 846
681 882
681 909
682 728
682 737
682 802
682 837
682 846
682 882
682 943
683 714
683 827
683 871
683 914
683 963
683 965
683 993
684 686
684 732
684 772
684 820
684 891
684 903
684 911
684 948
684 960
684 964
686 734
686 736
686 772
686 825
686 903
686 911
686 960
686 964
688 706
688 771
688 778
688 793
688 885
688 904
688 916
688 940
688 944
689 692
689 716
689 758
689 842
689 866
689 867
689 897
689 909
689 947
689 985
689 988
691 714
691 733
691 818
691 871
691 965
691 981
691 993
692 695
692 814
692 842
692 919
692 947
692 960
692 966
692 983
692 985
692 991
693 706
693 711
693 859
693 861
693 883
693 921
693 926
693 935
693 972
693 990
694 718
694 804
694 832
694 954
695 708
695 711
695 755
695 775
695 782
695 790
695 865
695 880
695 911
695 925
695 946
695 970
695 1000
697 795
697 848
697 876
697 896
697 937
698 718
698 810
698 847
698 942
698 979
699 726
699 854
699 901
699 999
700 702
700 736
700 741
700 829
700 854
700 872
700 906
701 711
701 785
701 839
701 859
701 861
701 883
701 921
701 926
701 935
701 970
701 972
701 990
702 757
702 768
702 769
702 799
702 802
702 804
702 816
702 831
702 910
702 922
702 927
702 932
702 982
702 984
702 988
703 704
703 709
703 718
703 765
703 822
703 849
703 884
703 929
703 945
703 962
703 975
704 718
704 747
704 765
704 802
704 822
704 849
704 850
704 884
704 945
704 962
704 975
705 715
705 742
705 860
705 893
705 953
705 999
706 859
706 861
706 883
706 921
706 935
706 950
706 972
706 990
707 763
707 770
707 798
707 833
707 843
707 850
707 895
707 900
707 917
707 929
707 933
707 934
707 961
707 974
708 709
708 775
708 782
708 790
708 821
708 832
708 855
708 870
708 880
708 884
708 891
708 936
708 946
708 970
708 978
709 773
709 786
709 803
709 825
709 826
709 839
709 852
709 874
709 893
709 894
709 924
709 938
709 963
709 986
709 995
710 713
710 719
710 739
710 744
710 777
710 801
710 862
710 939
710 985
711 785
711 859
711 861
711 912
711 921
711 926
711 935
711 972
711 990
712 740
712 760
712 781
712 814
712 830
712 873
712 889
712 904
712 918
713 719
713 744
713 777
713 779
713 822
713 883
714 827
714 830
714 871
714 965
714 971
714 993
715 756
715 860
715 901
715 953
716 758
716 796
716 817
716 897
716 905
716 958
716 966
716 973
716 985
716 991
717 745
717 780
717 806
717 834
717 841
717 867
717 901
717 909
718 747
718 765
718 822
718 849
718 884
718 945
718 946
718 962
718 975
719 728
719 744
719 777
719 797
719 865
719 962
720 721
720 748
720 759
720 800
720 805
720 858
720 862
720 879
720 935
720 950
720 968
720 989
720 992
720 999
721 800
721 809
721 858
721 862
721 870
721 879
721 918
721 950
721 968
721 989
721 992
721 999
722 739
722 749
722 776
722 863
722 869
722 908
722 921
722 943
722 948
722 951
722 977
722 997
723 740
723 754
723 779
723 792
723 844
723 868
723 899
723 913
723 920
723 967
723 996
726 780
726 781
726 818
726 854
726 941
726 953
728 737
728 837
728 846
728 882
729 767
729 783
729 788
729 819
729 828
729 868
729 887
729 888
729 891
729 915
729 930
729 955
729 994
730 738
730 791
730 830
730 861
730 914
730 952
730 955
730 969
730 974
731 734
731 751
731 754
731 761
731 782
731 929
732 767
732 772
732 903
732 911
732 960
732 964
733 750
733 801
733 823
733 905
733 923
733 939
733 957
733 958
733 971
733 981
733 983
733 998
734 788
734 819
734 820
734 828
734 887
734 888
734 891
734 915
734 930
734 955
734 962
735 755
735 782
735 833
735 855
735 865
735 880
735 886
735 924
735 925
735 936
735 946
735 970
735 978
735 1000
736 741
736 829
736 846
736 865
736 872
736 882
736 885
736 906
737 837
737 846
737 859
737 882
737 886
738 791
738 875
738 914
738 928
738 936
738 942
738 952
738 969
738 974
738 976
739 762
739 787
739 812
739 830
739 858
739 863
739 908
739 921
739 922
739 943
739 948
739 977
739 997
740 761
740 781
740 814
740 841
740 873
740 889
740 904
740 918
740 971
741 776
741 829
741 872
741 906
741 915
741 936
741 978
742 748
742 759
742 794
742 800
742 809
742 831
742 858
742 870
742 879
742 950
742 968
742 989
742 992
742 999
743 750
743 769
743 867
743 929
743 972
744 763
744 777
744 797
744 803
744 967
744 996
745 747
745 834
745 841
745 880
745 901
745 916
745 945
747 748
747 765
747 822
747 834
747 849
747 875
747 884
747 945
747 962
747 975
748 759
748 800
748 805
748 807
748 809
748 870
748 879
748 950
748 968
748 989
748 992
748 999
749 755
749 830
749 863
749 888
749 908
749 948
749 951
749 977
749 997
750 769
750 867
750 904
750 918
751 754
751 761
751 849
751 893
754 761
754 794
755 765
755 790
755 821
755 832
755 855
755 865
755 880
755 886
755 936
755 946
755 964
755 978
755 981
755 1000
756 760
756 766
756 789
756 807
756 824
756 842
756 857
756 912
756 1000
757 784
757 788
757 799
757 816
757 831
757 910
757 927
757 982
757 984
757 988
758 761
758 796
758 817
758 842
758 866
758 898
758 909
758 919
758 943
758 947
758 966
758 973
758 985
759 800
759 809
759 858
759 862
759 870
759 968
759 989
759 992
759 999
760 786
760 789
760 795
760 807
760 857
760 912
761 805
761 995
762 776
762 787
762 812
762 830
762 863
762 869
762 918
762 943
762 951
763 770
763 833
763 843
763 900
763 917
763 929
763 933
763 961
764 780
764 791
764 914
764 942
764 952
764 969
764 974
765 791
765 849
765 884
765 900
765 945
765 962
765 975
766 787
766 789
766 807
766 844
766 912
767 788
767 800
767 819
767 820
767 828
767 887
767 888
767 915
767 930
767 955
768 784
768 799
768 802
768 831
768 835
768 880
768 910
768 915
768 922
768 927
768 932
768 971
768 982
768 984
769 809
769 867
770 833
770 850
770 895
770 917
770 933
770 934
770 961
770 989
771 793
771 881
771 885
771 916
771 932
771 940
771 944
771 962
771 985
772 811
772 903
772 911
772 945
772 960
772 964
773 825
773 826
773 839
773 874
773 894
773 924
773 938
773 963
773 986
773 994
773 995
774 980
775 790
775 821
775 826
775 832
775 873
775 880
775 886
775 925
775 936
775 946
775 962
775 970
775 978
775 1000
776 812
776 863
776 869
776 908
776 943
776 944
776 948
776 951
776 977
776 997
777 779
777 797
777 978
778 793
778 809
778 881
778 916
778 940
778 944
778 963
778 984
779 792
779 844
779 868
779 899
779 913
779 920
779 956
779 996
780 791
780 914
780 928
780 938
780 942
780 969
780 976
780 992
781 814
781 859
781 873
781 889
781 904
781 917
781 918
781 939
782 790
782 832
782 865
782 880
782 886
782 925
782 929
782 936
782 946
782 970
782 978
782 1000
783 796
783 819
783 820
783 828
783 845
783 887
783 888
783 891
783 896
783 915
783 930
783 955
783 967
784 785
784 799
784 802
784 816
784 831
784 835
784 922
784 927
784 932
784 982
784 984
784 988
785 859
785 883
785 921
785 926
785 935
785 972
785 990
786 803
786 825
786 826
786 852
786 874
786 893
786 894
786 896
786 909
786 938
786 963
786 984
786 986
786 994
786 995
787 863
787 869
787 908
787 943
787 948
787 951
787 992
787 997
788 819
788 820
788 828
788 859
788 875
788 888
788 891
788 915
788 930
788 955
789 798
789 807
789 824
789 881
789 912
790 797
790 807
790 855
790 865
790 886
790 894
790 925
790 936
790 946
790 970
790 978
790 1000
791 882
791 894
791 914
791 928
791 942
791 974
791 976
792 844
792 868
792 898
792 899
792 913
792 921
792 950
792 956
792 967
793 834
793 885
793 944
794 843
794 895
794 900
794 917
794 934
794 961
795 798
795 845
795 848
795 864
795 876
795 896
795 913
795 937
795 977
795 981
796 817
796 866
796 889
796 919
796 935
796 947
796 966
796 973
796 985
796 991
797 905
798 845
798 864
798 876
798 896
798 900
798 937
799 816
799 831
799 835
799 910
799 922
799 927
799 941
799 982
799 984
799 988
800 805
800 809
800 858
800 862
800 870
800 879
800 935
800 950
800 963
800 968
800 989
800 992
800 999
801 811
801 817
801 820
801 823
801 841
801 842
801 898
801 905
801 958
801 983
801 998
802 816
802 831
802 835
802 910
802 922
802 932
802 984
802 988
803 814
803 825
803 826
803 874
803 893
803 894
803 924
803 963
803 986
803 994
803 995
804 943
804 954
805 809
805 858
805 862
805 868
805 870
805 879
805 896
805 950
805 968
805 989
805 992
805 999
806 834
806 841
806 901
807 814
807 824
807 857
807 912
809 870
809 879
809 950
809 968
809 971
809 989
809 990
809 992
809 999
810 847
810 861
810 867
810 979
811 823
811 851
811 859
811 898
811 923
811 939
811 941
811 957
811 958
811 966
811 971
811 981
811 983
812 827
812 863
812 869
812 908
812 943
812 948
812 951
812 977
812 997
814 873
814 889
814 904
814 918
816 819
816 831
816 835
816 855
816 910
816 922
816 932
816 953
816 982
816 984
817 842
817 845
817 866
817 876
817 897
817 919
817 947
817 966
817 973
817 985
817 991
818 822
818 827
818 871
818 965
818 991
818 993
819 820
819 828
819 887
819 888
819 891
819 930
819 955
819 974
819 991
820 828
820 887
820 888
820 891
820 911
820 915
820 930
821 826
821 832
821 855
821 880
821 883
821 897
821 925
821 931
821 936
821 946
821 978
821 1000
822 849
822 945
822 962
822 975
822 978
823 851
823 878
823 905
823 909
823 923
823 939
823 941
823 958
823 971
823 983
823 993
823 998
824 857
824 881
824 912
824 946
824 951
825 826
825 829
825 839
825 852
825 874
825 893
825 894
825 920
825 924
825 938
825 945
825 986
825 994
825 995
826 829
826 839
826 852
826 893
826 894
826 915
826 924
826 938
826 963
826 986
826 992
826 994
826 995
827 855
827 871
827 958
827 965
827 993
828 833
828 887
828 915
828 930
828 955
829 872
829 901
829 906
830 831
830 908
830 943
830 948
830 951
830 977
830 997
831 910
831 912
831 922
831 927
831 932
831 982
831 984
831 988
832 855
832 865
832 869
832 880
832 886
832 931
832 936
832 970
832 989
833 843
833 850
833 872
833 900
833 923
833 929
833 933
833 934
833 961
834 841
834 843
834 901
834 942
835 841
835 910
835 922
835 927
835 930
835 941
835 982
835 984
835 988
837 846
837 871
837 882
839 874
839 893
839 894
839 924
839 938
839 939
839 963
839 972
839 994
839 995
841 901
842 897
842 909
842 966
842 973
842 985
842 991
843 895
843 917
843 929
843 933
843 961
843 979
843 1000
844 856
844 899
844 913
844 920
844 956
844 966
844 967
844 996
845 847
845 848
845 864
845 876
845 894
845 896
845 937
846 858
846 882
846 943
846 982
847 945
847 963
847 970
847 979
848 864
848 876
848 896
848 928
848 937
849 856
849 884
849 945
849 962
849 975
849 1000
850 874
850 887
850 895
850 900
850 917
850 929
850 934
851 852
851 864
851 878
851 898
851 905
851 923
851 931
851 939
851 941
851 957
851 958
851 981
851 983
852 854
852 874
852 893
852 894
852 924
852 938
852 961
852 963
852 986
852 988
852 994
852 995
854 995
855 886
855 925
855 931
855 946
855 952
855 978
855 993
855 1000
856 858
856 891
856 898
856 913
856 920
856 956
856 967
856 996
857 912
857 968
858 862
858 870
858 910
858 950
858 968
858 989
858 992
858 999
859 868
859 883
859 921
859 926
859 935
859 960
859 972
859 990
860 926
860 935
860 953
861 883
861 926
861 935
861 939
861 972
861 990
862 863
862 867
862 870
862 879
862 931
862 950
862 968
862 989
862 992
862 999
863 865
863 869
863 885
863 908
863 943
863 948
863 951
863 977
863 997
864 876
864 896
864 937
864 939
865 868
865 886
865 925
865 931
865 936
865 946
865 970
865 978
865 1000
866 897
866 919
866 947
866 951
866 966
866 973
866 985
866 991
866 1000
867 953
868 899
868 913
868 920
868 956
868 967
868 996
869 878
869 908
869 943
869 948
869 951
869 977
869 997
870 873
870 879
870 900
870 950
870 968
870 989
870 992
870 999
871 955
871 965
871 993
872 875
872 895
872 906
872 946
873 881
873 889
873 904
873 918
874 878
874 893
874 894
874 924
874 938
874 963
874 986
874 994
874 995
875 914
875 928
875 969
875 974
875 976
876 896
876 931
876 937
876 942
878 898
878 923
878 939
878 941
878 957
878 958
878 981
879 931
879 950
879 968
879 989
879 992
879 994
879 999
880 925
880 931
880 970
880 986
880 1000
881 885
881 916
881 940
881 944
882 930
883 909
883 921
883 926
883 935
883 972
883 990
884 888
884 898
884 914
884 945
884 962
884 975
885 916
885 929
885 944
885 966
886 924
886 925
886 931
886 946
886 970
886 978
886 1000
887 888
887 891
887 915
887 950
887 954
887 955
888 891
888 893
888 915
888 930
888 955
889 904
889 918
891 897
891 915
891 930
891 955
893 894
893 900
893 905
893 938
893 963
893 971
893 986
893 994
893 995
894 910
894 924
894 938
894 963
894 986
894 994
894 995
895 900
895 917
895 933
895 934
895 961
895 979
895 988
895 994
896 937
897 919
897 947
897 952
897 966
897 978
897 985
897 991
898 923
898 939
898 941
898 957
898 958
898 981
898 983
898 998
899 913
899 920
899 953
899 956
899 965
899 967
899 996
900 917
900 934
900 961
903 906
903 911
903 954
903 960
903 964
904 908
904 918
905 934
905 939
905 941
905 957
905 958
905 971
905 981
905 998
908 943
908 948
908 951
908 977
908 989
908 997
909 919
909 935
909 947
909 966
909 973
909 1000
910 922
910 927
910 932
910 947
910 982
910 984
910 988
911 916
911 960
911 964
912 936
912 999
913 940
913 967
913 996
914 942
914 952
914 958
914 966
914 974
914 976
915 930
915 944
915 955
916 940
916 944
917 929
917 934
917 961
917 967
917 975
919 947
919 966
919 973
919 991
920 956
920 967
920 996
921 926
921 935
921 937
921 972
921 990
922 927
922 932
922 982
922 984
922 988
923 941
923 957
923 961
923 971
923 974
923 981
923 983
923 998
924 938
924 963
924 986
924 994
924 995
925 931
925 936
925 950
925 970
925 978
925 1000
926 935
926 972
926 990
926 999
927 932
927 979
927 982
927 984
927 985
927 988
928 934
928 942
928 952
928 969
928 970
928 974
929 933
929 934
929 961
930 955
931 936
931 946
931 970
931 978
931 1000
932 946
932 982
932 984
932 988
932 990
932 996
933 934
933 961
934 938
934 961
935 972
935 990
936 946
936 970
936 978
936 1000
937 942
938 963
938 970
938 986
938 994
938 995
939 957
939 958
939 971
939 981
939 983
940 944
940 969
941 957
941 958
941 981
941 983
941 998
942 952
942 966
942 969
942 974
942 976
943 950
943 951
943 977
943 997
944 999
945 962
945 975
946 970
946 978
946 991
946 1000
947 966
947 985
947 991
948 951
948 955
948 962
948 977
948 997
950 968
950 985
950 989
950 992
950 999
951 977
951 997
952 956
952 969
952 974
952 976
952 980
953 956
953 960
955 964
955 970
956 967
956 995
956 996
957 958
957 963
957 971
957 981
957 983
957 998
958 967
960 964
962 973
962 974
962 975
962 977
963 986
963 994
963 995
964 998
965 969
965 993
966 973
966 985
966 991
967 996
968 984
968 989
968 992
968 999
969 974
969 976
969 999
970 975
970 978
970 1000
971 981
971 983
972 990
973 976
974 976
974 977
975 980
975 983
977 983
977 997
978 1000
981 983
981 991
981 998
982 984
982 988
983 994
983 998
984 988
985 991
985 998
986 988
986 994
986 995
988 991
989 992
989 999
990 993
992 999
994 995
998 1000
