1 107
1 214
1 468
1 502
1 635
1 654
1 712
1 732
1 772
1 903
1 960
1 964
2 245
2 637
2 714
2 749
2 776
2 869
2 943
2 948
2 951
2 977
2 979
2 997
3 113
3 465
3 527
3 611
3 612
3 717
3 806
3 834
3 841
3 873
3 901
3 938
4 160
4 368
4 438
4 497
4 591
4 627
4 650
4 774
4 829
4 947
4 951
4 980
5 162
5 220
5 265
5 295
5 366
5 541
5 613
5 691
5 818
5 827
5 948
5 965
6 634
6 722
6 789
6 830
6 863
6 869
6 908
6 943
6 951
6 955
6 977
6 997
7 227
7 640
7 773
7 786
7 803
7 822
7 839
7 924
7 955
7 963
7 986
7 994
8 106
8 446
8 519
8 661
8 702
8 784
8 799
8 831
8 835
8 910
8 982
8 988
9 22
9 367
9 419
9 529
9 534
9 573
9 604
9 632
9 669
9 810
9 847
9 979
11 291
11 437
11 491
11 515
11 531
11 608
11 614
11 689
11 966
11 985
11 990
11 991
12 367
12 591
12 651
12 680
12 730
12 791
12 914
12 942
12 952
12 969
12 974
12 976
13 127
13 206
13 222
13 248
13 456
13 498
13 510
13 539
13 636
13 699
13 726
13 854
14 222
14 224
14 542
14 660
14 691
14 718
14 849
14 884
14 945
14 948
14 962
14 975
15 56
15 358
15 388
15 478
15 590
15 733
15 851
15 888
15 905
15 939
15 957
15 981
16 63
16 180
16 679
16 801
16 869
16 878
16 905
16 923
16 957
16 958
16 981
16 998
17 38
17 301
17 417
17 562
17 707
17 794
17 833
17 870
17 900
17 917
17 935
17 961
18 415
18 552
18 616
18 729
18 764
18 771
18 791
18 875
18 914
18 928
18 952
18 974
19 384
19 432
19 501
19 546
19 593
19 731
19 754
19 761
19 899
19 929
19 946
19 992
20 32
20 169
20 232
20 621
20 673
20 734
20 788
20 887
20 888
20 915
20 939
20 955
21 315
21 395
21 426
21 593
21 681
21 718
21 731
21 754
21 761
21 899
21 929
21 992
22 212
22 215
22 319
22 534
22 595
22 629
22 669
22 738
22 847
22 977
22 979
24 150
24 328
24 377
24 689
24 692
24 796
24 866
24 918
24 919
24 966
24 985
24 991
25 42
25 272
25 326
25 456
25 485
25 510
25 601
25 636
25 699
25 726
25 854
25 953
26 124
26 191
26 489
26 502
26 567
26 684
26 745
26 747
26 903
26 911
26 960
26 964
27 70
27 287
27 533
27 611
27 649
27 692
27 806
27 834
27 841
27 901
27 938
27 984
28 499
28 644
28 661
28 685
28 757
28 768
28 802
28 851
28 910
28 932
28 982
28 988
29 86
29 268
29 307
29 586
29 592
29 597
29 642
29 666
29 668
29 690
29 840
29 907
30 377
30 600
30 716
30 825
30 826
30 852
30 884
30 893
30 924
30 963
30 986
30 994
31 145
31 176
31 301
31 434
31 550
31 563
31 685
31 696
31 746
31 752
31 773
31 815
32 182
32 451
32 767
32 780
32 783
32 788
32 819
32 887
32 888
32 930
32 955
33 367
33 450
33 587
33 673
33 819
33 828
33 887
33 888
33 891
33 915
33 930
33 955
34 148
34 261
34 264
34 714
34 762
34 869
34 908
34 921
34 941
34 943
34 948
34 977
35 51
35 427
35 453
35 714
35 739
35 744
35 776
35 811
35 869
35 908
35 975
35 997
36 288
36 345
36 509
36 550
36 563
36 572
36 685
36 696
36 746
36 752
36 815
36 968
37 283
37 308
37 498
37 520
37 552
37 738
37 764
37 890
37 914
37 952
37 969
37 985
38 321
38 391
38 452
38 466
38 763
38 794
38 843
38 850
38 895
38 917
38 961
39 274
39 280
39 545
39 731
39 783
39 788
39 820
39 861
39 891
39 915
39 930
39 955
40 287
40 320
40 410
40 604
40 612
40 649
40 717
40 806
40 834
40 841
40 901
40 938
41 440
41 773
41 786
41 826
41 839
41 894
41 924
41 958
41 963
41 986
41 994
41 995
42 98
42 137
42 248
42 510
42 539
42 601
42 636
42 699
42 726
42 854
42 916
43 564
43 636
43 644
43 645
43 702
43 802
43 816
43 846
43 910
43 927
43 982
43 984
44 173
44 299
44 454
44 501
44 518
44 709
44 751
44 754
44 761
44 899
44 929
44 992
45 291
45 450
45 479
45 732
45 763
45 833
45 843
45 854
45 895
45 900
45 933
45 946
47 79
47 478
47 590
47 682
47 878
47 898
47 923
47 939
47 957
47 958
47 971
47 998
48 174
48 457
48 598
48 639
48 700
48 736
48 737
48 864
48 872
48 906
48 954
48 997
49 275
49 441
49 540
49 569
49 616
49 693
49 706
49 883
49 921
49 926
49 935
49 990
50 557
50 569
50 597
50 620
50 628
50 732
50 741
50 772
50 911
50 951
50 960
50 964
51 424
51 453
51 739
51 812
51 830
51 869
51 916
51 943
51 948
51 951
51 997
52 67
52 220
52 295
52 355
52 691
52 756
52 818
52 827
52 871
52 887
52 965
52 972
53 521
53 622
53 641
53 694
53 814
53 873
53 889
53 901
53 904
53 918
53 963
53 989
54 92
54 295
54 392
54 558
54 613
54 683
54 756
54 796
54 818
54 869
54 871
54 965
55 161
55 469
55 658
55 687
55 697
55 786
55 845
55 848
55 864
55 876
55 896
55 937
56 650
56 679
56 713
56 882
56 898
56 905
56 923
56 957
56 958
56 971
56 983
57 121
57 125
57 131
57 516
57 703
57 718
57 822
57 849
57 884
57 945
57 962
57 975
58 445
58 474
58 537
58 544
58 559
58 606
58 710
58 713
58 777
58 797
58 874
58 897
59 133
59 374
59 433
59 473
59 547
59 789
59 824
59 833
59 857
59 862
59 870
59 993
60 219
60 285
60 511
60 522
60 677
60 798
60 848
60 864
60 876
60 896
60 920
60 937
61 286
61 561
61 602
61 692
61 716
61 758
61 796
61 842
61 944
61 947
61 966
61 985
62 328
62 344
62 466
62 562
62 770
62 794
62 843
62 850
62 895
62 900
62 946
62 961
63 212
63 319
63 436
63 534
63 595
63 604
63 629
63 669
63 810
63 950
63 979
64 180
64 645
64 773
64 786
64 825
64 872
64 924
64 963
64 986
64 988
64 994
64 995
65 185
65 281
65 499
65 661
65 746
65 784
65 835
65 910
65 982
65 983
65 988
65 989
66 116
66 160
66 293
66 312
66 368
66 568
66 591
66 627
66 676
66 774
66 829
66 980
67 251
67 295
67 366
67 558
67 613
67 646
67 721
67 741
67 818
67 871
67 965
68 314
68 447
68 448
68 644
68 671
68 778
68 881
68 885
68 916
68 940
68 941
68 944
69 225
69 284
69 435
69 461
69 463
69 505
69 551
69 705
69 715
69 860
69 953
69 994
70 322
70 372
70 403
70 465
70 612
70 717
70 834
70 841
70 895
70 901
70 938
71 176
71 345
71 356
71 388
71 458
71 563
71 685
71 746
71 752
71 815
71 825
73 516
73 654
73 703
73 747
73 765
73 791
73 822
73 834
73 849
73 884
73 962
73 975
74 99
74 131
74 322
74 372
74 612
74 649
74 707
74 806
74 834
74 841
74 901
74 938
75 89
75 251
75 379
75 442
75 525
75 613
75 756
75 827
75 870
75 871
75 885
75 965
76 114
76 615
76 685
76 760
76 781
76 789
76 807
76 824
76 857
76 870
76 912
76 993
77 79
77 617
77 680
77 682
77 728
77 780
77 790
77 837
77 846
77 881
77 882
77 906
78 236
78 435
78 463
78 505
78 551
78 657
78 705
78 715
78 809
78 860
78 953
78 957
79 358
79 400
79 423
79 680
79 780
79 790
79 828
79 846
79 882
79 907
80 152
80 272
80 640
80 688
80 773
80 786
80 839
80 852
80 874
80 963
80 986
80 995
81 320
81 432
81 602
81 692
81 745
81 817
81 823
81 909
81 919
81 959
81 985
81 991
83 315
83 335
83 455
83 512
83 693
83 697
83 795
83 798
83 864
83 876
83 896
83 937
84 156
84 395
84 596
84 628
84 681
84 731
84 751
84 754
84 794
84 899
84 929
84 992
85 158
85 619
85 757
85 784
85 799
85 816
85 835
85 890
85 927
85 982
85 984
85 988
86 130
86 415
86 698
86 706
86 861
86 883
86 921
86 926
86 935
86 990
86 995
87 153
87 225
87 236
87 262
87 463
87 529
87 551
87 705
87 715
87 845
87 860
87 953
88 619
88 644
88 700
88 768
88 799
88 802
88 816
88 932
88 940
88 942
88 982
88 984
89 392
89 487
89 568
89 586
89 683
89 691
89 756
89 818
89 871
89 875
89 965
90 125
90 241
90 374
90 416
90 549
90 615
90 640
90 781
90 807
90 857
90 912
90 993
91 289
91 351
91 453
91 551
91 610
91 722
91 739
91 744
91 863
91 908
91 951
91 997
92 320
92 356
92 525
92 613
92 646
92 756
92 818
92 827
92 871
92 964
92 965
93 224
93 389
93 591
93 658
93 748
93 795
93 845
93 848
93 864
93 876
93 896
93 937
94 158
94 473
94 549
94 615
94 657
94 760
94 789
94 824
94 857
94 870
94 912
94 993
95 180
95 305
95 674
95 709
95 798
95 836
95 874
95 893
95 894
95 986
95 994
95 995
96 333
96 720
96 742
96 748
96 805
96 809
96 862
96 901
96 934
96 950
96 968
96 999
97 185
97 260
97 547
97 702
97 745
97 799
97 927
97 932
97 946
97 982
97 984
97 988
98 587
98 596
98 679
98 693
98 811
98 939
98 941
98 971
98 981
98 983
98 998
99 118
99 464
99 533
99 611
99 717
99 740
99 806
99 834
99 841
99 901
99 938
100 215
100 256
100 422
100 534
100 629
100 632
100 669
100 757
100 810
100 812
100 847
100 979
101 320
101 437
101 553
101 561
101 580
101 823
101 892
101 897
101 909
101 947
101 966
101 991
102 185
102 528
102 622
102 641
102 670
102 814
102 830
102 873
102 889
102 904
102 918
102 989
103 202
103 287
103 291
103 337
103 562
103 707
103 794
103 833
103 843
103 881
103 895
103 933
103 985
104 227
104 421
104 622
104 692
104 712
104 740
104 814
104 873
104 889
104 904
104 918
104 927
104 989
105 118
105 266
105 527
105 611
105 612
105 649
105 806
105 834
105 841
105 901
105 938
105 962
105 997
106 260
106 363
106 504
106 662
106 757
106 768
106 799
106 831
106 910
106 927
106 932
106 984
107 298
107 354
107 391
107 639
107 700
107 737
107 741
107 872
107 904
107 906
107 949
107 954
108 282
108 329
108 434
108 483
108 548
108 631
108 729
108 764
108 924
108 928
108 942
108 952
108 969
110 322
110 372
110 461
110 527
110 611
110 649
110 717
110 806
110 841
110 895
110 901
110 938
110 950
111 192
111 398
111 416
111 621
111 662
111 851
111 898
111 903
111 941
111 958
111 971
111 981
111 998
112 542
112 644
112 768
112 784
112 787
112 831
112 835
112 927
112 932
112 977
112 982
112 984
112 988
113 312
113 376
113 416
113 457
113 516
113 542
113 660
113 703
113 884
113 945
113 962
113 975
114 242
114 375
114 448
114 565
114 671
114 688
114 771
114 793
114 881
114 885
114 940
114 944
115 227
115 529
115 675
115 742
115 759
115 771
115 805
115 858
115 862
115 879
115 934
115 968
115 999
116 160
116 246
116 271
116 407
116 412
116 438
116 620
116 627
116 774
116 829
116 980
117 152
117 472
117 504
117 803
117 828
117 839
117 852
117 893
117 894
117 963
117 986
117 994
117 995
118 287
118 386
118 416
118 465
118 611
118 717
118 834
118 841
118 901
118 933
118 938
119 243
119 304
119 383
119 504
119 544
119 606
119 710
119 713
119 719
119 758
119 767
119 777
119 797
121 138
121 365
121 588
121 720
121 800
121 805
121 858
121 879
121 934
121 950
121 968
121 999
122 168
122 413
122 429
122 436
122 534
122 573
122 629
122 632
122 806
122 810
122 847
122 892
122 979
123 230
123 239
123 398
123 461
123 542
123 660
123 693
123 718
123 747
123 884
123 924
123 945
123 975
124 262
124 447
124 522
124 645
124 655
124 771
124 778
124 793
124 881
124 885
124 940
124 944
125 164
125 206
125 401
125 459
125 615
125 760
125 824
125 870
125 912
125 971
125 993
127 137
127 219
127 248
127 485
127 539
127 601
127 699
127 726
127 778
127 854
127 863
127 955
128 274
128 309
128 334
128 520
128 578
128 631
128 730
128 791
128 875
128 928
128 942
128 974
128 988
129 311
129 439
129 504
129 544
129 579
129 606
129 710
129 713
129 719
129 777
129 797
129 942
129 989
130 409
130 569
130 624
130 698
130 701
130 711
130 785
130 926
130 935
130 972
130 988
130 990
131 229
131 281
131 555
131 626
131 704
131 765
131 818
131 849
131 945
131 962
131 975
132 440
132 477
132 540
132 596
132 724
132 748
132 905
132 923
132 958
132 971
132 981
132 983
132 998
133 459
133 675
133 760
133 789
133 807
133 824
133 846
133 852
133 857
133 870
133 912
133 993
135 274
135 348
135 481
135 552
135 764
135 791
135 808
135 875
135 879
135 928
135 952
135 969
135 976
137 326
137 485
137 520
137 601
137 636
137 674
137 699
137 726
137 746
137 854
138 252
138 388
138 572
138 644
138 802
138 816
138 831
138 910
138 927
138 982
138 984
138 988
139 183
139 257
139 517
139 630
139 635
139 745
139 766
139 772
139 875
139 903
139 911
139 960
139 964
140 234
140 353
140 610
140 706
140 749
140 762
140 812
140 863
140 882
140 908
140 944
140 948
140 951
141 178
141 466
141 512
141 707
141 770
141 794
141 833
141 895
141 900
141 933
141 946
141 961
141 982
143 151
143 233
143 483
143 532
143 675
143 809
143 858
143 862
143 906
143 934
143 950
143 968
143 999
144 214
144 468
144 567
144 597
144 684
144 686
144 745
144 750
144 903
144 911
144 915
144 960
144 964
145 288
145 458
145 509
145 550
145 563
145 600
145 685
145 696
145 746
145 752
145 815
145 864
146 325
146 446
146 639
146 763
146 794
146 850
146 895
146 900
146 912
146 917
146 933
146 946
146 961
147 325
147 512
147 562
147 770
147 850
147 874
147 900
147 917
147 932
147 933
147 946
147 961
147 968
148 339
148 634
148 744
148 762
148 771
148 776
148 812
148 869
148 908
148 945
148 948
148 951
149 194
149 391
149 500
149 605
149 639
149 700
149 737
149 741
149 752
149 872
149 906
149 954
149 998
150 202
150 231
150 328
150 460
150 489
150 602
150 692
150 758
150 766
150 909
150 930
150 991
151 720
151 742
151 800
151 805
151 829
151 831
151 858
151 862
151 934
151 950
151 968
151 999
152 401
152 512
152 709
152 826
152 874
152 893
152 894
152 912
152 963
152 986
152 994
153 225
153 435
153 461
153 463
153 505
153 565
153 584
153 705
153 715
153 783
153 860
153 953
155 487
155 488
155 513
155 605
155 743
155 780
155 808
155 836
155 853
155 877
155 933
155 949
155 959
156 426
156 454
156 482
156 546
156 570
156 681
156 751
156 754
156 800
156 899
156 929
156 992
157 278
157 310
157 375
157 447
157 495
157 509
157 655
157 766
157 778
157 881
157 885
157 916
157 944
158 674
158 709
158 773
158 839
158 874
158 894
158 963
158 986
158 994
158 995
158 997
159 427
159 453
159 599
159 634
159 704
159 744
159 801
159 812
159 830
159 908
159 948
159 962
159 997
160 303
160 407
160 464
160 497
160 591
160 627
160 774
160 829
160 897
160 980
161 455
161 483
161 647
161 658
161 719
161 795
161 845
161 864
161 876
161 896
161 937
161 949
162 178
162 339
162 354
162 366
162 444
162 556
162 576
162 646
162 756
162 827
162 871
162 965
163 351
163 376
163 530
163 674
163 709
163 803
163 826
163 852
163 894
163 924
163 927
163 963
163 995
164 179
164 342
164 459
164 473
164 615
164 789
164 807
164 857
164 870
164 938
164 981
164 993
165 277
165 380
165 799
165 801
165 851
165 898
165 905
165 941
165 957
165 971
165 981
165 983
165 998
168 215
168 256
168 413
168 529
168 573
168 783
168 799
168 810
168 847
168 869
168 979
169 402
169 498
169 767
169 783
169 819
169 820
169 828
169 888
169 915
169 930
169 955
169 965
170 371
170 395
170 482
170 501
170 530
170 546
170 593
170 681
170 761
170 899
170 929
170 939
170 992
171 172
171 228
171 388
171 410
171 543
171 643
171 677
171 728
171 780
171 790
171 810
171 837
171 882
172 175
172 443
172 523
172 543
172 617
172 643
172 682
172 719
172 780
172 790
172 846
172 882
173 297
173 314
173 316
173 495
173 576
173 688
173 766
173 771
173 793
173 881
173 940
173 944
174 222
174 402
174 550
174 598
174 736
174 737
174 741
174 806
174 872
174 906
174 954
174 988
175 208
175 298
175 351
175 674
175 786
175 803
175 847
175 894
175 924
175 963
175 986
175 994
176 218
176 301
176 340
176 509
176 685
176 696
176 746
176 752
176 793
176 815
176 982
177 230
177 679
177 811
177 854
177 898
177 905
177 923
177 941
177 957
177 971
177 981
177 983
177 998
178 251
178 379
178 558
178 568
178 610
178 613
178 641
178 683
178 756
178 827
178 871
179 193
179 196
179 414
179 433
179 549
179 553
179 649
179 781
179 807
179 824
179 870
179 993
180 472
180 727
180 773
180 786
180 825
180 874
180 893
180 963
180 994
180 995
181 243
181 290
181 496
181 571
181 637
181 656
181 667
181 743
181 750
181 769
181 851
181 867
181 969
182 205
182 486
182 565
182 566
182 576
182 671
182 688
182 881
182 885
182 916
182 940
182 944
183 201
183 228
183 423
183 543
183 560
183 617
183 680
183 728
183 780
183 837
183 882
183 901
184 378
184 681
184 720
184 748
184 759
184 862
184 879
184 910
184 934
184 941
184 950
184 968
184 999
185 756
185 768
185 802
185 831
185 835
185 927
185 932
185 982
185 985
185 988
186 487
186 622
186 631
186 636
186 687
186 724
186 808
186 813
186 890
186 892
186 949
186 959
186 987
188 223
188 277
188 381
188 749
188 776
188 787
188 830
188 873
188 908
188 943
188 948
188 951
188 977
189 303
189 420
189 565
189 655
189 771
189 778
189 816
189 830
189 881
189 885
189 916
189 940
189 944
190 234
190 261
190 321
190 361
190 427
190 556
190 722
190 811
190 908
190 943
190 948
190 977
190 997
191 212
191 501
191 502
191 628
191 732
191 745
191 772
191 813
191 903
191 911
191 960
191 964
192 203
192 419
192 596
192 607
192 787
192 801
192 878
192 923
192 957
192 958
192 971
192 998
193 473
193 557
193 696
193 760
193 781
193 789
193 824
193 857
193 870
193 912
193 992
193 993
194 354
194 500
194 598
194 639
194 700
194 741
194 767
194 872
194 906
194 954
194 981
195 237
195 424
195 435
195 461
195 463
195 551
195 584
195 705
195 715
195 839
195 860
195 953
196 300
196 414
196 749
196 781
196 797
196 807
196 857
196 870
196 912
196 938
196 993
197 687
197 721
197 759
197 800
197 805
197 809
197 879
197 942
197 950
197 968
197 985
197 999
198 290
198 296
198 346
198 559
198 566
198 637
198 654
198 656
198 743
198 750
198 769
198 849
198 867
199 279
199 290
199 404
199 430
199 467
199 566
199 637
199 743
199 750
199 769
199 867
199 871
199 877
200 308
200 386
200 578
200 631
200 684
200 729
200 757
200 764
200 791
200 942
200 974
200 976
200 993
201 237
201 449
201 474
201 523
201 543
201 617
201 682
201 837
201 846
201 882
201 894
201 953
202 286
202 446
202 676
202 794
202 843
202 850
202 900
202 917
202 933
202 952
202 961
203 355
203 477
203 662
203 702
203 711
203 733
203 898
203 905
203 941
203 981
203 983
203 998
205 245
205 420
205 448
205 495
205 655
205 688
205 827
205 881
205 898
205 916
205 940
205 944
205 971
206 219
206 318
206 417
206 456
206 485
206 510
206 539
206 601
206 699
206 726
206 854
206 952
207 317
207 429
207 586
207 587
207 592
207 642
207 668
207 690
207 725
207 777
207 781
207 840
207 907
207 999
208 600
208 722
208 773
208 786
208 803
208 826
208 852
208 874
208 883
208 924
208 986
208 994
208 995
209 404
209 410
209 467
209 496
209 566
209 571
209 637
209 656
209 667
209 743
209 750
209 769
209 867
209 912
210 222
210 289
210 391
210 457
210 461
210 517
210 700
210 736
210 737
210 741
210 872
210 906
210 947
210 954
211 352
211 366
211 380
211 385
211 616
211 706
211 845
211 859
211 861
211 883
211 920
211 926
211 972
211 990
212 279
212 413
212 529
212 534
212 595
212 604
212 629
212 669
212 847
212 898
212 979
213 252
213 321
213 477
213 590
213 607
213 679
213 852
213 878
213 898
213 939
213 941
213 958
213 971
213 983
214 258
214 517
214 528
214 630
214 684
214 686
214 732
214 772
214 903
214 914
214 960
214 964
215 254
215 349
215 422
215 604
215 611
215 629
215 632
215 661
215 669
215 810
215 979
216 289
216 333
216 457
216 496
216 500
216 598
216 700
216 736
216 737
216 741
216 858
216 872
216 906
216 954
217 455
217 477
217 650
217 662
217 728
217 801
217 851
217 898
217 906
217 957
217 958
217 971
217 981
217 983
218 340
218 458
218 509
218 550
218 563
218 685
218 696
218 746
218 752
218 756
218 815
218 885
218 921
219 221
219 326
219 337
219 485
219 539
219 601
219 636
219 699
219 726
219 854
219 966
220 356
220 525
220 556
220 562
220 565
220 646
220 683
220 756
220 827
220 871
220 905
220 965
221 318
221 326
221 456
221 485
221 539
221 582
221 592
221 601
221 636
221 699
221 726
221 757
221 854
222 298
222 391
222 500
222 598
222 737
222 741
222 751
222 872
222 906
222 954
223 408
223 710
223 714
223 749
223 762
223 849
223 863
223 890
223 908
223 943
223 951
223 977
223 997
224 229
224 376
224 416
224 476
224 478
224 555
224 626
224 718
224 849
224 945
224 962
224 975
225 247
225 262
225 424
225 505
225 522
225 584
225 588
225 705
225 715
225 860
225 953
226 511
226 522
226 540
226 636
226 658
226 677
226 697
226 700
226 798
226 848
226 864
226 876
226 896
226 937
227 541
227 553
227 641
227 718
227 740
227 814
227 873
227 889
227 904
227 918
227 989
228 334
228 449
228 526
228 560
228 608
228 682
228 780
228 790
228 837
228 882
228 920
228 948
229 406
229 516
229 654
229 667
229 703
229 704
229 739
229 747
229 849
229 945
229 962
229 975
230 419
230 469
230 570
230 654
230 674
230 765
230 822
230 849
230 884
230 945
230 962
230 975
231 268
231 453
231 580
231 602
231 817
231 842
231 866
231 897
231 901
231 919
231 947
231 954
231 991
232 266
232 287
232 372
232 527
232 533
232 534
232 611
232 612
232 717
232 834
232 841
232 901
232 938
233 465
233 471
233 669
233 675
233 748
233 759
233 809
233 854
233 862
233 934
233 950
233 968
233 999
234 339
234 402
234 484
234 722
234 729
234 739
234 762
234 776
234 869
234 948
234 977
234 997
235 307
235 317
235 323
235 336
235 396
235 586
235 587
235 618
235 668
235 690
235 840
235 890
235 900
235 907
236 247
236 463
236 505
236 551
236 584
236 705
236 715
236 840
236 860
236 869
236 953
236 958
237 334
237 449
237 543
237 617
237 680
237 682
237 728
237 780
237 837
237 846
237 860
237 955
238 365
238 415
238 531
238 652
238 724
238 753
238 813
238 836
238 853
238 890
238 892
238 902
238 904
238 987
239 626
239 655
239 703
239 704
239 765
239 822
239 849
239 884
239 893
239 940
239 945
239 962
239 975
240 652
240 687
240 808
240 813
240 836
240 838
240 853
240 877
240 902
240 909
240 910
240 926
240 959
240 987
241 342
241 493
241 549
241 713
241 760
241 781
241 807
241 824
241 857
241 870
241 912
241 948
241 993
242 374
242 488
242 506
242 677
242 724
242 808
242 836
242 838
242 853
242 877
242 902
242 959
242 987
243 304
243 311
243 445
243 504
243 537
243 559
243 606
243 713
243 719
243 742
243 777
243 797
245 517
245 548
245 576
245 645
245 655
245 766
245 778
245 881
245 885
245 916
245 940
245 944
246 269
246 570
246 626
246 654
246 704
246 706
246 765
246 822
246 833
246 884
246 945
246 962
246 975
247 424
247 435
247 461
247 504
247 551
247 584
247 705
247 715
247 860
247 943
247 953
247 972
248 318
248 336
248 477
248 510
248 539
248 601
248 636
248 673
248 699
248 726
248 854
249 451
249 462
249 615
249 616
249 623
249 624
249 767
249 783
249 820
249 828
249 888
249 891
249 930
249 955
251 295
251 373
251 444
251 553
251 556
251 568
251 683
251 756
251 825
251 965
251 990
252 333
252 547
252 619
252 757
252 768
252 835
252 907
252 910
252 932
252 963
252 984
252 988
254 421
254 534
254 573
254 595
254 604
254 629
254 632
254 669
254 689
254 810
254 847
254 966
254 979
255 462
255 597
255 684
255 767
255 783
255 788
255 820
255 887
255 888
255 891
255 915
255 919
255 930
255 955
256 279
256 422
256 529
256 573
256 595
256 632
256 668
256 810
256 847
256 857
256 979
256 997
257 567
257 620
257 630
257 635
257 684
257 745
257 903
257 911
257 939
257 945
257 960
257 964
257 992
258 502
258 517
258 544
258 557
258 591
258 630
258 684
258 732
258 772
258 892
258 911
258 960
258 964
259 435
259 521
259 551
259 557
259 597
259 628
259 635
259 684
259 686
259 772
259 903
259 911
259 960
259 964
260 333
260 362
260 380
260 547
260 602
260 702
260 816
260 831
260 835
260 910
260 982
260 984
261 328
261 408
261 599
261 714
261 744
261 814
261 830
261 869
261 908
261 943
261 951
261 977
262 435
262 461
262 463
262 505
262 584
262 705
262 715
262 860
262 921
262 953
262 980
263 417
263 657
263 676
263 763
263 829
263 833
263 850
263 895
263 900
263 908
263 917
263 945
263 946
263 961
264 383
264 477
264 590
264 596
264 650
264 836
264 878
264 898
264 939
264 957
264 958
264 981
264 982
265 564
265 702
265 757
265 768
265 784
265 835
265 910
265 932
265 943
265 946
265 982
265 984
265 988
266 322
266 479
266 533
266 649
266 717
266 729
266 806
266 834
266 841
266 894
266 901
266 938
267 293
267 352
267 536
267 585
267 616
267 621
267 678
267 785
267 920
267 921
267 926
267 935
267 972
267 990
268 273
268 341
268 716
268 823
268 866
268 897
268 909
268 911
268 963
268 966
268 985
268 991
269 416
269 441
269 542
269 570
269 626
269 660
269 703
269 718
269 788
269 849
269 906
269 945
269 975
271 293
271 312
271 368
271 384
271 412
271 464
271 591
271 627
271 660
271 774
271 829
271 839
271 980
272 327
272 393
272 487
272 513
272 687
272 724
272 813
272 890
272 892
272 902
272 949
272 987
273 431
273 561
273 581
273 614
273 675
273 711
273 748
273 796
273 823
273 842
273 866
273 909
273 919
274 434
274 518
274 579
274 730
274 738
274 764
274 875
274 914
274 950
274 974
274 976
275 285
275 455
275 522
275 573
275 587
275 658
275 795
275 845
275 848
275 864
275 876
275 896
275 937
276 357
276 432
276 451
276 454
276 501
276 546
276 593
276 681
276 731
276 754
276 899
276 909
276 929
276 992
277 294
277 440
277 733
277 801
277 898
277 905
277 939
277 941
277 957
277 976
277 983
277 998
278 283
278 303
278 534
278 742
278 759
278 800
278 805
278 809
278 858
278 879
278 934
278 950
278 968
278 999
279 349
279 422
279 529
279 534
279 573
279 604
279 629
279 669
279 831
279 847
279 871
279 979
280 586
280 623
280 742
280 788
280 819
280 820
280 828
280 887
280 888
280 891
280 904
280 915
280 930
280 955
281 363
281 499
281 607
281 619
281 768
281 802
281 831
281 835
281 907
281 910
281 932
281 982
281 984
282 309
282 343
282 434
282 464
282 481
282 548
282 651
282 738
282 873
282 875
282 928
282 974
282 976
282 987
283 308
283 348
283 498
283 552
283 586
283 651
283 729
283 730
283 737
283 738
283 942
283 952
283 974
284 403
284 536
284 563
284 585
284 616
284 678
284 701
284 743
284 861
284 883
284 920
284 935
284 972
284 990
285 455
285 511
285 528
285 677
285 697
285 756
285 795
285 798
285 820
285 845
285 864
285 876
285 937
286 562
286 657
286 658
286 707
286 770
286 806
286 833
286 843
286 850
286 900
286 917
286 933
286 961
287 324
287 465
287 533
287 595
287 611
287 736
287 834
287 841
287 901
287 938
288 301
288 345
288 357
288 509
288 550
288 563
288 685
288 696
288 746
288 752
288 800
288 815
288 921
289 391
289 424
289 500
289 598
289 639
289 700
289 736
289 737
289 872
289 906
289 954
289 957
290 312
290 430
290 496
290 637
290 656
290 667
290 743
290 750
290 753
290 769
290 834
290 867
291 337
291 459
291 676
291 707
291 763
291 770
291 794
291 833
291 914
291 917
291 946
291 961
293 312
293 412
293 438
293 464
293 497
293 591
293 627
293 660
293 774
293 829
293 904
293 980
294 371
294 439
294 504
294 537
294 544
294 559
294 579
294 606
294 655
294 713
294 719
294 777
294 797
294 928
295 298
295 356
295 373
295 392
295 444
295 683
295 690
295 818
295 965
295 979
296 346
296 404
296 566
296 571
296 637
296 656
296 667
296 701
296 720
296 743
296 750
296 769
296 867
296 869
297 467
297 486
297 565
297 576
297 592
297 645
297 655
297 766
297 881
297 885
297 889
297 916
297 940
297 944
298 317
298 457
298 598
298 639
298 700
298 736
298 737
298 741
298 872
298 906
298 954
299 340
299 357
299 426
299 546
299 681
299 731
299 751
299 754
299 761
299 884
299 899
299 929
299 983
299 992
300 336
300 414
300 456
300 459
300 536
300 549
300 760
300 789
300 807
300 824
300 857
300 870
300 912
300 993
301 388
301 458
301 550
301 563
301 685
301 696
301 746
301 752
301 807
301 815
301 827
303 406
303 471
303 675
303 720
303 742
303 757
303 800
303 862
303 879
303 934
303 950
303 999
304 370
304 381
304 504
304 537
304 544
304 579
304 710
304 713
304 719
304 777
304 797
304 828
304 863
305 351
305 472
305 600
305 640
305 767
305 826
305 829
305 852
305 893
305 924
305 963
305 989
305 994
305 995
307 323
307 396
307 445
307 493
307 530
307 587
307 666
307 690
307 701
307 725
307 781
307 840
307 907
308 348
308 386
308 390
308 654
308 738
308 893
308 914
308 928
308 929
308 952
308 969
308 976
309 434
309 518
309 706
309 730
309 764
309 842
309 843
309 875
309 928
309 952
309 969
309 974
309 976
310 513
310 758
310 796
310 817
310 823
310 842
310 866
310 897
310 903
310 919
310 947
310 966
310 985
310 991
311 370
311 371
311 445
311 579
311 606
311 655
311 710
311 713
311 719
311 777
311 797
311 860
311 921
312 407
312 438
312 464
312 497
312 591
312 627
312 774
312 829
312 861
312 980
314 645
314 649
314 671
314 688
314 766
314 778
314 783
314 793
314 841
314 881
314 885
314 940
314 944
315 335
315 355
315 511
315 666
315 677
315 697
315 738
315 795
315 798
315 864
315 876
315 896
315 937
316 590
316 607
316 733
316 767
316 811
316 849
316 851
316 898
316 923
316 939
316 941
316 958
316 981
316 983
317 323
317 396
317 470
317 586
317 642
317 666
317 668
317 725
317 801
317 840
317 907
317 963
318 326
318 371
318 456
318 485
318 510
318 601
318 636
318 699
318 726
318 808
318 854
318 976
319 349
319 413
319 436
319 529
319 534
319 595
319 604
319 632
319 686
319 847
319 881
319 950
319 979
320 384
320 491
320 582
320 823
320 866
320 897
320 909
320 919
320 924
320 966
320 991
321 339
321 599
321 610
321 744
321 762
321 787
321 812
321 863
321 907
321 948
321 951
321 997
322 372
322 550
322 612
322 717
322 803
322 806
322 834
322 841
322 901
322 938
322 960
323 337
323 429
323 470
323 493
323 586
323 642
323 668
323 710
323 725
323 840
323 907
323 976
324 325
324 434
324 465
324 527
324 533
324 611
324 649
324 684
324 717
324 806
324 834
324 841
324 901
324 938
325 327
325 337
325 479
325 590
325 707
325 833
325 850
325 895
325 900
325 933
325 946
325 961
326 456
326 472
326 510
326 601
326 636
326 699
326 726
326 854
326 857
326 945
327 385
327 487
327 531
327 604
327 753
327 836
327 838
327 892
327 902
327 949
327 959
327 987
327 991
328 384
328 460
328 580
328 608
328 689
328 817
328 866
328 897
328 966
328 985
328 986
329 472
329 629
329 640
329 674
329 717
329 803
329 826
329 839
329 852
329 874
329 894
329 924
329 994
329 995
330 477
330 564
330 607
330 662
330 679
330 733
330 763
330 905
330 923
330 939
330 941
330 957
330 983
330 988
330 998
332 472
332 576
332 709
332 786
332 826
332 839
332 849
332 852
332 874
332 884
332 893
332 924
332 963
332 986
332 995
333 564
333 661
333 757
333 768
333 799
333 802
333 910
333 945
333 982
333 984
333 988
334 423
334 449
334 526
334 543
334 643
334 680
334 683
334 692
334 790
334 837
334 846
334 882
335 389
335 540
335 645
335 647
335 658
335 740
335 798
335 845
335 848
335 850
335 864
335 896
335 937
336 393
336 450
336 470
336 530
336 592
336 618
336 637
336 642
336 666
336 690
336 840
336 907
337 452
337 657
337 676
337 794
337 850
337 898
337 917
337 933
337 946
337 961
338 580
338 687
338 727
338 813
338 836
338 838
338 853
338 875
338 877
338 890
338 892
338 949
338 959
338 971
338 987
339 342
339 599
339 739
339 762
339 787
339 830
339 863
339 911
339 943
339 977
339 997
340 388
340 458
340 509
340 550
340 563
340 579
340 587
340 685
340 696
340 746
340 752
340 815
341 464
341 515
341 600
341 692
341 716
341 719
341 758
341 817
341 866
341 909
341 919
341 947
341 985
341 991
342 374
342 414
342 433
342 456
342 473
342 518
342 781
342 789
342 824
342 857
342 912
342 993
343 390
343 483
343 498
343 518
343 651
343 875
343 912
343 914
343 928
343 942
343 950
343 960
343 974
343 976
344 569
344 658
344 803
344 825
344 826
344 839
344 852
344 874
344 893
344 894
344 924
344 963
344 986
344 995
345 388
345 458
345 509
345 538
345 550
345 602
345 685
345 696
345 732
345 746
345 752
345 815
346 426
346 430
346 436
346 496
346 566
346 571
346 656
346 667
346 743
346 750
346 769
346 837
346 867
348 390
348 651
348 729
348 738
348 764
348 791
348 820
348 875
348 952
348 969
348 972
348 980
349 422
349 436
349 437
349 573
349 592
349 604
349 629
349 632
349 669
349 810
349 847
349 929
349 979
351 367
351 628
351 674
351 773
351 825
351 839
351 852
351 874
351 893
351 894
351 986
351 995
352 589
352 624
352 701
352 799
352 805
352 859
352 861
352 883
352 920
352 921
352 926
352 935
352 937
352 972
353 427
353 484
353 739
353 744
353 762
353 776
353 781
353 787
353 863
353 901
353 908
353 910
353 948
353 977
353 997
354 402
354 457
354 500
354 598
354 639
354 700
354 736
354 741
354 872
354 887
354 906
354 942
354 954
355 469
355 511
355 540
355 647
355 677
355 795
355 798
355 845
355 864
355 876
355 896
355 912
355 937
356 379
356 442
356 525
356 556
356 568
356 613
356 646
356 683
356 763
356 818
356 958
356 965
357 432
357 454
357 482
357 501
357 670
357 681
357 731
357 751
357 754
357 776
357 899
357 929
357 992
358 400
358 423
358 496
358 526
358 560
358 617
358 643
358 680
358 682
358 728
358 780
358 790
358 841
358 846
359 429
359 438
359 450
359 470
359 530
359 586
359 587
359 618
359 642
359 666
359 668
359 690
359 725
359 867
359 907
359 964
360 391
360 480
360 495
360 596
360 662
360 725
360 801
360 851
360 870
360 923
360 939
360 941
360 957
360 971
360 981
360 983
361 528
361 641
361 670
361 694
361 712
361 740
361 814
361 861
361 873
361 889
361 904
361 918
361 932
361 989
362 363
362 440
362 547
362 644
362 757
362 784
362 802
362 902
362 909
362 910
362 927
362 932
362 982
362 984
362 988
363 499
363 644
363 716
363 799
363 802
363 831
363 835
363 858
363 932
363 975
363 982
363 984
363 988
365 411
365 476
365 513
365 808
365 813
365 836
365 877
365 890
365 892
365 902
365 930
365 949
365 959
365 987
366 379
366 386
366 442
366 525
366 558
366 646
366 691
366 732
366 818
366 827
366 871
366 965
367 386
367 518
367 520
367 548
367 578
367 875
367 928
367 942
367 952
367 969
367 974
367 987
368 407
368 412
368 438
368 464
368 497
368 591
368 627
368 758
368 774
368 825
368 829
368 980
368 994
370 371
370 445
370 457
370 504
370 531
370 559
370 579
370 606
370 710
370 713
370 719
370 777
370 797
370 838
371 445
371 537
371 544
371 559
371 606
371 689
371 710
371 713
371 719
371 777
371 797
372 459
372 533
372 649
372 717
372 806
372 834
372 841
372 863
372 901
372 905
372 938
373 414
373 442
373 525
373 556
373 568
373 646
373 683
373 691
373 761
373 818
373 827
373 871
373 917
373 965
374 414
374 431
374 433
374 760
374 781
374 789
374 807
374 816
374 857
374 870
374 912
374 993
375 448
375 549
375 565
375 576
375 645
375 671
375 686
375 778
375 789
375 793
375 881
375 885
375 916
375 940
376 419
376 516
376 542
376 555
376 644
376 704
376 747
376 754
376 765
376 822
376 884
376 945
376 962
377 425
377 439
377 614
377 621
377 734
377 767
377 819
377 820
377 887
377 888
377 891
377 915
377 930
377 955
378 379
378 574
378 721
378 742
378 748
378 749
378 759
378 800
378 862
378 870
378 879
378 934
378 950
378 968
378 999
379 442
379 510
379 556
379 558
379 683
379 691
379 756
379 818
379 871
379 950
379 965
380 569
380 701
380 706
380 785
380 859
380 861
380 883
380 920
380 926
380 935
380 972
380 986
380 990
381 383
381 440
381 478
381 480
381 607
381 733
381 851
381 887
381 923
381 941
381 958
381 971
381 981
381 983
382 409
382 488
382 513
382 687
382 724
382 753
382 801
382 813
382 836
382 841
382 866
382 877
382 890
382 892
382 902
382 949
383 478
383 552
383 801
383 811
383 851
383 898
383 923
383 939
383 941
383 951
383 971
383 983
383 998
384 489
384 561
384 582
384 608
384 817
384 819
384 866
384 897
384 919
384 947
384 985
384 991
385 506
385 687
385 727
385 769
385 783
385 808
385 813
385 838
385 877
385 890
385 892
385 937
385 949
385 987
386 434
386 483
386 498
386 520
386 894
386 914
386 928
386 942
386 952
386 969
386 976
388 458
388 509
388 550
388 563
388 685
388 696
388 746
388 752
388 815
389 511
389 515
389 522
389 540
389 658
389 684
389 795
389 811
389 845
389 848
389 864
389 876
389 896
389 937
390 548
390 578
390 738
390 774
390 791
390 898
390 914
390 918
390 942
390 952
390 969
390 974
390 976
391 402
391 736
391 737
391 741
391 796
391 872
391 906
391 954
391 974
392 442
392 556
392 558
392 568
392 646
392 691
392 756
392 765
392 803
392 818
392 871
392 912
392 965
393 396
393 429
393 450
393 470
393 530
393 586
393 587
393 630
393 642
393 690
393 725
393 818
393 840
393 907
394 466
394 512
394 562
394 626
394 657
394 731
394 763
394 833
394 850
394 895
394 900
394 917
394 933
394 946
394 953
394 961
395 411
395 426
395 432
395 454
395 482
395 486
395 731
395 751
395 761
395 899
395 914
395 929
395 992
396 470
396 493
396 530
396 592
396 618
396 642
396 710
396 725
396 840
396 907
396 962
396 979
397 517
397 567
397 628
397 630
397 635
397 651
397 684
397 732
397 745
397 772
397 848
397 903
397 911
397 960
397 964
397 992
398 590
398 650
398 662
398 811
398 862
398 872
398 878
398 898
398 939
398 957
398 971
398 981
398 983
398 998
400 410
400 411
400 423
400 449
400 474
400 560
400 643
400 725
400 732
400 780
400 790
400 831
400 837
400 846
401 414
401 459
401 460
401 473
401 615
401 760
401 781
401 789
401 807
401 857
401 870
401 912
401 917
401 993
402 451
402 500
402 598
402 639
402 700
402 736
402 737
402 741
402 872
402 906
402 954
403 427
403 536
403 538
403 647
403 693
403 698
403 706
403 747
403 859
403 920
403 921
403 926
403 935
403 990
404 430
404 467
404 571
404 573
404 637
404 656
404 667
404 743
404 750
404 769
404 823
404 867
404 998
406 471
406 481
406 574
406 705
406 748
406 805
406 809
406 858
406 862
406 879
406 934
406 950
406 968
406 999
407 412
407 438
407 464
407 482
407 497
407 591
407 627
407 662
407 734
407 774
407 829
407 980
408 427
408 453
408 599
408 714
408 722
408 762
408 769
408 812
408 829
408 830
408 863
408 977
408 992
408 997
409 605
409 652
409 724
409 753
409 836
409 838
409 890
409 892
409 902
409 949
409 959
409 982
409 987
409 989
410 526
410 543
410 560
410 617
410 643
410 680
410 728
410 780
410 790
410 842
410 846
410 882
411 468
411 491
411 502
411 517
411 567
411 620
411 630
411 635
411 686
411 745
411 911
411 960
411 964
412 438
412 464
412 497
412 591
412 627
412 666
412 774
412 829
412 848
412 850
412 980
413 422
413 432
413 436
413 469
413 529
413 595
413 629
413 632
413 642
413 810
413 847
413 979
414 473
414 781
414 789
414 807
414 824
414 845
414 857
414 912
414 968
414 993
415 528
415 553
415 622
415 641
415 670
415 694
415 712
415 740
415 814
415 873
415 889
415 904
415 918
415 989
416 419
416 570
416 626
416 660
416 703
416 704
416 747
416 822
416 884
416 962
416 975
417 512
417 657
417 676
417 747
417 763
417 770
417 794
417 833
417 850
417 895
417 917
417 946
417 947
417 961
419 555
419 570
419 660
419 718
419 739
419 747
419 803
419 849
419 884
419 945
419 962
419 975
420 447
420 576
420 585
420 645
420 655
420 671
420 751
420 752
420 778
420 793
420 885
420 916
420 940
420 944
420 990
421 482
421 521
421 541
421 570
421 624
421 641
421 694
421 712
421 740
421 814
421 873
421 889
421 904
421 918
421 989
422 529
422 534
422 595
422 632
422 669
422 683
422 810
422 847
422 869
422 909
422 979
423 560
423 601
423 617
423 680
423 682
423 768
423 780
423 786
423 790
423 837
423 846
423 882
424 435
424 461
424 463
424 505
424 551
424 584
424 667
424 705
424 715
424 860
424 953
424 986
425 431
425 519
425 545
425 553
425 673
425 734
425 767
425 819
425 820
425 828
425 887
425 891
425 907
425 915
425 930
425 955
426 454
426 468
426 472
426 546
426 681
426 731
426 751
426 761
426 852
426 899
426 929
426 992
427 722
427 776
427 826
427 830
427 863
427 908
427 943
427 951
427 959
427 977
427 997
429 450
429 478
429 493
429 587
429 666
429 668
429 690
429 725
429 840
429 907
429 994
429 995
430 467
430 496
430 566
430 571
430 588
430 656
430 667
430 686
430 743
430 750
430 769
430 817
430 867
431 515
431 580
431 581
431 582
431 689
431 692
431 796
431 823
431 842
431 843
431 897
431 919
431 947
431 991
432 546
432 593
432 614
432 681
432 751
432 754
432 761
432 899
432 912
432 929
432 992
433 438
433 644
433 743
433 760
433 781
433 789
433 807
433 824
433 857
433 870
433 912
433 918
433 993
434 611
434 791
434 914
434 919
434 928
434 942
434 952
434 969
434 974
434 976
435 505
435 551
435 584
435 705
435 715
435 837
435 860
435 953
435 995
436 529
436 573
436 595
436 604
436 669
436 725
436 810
436 847
436 873
436 920
436 979
437 489
437 493
437 515
437 582
437 602
437 608
437 614
437 676
437 692
437 842
437 919
437 966
437 985
437 991
438 497
438 591
438 627
438 741
438 762
438 774
438 829
438 980
439 445
439 499
439 504
439 537
439 544
439 559
439 579
439 606
439 710
439 713
439 777
439 797
439 933
439 940
440 477
440 607
440 662
440 679
440 733
440 811
440 861
440 898
440 923
440 971
440 981
440 998
441 452
441 569
441 585
441 624
441 678
441 693
441 706
441 777
441 785
441 859
441 883
441 926
441 972
441 990
441 995
442 444
442 488
442 525
442 613
442 646
442 717
442 728
442 756
442 818
442 827
442 965
443 538
443 593
443 624
443 678
443 706
443 711
443 785
443 859
443 861
443 883
443 920
443 921
443 934
443 935
443 972
443 990
444 525
444 568
444 570
444 613
444 631
444 644
444 646
444 756
444 818
444 827
444 871
444 965
444 977
445 486
445 502
445 559
445 579
445 606
445 710
445 719
445 730
445 777
445 797
446 479
446 512
446 562
446 707
446 827
446 843
446 850
446 895
446 900
446 917
446 933
446 946
446 961
446 977
447 448
447 465
447 470
447 531
447 655
447 671
447 766
447 771
447 881
447 885
447 916
447 940
447 944
448 627
448 688
448 730
448 750
448 771
448 778
448 793
448 881
448 885
448 916
448 940
448 944
449 474
449 523
449 526
449 528
449 728
449 761
449 780
449 787
449 790
449 837
449 846
449 882
450 470
450 587
450 618
450 642
450 666
450 690
450 725
450 759
450 798
450 840
450 907
451 621
451 623
451 734
451 788
451 820
451 828
451 887
451 888
451 891
451 915
451 930
451 955
451 995
452 479
452 512
452 588
452 618
452 763
452 833
452 843
452 850
452 895
452 900
452 917
452 933
452 946
452 961
453 714
453 739
453 749
453 812
453 869
453 894
453 908
453 948
453 958
453 977
453 997
454 482
454 556
454 731
454 751
454 754
454 761
454 807
454 837
454 899
454 929
454 992
455 488
455 549
455 647
455 697
455 703
455 795
455 798
455 848
455 864
455 876
455 896
455 937
456 485
456 510
456 539
456 601
456 636
456 699
456 726
456 734
456 854
457 500
457 532
457 639
457 700
457 736
457 737
457 741
457 872
457 906
457 954
458 509
458 532
458 563
458 685
458 696
458 746
458 752
458 815
458 895
458 972
459 599
459 615
459 760
459 807
459 822
459 824
459 857
459 870
459 912
459 993
460 489
460 491
460 559
460 581
460 602
460 608
460 689
460 692
460 817
460 842
460 947
460 966
460 985
460 986
461 463
461 551
461 584
461 705
461 715
461 811
461 860
461 953
462 465
462 519
462 545
462 678
462 734
462 774
462 788
462 819
462 881
462 887
462 888
462 891
462 915
462 930
462 955
463 567
463 584
463 703
463 705
463 715
463 860
463 949
463 953
464 497
464 591
464 627
464 774
464 829
464 972
464 980
465 533
465 611
465 612
465 649
465 746
465 806
465 841
465 901
465 938
466 467
466 479
466 501
466 580
466 657
466 676
466 833
466 835
466 843
466 850
466 895
466 917
466 933
467 566
467 571
467 637
467 656
467 667
467 743
467 750
467 769
467 795
467 813
467 867
468 567
468 597
468 620
468 630
468 635
468 684
468 688
468 772
468 903
468 911
468 934
468 960
468 964
469 532
469 647
469 677
469 697
469 743
469 795
469 798
469 845
469 848
469 864
469 876
469 896
469 937
470 530
470 587
470 592
470 618
470 690
470 698
470 725
470 907
470 981
471 480
471 588
471 610
471 674
471 675
471 720
471 740
471 742
471 800
471 809
471 858
471 879
471 950
471 968
471 999
472 640
472 674
472 825
472 852
472 874
472 893
472 924
472 961
472 986
472 994
472 995
473 549
473 615
473 745
473 781
473 789
473 824
473 834
473 870
473 912
473 945
473 993
474 523
474 526
474 543
474 560
474 617
474 643
474 682
474 728
474 790
474 791
474 837
474 882
474 891
474 920
476 506
476 572
476 652
476 676
476 687
476 724
476 813
476 838
476 853
476 877
476 892
476 893
476 902
476 949
476 959
476 987
477 801
477 847
477 894
477 898
477 905
477 923
477 930
477 941
477 971
477 998
478 596
478 679
478 698
478 878
478 905
478 939
478 957
478 958
478 971
478 983
478 993
478 998
479 485
479 657
479 676
479 763
479 794
479 795
479 833
479 843
479 849
479 850
479 917
479 946
480 593
480 602
480 607
480 650
480 801
480 811
480 878
480 941
480 943
480 957
480 958
480 971
480 981
480 983
480 998
481 520
481 552
481 578
481 651
481 710
481 729
481 730
481 738
481 875
481 914
481 952
481 953
481 969
481 974
481 976
482 501
482 546
482 584
482 593
482 731
482 740
482 751
482 761
482 899
482 929
482 992
483 498
483 552
483 578
483 631
483 729
483 764
483 926
483 928
483 952
483 958
483 969
483 974
483 976
484 599
484 606
484 667
484 739
484 744
484 762
484 776
484 787
484 835
484 863
484 908
484 943
484 948
484 951
484 977
484 997
485 510
485 526
485 539
485 636
485 699
485 726
485 749
485 854
485 947
486 495
486 565
486 655
486 688
486 728
486 766
486 771
486 778
486 793
486 881
486 885
486 916
486 940
486 977
487 488
487 552
487 572
487 687
487 709
487 753
487 808
487 838
487 877
487 892
487 902
487 949
487 959
488 572
488 605
488 619
488 687
488 724
488 727
488 753
488 785
488 808
488 892
488 959
488 987
489 515
489 523
489 548
489 716
489 796
489 798
489 866
489 909
489 919
489 947
489 966
489 985
489 991
491 497
491 499
491 580
491 608
491 641
491 692
491 716
491 758
491 817
491 866
491 919
491 966
491 985
491 991
493 530
493 586
493 592
493 618
493 666
493 668
493 690
493 725
493 809
493 840
493 907
493 916
495 498
495 565
495 645
495 671
495 766
495 771
495 793
495 853
495 881
495 885
495 916
495 940
495 944
496 497
496 566
496 571
496 637
496 656
496 667
496 743
496 750
496 769
496 862
496 867
497 511
497 591
497 627
497 774
497 829
497 830
497 980
498 520
498 651
498 764
498 791
498 875
498 914
498 928
498 942
498 969
498 976
499 561
499 661
499 668
499 702
499 802
499 831
499 835
499 927
499 932
499 982
499 984
499 988
500 601
500 700
500 736
500 737
500 741
500 872
500 881
500 906
500 942
500 954
501 593
501 681
501 731
501 751
501 754
501 761
501 788
501 899
501 929
501 992
502 597
502 630
502 684
502 732
502 745
502 772
502 877
502 903
502 911
502 960
502 964
502 971
504 537
504 544
504 579
504 710
504 713
504 719
504 777
504 797
505 551
505 584
505 705
505 715
505 811
505 860
505 907
505 930
505 953
505 969
506 605
506 675
506 687
506 727
506 828
506 838
506 853
506 877
506 890
506 892
506 902
506 923
506 949
506 959
506 987
509 550
509 563
509 696
509 746
509 752
509 813
509 815
509 848
510 539
510 601
510 636
510 699
510 726
510 807
510 854
510 923
511 522
511 540
511 549
511 677
511 798
511 845
511 848
511 854
511 876
511 921
511 937
512 657
512 707
512 763
512 770
512 843
512 900
512 933
512 946
512 961
512 999
513 574
513 700
513 724
513 727
513 761
513 808
513 836
513 877
513 890
513 892
513 949
513 959
513 987
515 582
515 602
515 689
515 796
515 842
515 897
515 909
515 934
515 947
515 953
515 966
515 985
516 654
516 704
516 747
516 765
516 824
516 849
516 882
516 884
516 935
516 945
516 952
516 962
516 975
517 567
517 597
517 620
517 628
517 630
517 686
517 772
517 817
517 903
517 960
517 964
518 651
518 730
518 738
518 791
518 875
518 894
518 914
518 928
518 942
518 969
518 974
518 976
519 597
519 606
519 623
519 673
519 767
519 788
519 819
519 820
519 828
519 887
519 891
519 915
519 924
519 930
519 955
520 631
520 729
520 730
520 764
520 791
520 810
520 829
520 875
520 905
520 928
520 969
521 528
521 622
521 670
521 694
521 712
521 740
521 814
521 866
521 873
521 887
521 889
521 904
521 918
521 989
521 990
522 647
522 658
522 697
522 795
522 798
522 845
522 848
522 864
522 889
522 896
522 937
523 526
523 560
523 617
523 643
523 680
523 682
523 759
523 780
523 790
523 837
523 846
523 882
523 951
525 613
525 651
525 691
525 756
525 795
525 818
525 827
525 857
525 871
525 965
526 543
526 617
526 682
526 728
526 790
526 837
526 846
526 882
526 888
526 946
527 533
527 612
527 649
527 714
527 717
527 740
527 806
527 817
527 834
527 841
527 901
527 938
527 939
528 541
528 584
528 622
528 670
528 712
528 740
528 814
528 873
528 889
528 904
528 918
528 989
529 573
529 595
529 604
529 669
529 744
529 810
529 847
529 979
530 587
530 592
530 611
530 618
530 666
530 668
530 682
530 725
530 840
530 907
531 572
531 605
531 652
531 753
531 813
531 838
531 851
531 853
531 877
531 892
531 902
531 949
531 959
531 987
532 574
532 675
532 685
532 721
532 742
532 748
532 759
532 800
532 809
532 858
532 879
532 934
532 950
532 968
532 999
533 542
533 557
533 612
533 717
533 754
533 806
533 841
533 890
533 901
533 938
534 592
534 595
534 624
534 669
534 810
534 847
534 979
536 540
536 589
536 616
536 693
536 785
536 859
536 883
536 918
536 920
536 921
536 926
536 935
536 972
536 986
536 990
537 544
537 559
537 579
537 643
537 710
537 713
537 719
537 724
537 777
537 797
537 851
537 954
538 544
538 569
538 589
538 693
538 698
538 711
538 785
538 802
538 861
538 883
538 921
538 926
538 928
538 935
538 972
538 990
539 601
539 636
539 690
539 699
539 726
539 780
539 797
539 854
539 975
540 647
540 677
540 697
540 768
540 798
540 845
540 848
540 864
540 876
540 896
540 937
541 553
541 641
541 670
541 694
541 712
541 722
541 740
541 814
541 873
541 889
541 904
541 918
541 924
541 989
541 993
542 543
542 555
542 654
542 703
542 718
542 765
542 800
542 822
542 849
542 945
542 962
542 975
543 643
543 649
543 680
543 728
543 734
543 790
543 837
543 846
543 847
544 559
544 579
544 710
544 719
544 777
544 797
544 826
544 968
545 621
545 673
545 734
545 767
545 783
545 788
545 828
545 850
545 887
545 888
545 891
545 915
545 928
545 930
545 955
545 990
546 593
546 662
546 751
546 754
546 761
546 778
546 847
546 876
546 899
546 929
546 992
547 595
547 644
547 661
547 702
547 768
547 784
547 799
547 816
547 819
547 917
547 927
547 932
547 982
547 988
548 560
548 578
548 631
548 729
548 730
548 914
548 928
548 942
548 952
548 969
548 974
548 976
548 991
549 615
549 760
549 781
549 807
549 824
549 857
549 870
549 872
549 912
549 993
550 568
550 685
550 696
550 746
550 752
550 814
550 815
551 584
551 615
551 705
551 715
551 860
551 902
551 953
552 631
552 730
552 738
552 764
552 771
552 872
552 928
552 942
552 952
552 969
552 976
553 622
553 641
553 670
553 694
553 712
553 740
553 814
553 873
553 889
553 904
553 918
553 989
555 569
555 570
555 620
555 626
555 629
555 671
555 703
555 704
555 822
555 849
555 884
555 945
555 962
555 975
556 558
556 568
556 616
556 646
556 683
556 691
556 801
556 827
556 871
556 965
557 567
557 597
557 628
557 630
557 686
557 732
557 745
557 772
557 903
557 911
557 960
557 964
557 986
557 991
558 636
558 646
558 650
558 683
558 691
558 756
558 818
558 827
558 828
558 863
558 871
558 965
559 579
559 606
559 710
559 713
559 719
559 777
559 797
559 959
560 643
560 646
560 680
560 682
560 728
560 753
560 760
560 837
560 846
560 882
561 582
561 608
561 758
561 776
561 789
561 796
561 842
561 897
561 909
561 919
561 947
561 966
561 985
561 991
562 657
562 676
562 727
562 770
562 794
562 843
562 851
562 895
562 900
562 933
562 946
562 955
563 685
563 696
563 746
563 752
563 815
563 900
563 958
563 987
564 596
564 619
564 644
564 661
564 757
564 784
564 787
564 799
564 816
564 835
564 910
564 919
564 927
564 932
564 984
564 988
565 655
565 688
565 766
565 771
565 774
565 778
565 789
565 793
565 885
565 940
565 944
566 571
566 637
566 656
566 667
566 728
566 743
566 750
566 769
566 778
566 806
566 867
567 628
567 635
567 686
567 732
567 745
567 899
567 911
567 943
567 960
567 964
567 997
568 613
568 630
568 646
568 683
568 691
568 766
568 818
568 827
568 871
568 965
569 616
569 624
569 711
569 859
569 861
569 883
569 920
569 921
569 935
569 972
569 979
569 990
570 654
570 704
570 747
570 765
570 822
570 849
570 884
570 945
570 962
570 964
570 975
571 605
571 637
571 656
571 667
571 693
571 721
571 743
571 750
571 769
571 867
571 874
572 652
572 687
572 724
572 813
572 836
572 853
572 890
572 892
572 902
572 926
572 949
572 959
572 987
572 997
573 595
573 604
573 629
573 632
573 691
573 810
573 847
573 969
573 979
574 675
574 721
574 748
574 759
574 764
574 800
574 805
574 809
574 814
574 858
574 862
574 879
574 934
574 968
574 987
574 999
576 645
576 655
576 688
576 766
576 773
576 778
576 793
576 836
576 881
576 916
576 940
576 944
578 631
578 658
578 729
578 730
578 760
578 770
578 875
578 911
578 914
578 928
578 942
578 969
578 974
579 606
579 640
579 713
579 719
579 759
579 777
579 797
580 581
580 610
580 758
580 796
580 817
580 823
580 900
580 909
580 919
580 947
580 966
580 985
580 991
581 614
581 692
581 716
581 758
581 796
581 842
581 858
581 892
581 897
581 909
581 919
581 947
581 954
581 980
581 985
581 991
582 602
582 689
582 717
582 758
582 810
582 866
582 897
582 909
582 919
582 947
582 966
582 985
582 998
584 585
584 705
584 715
584 860
584 876
584 953
585 589
585 616
585 624
585 693
585 701
585 711
585 852
585 859
585 861
585 920
585 921
585 935
585 972
585 981
585 990
586 592
586 618
586 642
586 666
586 668
586 725
586 733
586 840
586 907
587 592
587 618
587 668
587 690
587 725
587 840
587 907
588 720
588 721
588 748
588 759
588 800
588 805
588 809
588 858
588 862
588 879
588 934
588 950
588 968
588 994
588 999
589 616
589 661
589 693
589 698
589 711
589 785
589 838
589 839
589 859
589 883
589 909
589 920
589 921
589 926
589 972
589 990
590 650
590 696
590 733
590 809
590 811
590 878
590 905
590 941
590 945
590 958
590 981
590 983
590 998
591 627
591 774
591 829
591 860
591 980
592 618
592 642
592 666
592 668
592 768
592 840
592 907
593 681
593 731
593 751
593 754
593 758
593 761
593 899
593 915
593 929
593 992
595 604
595 629
595 669
595 788
595 810
595 979
596 673
596 801
596 878
596 923
596 939
596 941
596 957
596 958
596 971
596 980
596 983
596 998
597 620
597 630
597 684
597 686
597 745
597 903
597 911
597 960
597 964
597 994
598 639
598 700
598 736
598 741
598 841
598 872
598 883
598 906
598 928
598 954
598 979
599 600
599 610
599 634
599 722
599 762
599 787
599 830
599 863
599 896
599 908
599 943
599 977
599 994
599 997
600 674
600 763
600 786
600 803
600 825
600 839
600 852
600 874
600 893
600 894
600 924
600 963
600 986
600 994
600 995
601 636
601 699
601 726
601 842
601 854
601 959
602 608
602 716
602 817
602 823
602 842
602 859
602 866
602 897
602 909
602 966
604 629
604 632
604 810
604 816
604 826
604 847
604 979
605 608
605 727
605 753
605 799
605 808
605 813
605 853
605 877
605 890
605 892
605 949
605 959
605 974
605 987
606 710
606 713
606 719
606 777
606 797
606 836
606 838
607 679
607 687
607 733
607 811
607 878
607 891
607 905
607 939
607 957
607 958
607 966
607 971
607 981
608 641
608 689
608 716
608 817
608 823
608 842
608 897
608 911
608 947
608 966
608 985
610 634
610 722
610 724
610 744
610 749
610 776
610 787
610 812
610 830
610 863
610 869
610 943
610 948
610 951
611 612
611 649
611 806
611 834
611 841
611 901
611 938
611 980
612 649
612 716
612 772
612 806
612 817
612 834
612 841
612 883
612 901
612 938
613 643
613 691
613 818
613 819
613 824
613 827
613 871
613 906
613 947
613 965
614 615
614 642
614 689
614 703
614 758
614 796
614 817
614 842
614 866
614 897
614 909
614 919
614 947
614 966
614 985
615 760
615 781
615 789
615 807
615 834
615 870
615 912
615 919
615 993
616 678
616 693
616 859
616 861
616 878
616 920
616 926
616 935
616 972
616 990
617 643
617 699
617 709
617 728
617 780
617 837
617 846
617 882
617 921
617 953
618 666
618 668
618 690
618 725
618 822
618 840
618 907
618 960
618 968
619 702
619 734
619 784
619 799
619 802
619 816
619 831
619 835
619 910
619 927
619 932
619 963
619 965
619 984
619 988
620 628
620 630
620 635
620 684
620 686
620 745
620 768
620 772
620 883
620 903
620 911
620 960
620 964
621 623
621 767
621 783
621 788
621 819
621 820
621 822
621 828
621 830
621 887
621 888
621 891
621 915
621 930
621 955
622 670
622 694
622 710
622 712
622 740
622 814
622 817
622 866
622 873
622 889
622 904
622 918
622 989
623 640
623 649
623 673
623 734
623 765
623 783
623 819
623 820
623 828
623 849
623 887
623 888
623 891
623 915
623 930
623 955
624 678
624 698
624 701
624 706
624 785
624 796
624 861
624 921
624 926
624 938
624 972
624 990
626 630
626 632
626 654
626 660
626 703
626 718
626 765
626 808
626 849
626 884
626 941
626 962
626 975
627 669
627 774
627 816
627 829
627 923
627 980
628 635
628 684
628 713
628 732
628 745
628 765
628 772
628 903
628 911
628 960
628 964
629 632
629 750
629 772
629 810
629 847
629 979
630 686
630 732
630 745
630 903
630 960
630 961
631 651
631 791
631 840
631 875
631 903
631 914
631 942
631 952
631 969
631 974
631 976
632 669
632 810
632 825
632 847
632 938
632 979
632 983
634 749
634 762
634 765
634 812
634 830
634 863
634 869
634 908
634 940
634 943
634 948
634 951
634 954
634 977
634 981
634 997
635 640
635 686
635 732
635 772
635 867
635 895
635 903
635 911
635 960
635 964
635 993
636 699
636 726
636 854
637 656
637 667
637 743
637 750
637 769
637 867
637 911
637 984
639 642
639 700
639 736
639 737
639 738
639 741
639 872
639 895
639 906
639 916
639 954
640 709
640 773
640 803
640 825
640 826
640 839
640 852
640 893
640 924
640 963
640 986
640 994
640 995
641 670
641 694
641 712
641 740
641 814
641 873
641 884
641 889
641 904
641 918
641 989
642 666
642 668
642 690
642 725
642 840
642 907
642 984
642 998
643 680
643 682
643 728
643 780
643 790
643 837
643 882
643 894
643 902
644 654
644 784
644 799
644 802
644 927
644 932
644 982
644 984
644 988
645 655
645 657
645 671
645 688
645 766
645 771
645 778
645 846
645 916
645 940
645 944
646 683
646 741
646 754
646 756
646 827
646 871
646 942
646 965
647 658
647 677
647 697
647 753
647 795
647 798
647 845
647 848
647 864
647 876
647 896
647 906
647 937
647 985
649 669
649 717
649 806
649 834
649 901
649 938
650 679
650 736
650 801
650 878
650 898
650 905
650 923
650 939
650 957
650 958
650 961
650 971
650 981
650 983
651 729
651 730
651 764
651 819
651 914
651 942
651 951
651 952
651 957
651 974
651 976
652 660
652 687
652 702
652 724
652 727
652 753
652 785
652 808
652 813
652 853
652 877
652 902
652 949
652 959
652 982
652 987
654 660
654 718
654 737
654 747
654 765
654 822
654 884
654 945
654 962
654 975
655 656
655 688
655 771
655 778
655 793
655 916
655 944
656 667
656 743
656 750
656 769
656 867
656 873
656 981
656 995
657 676
657 707
657 746
657 763
657 833
657 843
657 895
657 917
657 946
657 961
658 677
658 702
658 795
658 798
658 845
658 848
658 876
658 896
658 937
658 986
660 703
660 704
660 718
660 747
660 765
660 822
660 884
660 945
660 962
660 975
660 998
661 667
661 768
661 799
661 802
661 816
661 831
661 878
661 882
661 910
661 927
661 932
661 984
661 988
662 811
662 851
662 859
662 878
662 898
662 905
662 939
662 941
662 958
662 981
662 983
662 998
666 668
666 690
666 733
666 810
666 840
666 852
666 907
667 743
667 750
667 769
667 827
667 867
668 690
668 694
668 840
668 907
668 987
669 810
669 847
669 889
669 979
670 694
670 712
670 740
670 814
670 833
670 871
670 873
670 889
670 904
670 918
670 972
670 989
671 688
671 766
671 771
671 778
671 790
671 793
671 876
671 881
671 885
671 916
671 944
671 945
673 734
673 767
673 788
673 819
673 820
673 823
673 828
673 887
673 888
673 891
673 899
673 915
673 930
673 955
674 803
674 825
674 826
674 839
674 874
674 894
674 924
674 940
674 963
674 986
674 994
675 720
675 721
675 742
675 800
675 805
675 840
675 858
675 862
675 879
675 934
675 950
675 968
675 999
676 683
676 707
676 738
676 770
676 794
676 895
676 900
676 917
676 933
676 946
676 961
677 686
677 697
677 795
677 798
677 845
677 848
677 864
677 871
677 876
677 896
677 937
678 680
678 693
678 697
678 698
678 701
678 706
678 711
678 777
678 785
678 859
678 883
678 920
678 921
678 935
678 972
678 990
679 733
679 808
679 811
679 851
679 859
679 898
679 923
679 939
679 941
679 957
679 963
679 974
679 998
680 682
680 713
680 728
680 739
680 784
680 790
680 837
680 846
680 882
681 731
681 736
681 751
681 754
681 761
681 848
681 857
681 887
681 899
681 929
681 992
682 728
682 778
682 780
682 790
682 837
682 846
682 882
682 915
683 691
683 818
683 827
683 843
683 871
683 876
683 965
684 686
684 732
684 745
684 903
684 911
684 960
684 964
685 696
685 721
685 746
685 752
685 815
685 904
686 732
686 772
686 798
686 903
686 911
686 960
686 964
687 753
687 826
687 838
687 853
687 890
687 902
687 949
687 987
688 689
688 691
688 771
688 881
688 885
688 916
688 930
688 940
688 944
689 692
689 716
689 758
689 823
689 888
689 897
689 929
689 947
689 966
689 985
689 991
690 725
690 840
690 845
690 897
690 907
691 756
691 770
691 818
691 827
691 871
691 927
691 965
692 716
692 842
692 860
692 866
692 947
692 954
692 966
692 985
692 991
693 698
693 701
693 706
693 711
693 859
693 861
693 926
693 935
693 972
693 990
694 712
694 740
694 814
694 835
694 873
694 889
694 904
694 918
694 921
694 975
694 989
694 999
696 746
696 752
696 815
696 824
696 853
696 943
697 731
697 795
697 798
697 845
697 848
697 864
697 876
697 896
697 919
697 937
697 965
698 701
698 711
698 737
698 859
698 861
698 883
698 895
698 920
698 926
698 933
698 935
698 972
698 990
699 726
699 773
699 854
699 915
699 947
700 736
700 737
700 864
700 872
700 906
700 954
701 785
701 786
701 859
701 861
701 883
701 892
701 920
701 921
701 926
701 935
701 972
701 990
702 757
702 768
702 784
702 799
702 816
702 825
702 910
702 927
702 932
702 982
702 984
702 988
703 704
703 718
703 747
703 822
703 937
703 941
703 945
703 962
703 975
704 718
704 747
704 758
704 765
704 769
704 822
704 849
704 858
704 884
704 962
704 975
705 715
705 852
705 860
705 953
705 963
705 964
706 711
706 763
706 861
706 920
706 921
706 926
706 935
706 959
706 972
706 990
707 762
707 763
707 770
707 843
707 895
707 900
707 917
707 933
707 946
707 961
707 991
707 993
709 749
709 773
709 803
709 825
709 826
709 852
709 874
709 889
709 893
709 924
709 963
709 986
709 994
709 995
710 713
710 719
710 777
710 797
711 785
711 803
711 805
711 831
711 859
711 883
711 920
711 921
711 926
711 935
711 972
711 990
712 715
712 718
712 740
712 795
712 814
712 862
712 873
712 889
712 904
712 918
712 989
713 719
713 750
713 777
713 797
714 721
714 722
714 739
714 776
714 787
714 830
714 835
714 863
714 869
714 908
714 943
714 948
714 951
714 964
714 977
714 997
715 747
715 802
715 860
715 893
715 927
715 953
716 758
716 796
716 823
716 842
716 870
716 897
716 909
716 919
716 947
716 966
716 974
717 784
717 806
717 824
717 834
717 841
717 901
717 938
718 747
718 765
718 822
718 884
718 945
718 952
718 962
718 971
718 975
719 727
719 777
719 797
719 960
720 721
720 724
720 736
720 748
720 759
720 805
720 809
720 814
720 858
720 862
720 879
720 934
720 950
720 968
720 999
721 742
721 748
721 759
721 800
721 805
721 809
721 858
721 862
721 934
721 950
721 957
721 968
721 999
722 739
722 776
722 787
722 812
722 830
722 863
722 866
722 879
722 908
722 943
722 951
722 977
722 997
724 753
724 838
724 853
724 877
724 890
724 892
724 949
724 959
724 987
725 770
725 783
725 840
725 907
726 772
726 797
726 802
726 850
726 854
726 976
727 733
727 753
727 808
727 813
727 836
727 838
727 853
727 861
727 877
727 890
727 892
727 902
727 959
727 987
728 752
728 780
728 837
728 846
728 882
729 738
729 752
729 760
729 875
729 914
729 928
729 942
729 952
729 974
729 975
729 976
730 860
730 887
730 914
730 928
730 942
730 952
730 969
730 974
730 976
730 984
731 751
731 754
731 761
731 768
731 899
731 914
731 929
731 992
732 745
732 772
732 903
732 911
732 960
732 964
733 793
733 801
733 837
733 851
733 898
733 905
733 939
733 941
733 957
733 958
733 998
734 767
734 783
734 819
734 820
734 828
734 887
734 888
734 891
734 915
734 930
734 934
734 955
736 737
736 741
736 872
736 896
736 906
736 954
737 741
737 801
737 872
737 906
737 954
738 791
738 872
738 875
738 914
738 928
738 952
738 969
738 974
738 976
739 742
739 749
739 762
739 770
739 787
739 908
739 943
739 948
739 951
739 977
739 997
740 814
740 873
740 889
740 904
740 918
740 989
741 866
741 872
741 906
741 954
742 748
742 800
742 805
742 858
742 862
742 879
742 883
742 934
742 946
742 950
742 968
742 999
743 750
743 769
743 867
743 885
744 747
744 749
744 787
744 796
744 812
744 830
744 869
744 896
744 908
744 929
744 943
744 948
744 951
744 977
744 997
745 800
745 903
745 911
745 946
745 960
745 964
746 752
746 815
746 846
747 765
747 822
747 849
747 884
747 945
747 962
747 975
748 759
748 763
748 800
748 809
748 858
748 862
748 892
748 934
748 950
748 968
748 999
749 762
749 776
749 787
749 812
749 830
749 863
749 869
749 947
749 948
749 951
749 977
749 997
750 769
750 836
750 867
751 754
751 761
751 899
751 910
751 918
751 929
751 975
751 992
752 815
752 877
753 815
753 836
753 838
753 853
753 877
753 890
753 932
753 949
753 959
753 987
754 761
754 853
754 899
754 929
754 987
754 992
756 827
756 871
756 910
756 965
756 993
757 761
757 768
757 784
757 799
757 802
757 831
757 835
757 910
757 927
757 982
757 984
757 988
758 817
758 842
758 848
758 897
758 909
758 919
758 947
758 985
758 991
759 794
759 800
759 805
759 858
759 871
759 879
759 934
759 950
759 968
759 999
760 781
760 807
760 824
760 857
760 870
760 912
760 983
760 984
760 993
761 872
761 899
761 929
761 992
762 776
762 787
762 812
762 869
762 928
762 951
762 962
762 965
762 977
763 794
763 833
763 850
763 895
763 917
763 933
763 946
763 961
764 791
764 793
764 853
764 891
764 914
764 928
764 930
764 942
764 952
764 974
764 976
765 822
765 843
765 849
765 945
765 962
765 975
766 771
766 778
766 793
766 871
766 881
766 885
766 916
766 940
766 944
766 954
767 788
767 819
767 820
767 828
767 846
767 887
767 888
767 891
767 915
767 930
767 955
768 784
768 799
768 816
768 835
768 910
768 927
768 982
768 984
769 809
769 867
769 938
769 952
770 794
770 798
770 833
770 843
770 850
770 895
770 900
770 917
770 933
770 937
770 946
770 961
771 778
771 793
771 881
771 885
771 905
771 916
771 940
771 944
772 842
772 903
772 911
772 960
772 964
772 993
773 780
773 786
773 825
773 826
773 839
773 874
773 893
773 894
773 917
773 963
773 986
773 994
773 995
774 777
774 815
774 829
774 980
776 787
776 812
776 863
776 869
776 937
776 943
776 951
776 964
776 969
776 977
776 997
777 797
777 911
778 793
778 885
778 911
778 916
778 940
780 790
780 837
780 846
780 882
780 902
781 789
781 824
781 857
781 870
781 882
781 912
781 941
781 993
783 788
783 819
783 820
783 823
783 828
783 887
783 888
783 891
783 903
783 915
783 930
783 955
784 786
784 816
784 831
784 835
784 897
784 899
784 927
784 932
784 982
784 984
784 988
785 859
785 861
785 870
785 874
785 883
785 920
785 921
785 926
785 935
785 972
785 980
785 990
786 803
786 825
786 826
786 839
786 893
786 894
786 924
786 963
786 986
786 993
786 994
786 995
787 812
787 908
787 943
787 948
787 951
787 977
787 985
787 997
788 819
788 820
788 828
788 888
788 891
788 915
788 918
788 930
788 955
788 968
789 807
789 847
789 857
789 870
789 912
789 929
789 993
790 793
790 830
790 846
790 882
790 888
790 981
791 797
791 808
791 845
791 914
791 928
791 942
791 952
791 969
791 974
791 976
793 881
793 885
793 916
793 940
793 944
793 989
794 843
794 850
794 877
794 900
794 917
794 933
794 940
794 961
794 976
795 797
795 845
795 848
795 864
795 876
795 896
795 937
796 817
796 823
796 850
796 866
796 897
796 919
796 926
796 947
796 985
796 991
798 845
798 848
798 876
798 896
798 937
798 999
799 802
799 805
799 816
799 831
799 927
799 932
799 984
799 988
800 862
800 863
800 879
800 934
800 950
800 959
800 968
800 999
801 851
801 878
801 898
801 905
801 939
801 955
801 957
801 958
801 971
801 981
802 816
802 831
802 833
802 838
802 910
802 927
802 932
802 982
802 984
803 808
803 825
803 852
803 874
803 893
803 924
803 935
803 963
803 986
803 994
803 995
805 809
805 820
805 858
805 862
805 879
805 904
805 934
805 950
805 968
805 999
806 834
806 841
806 901
806 920
806 938
807 812
807 824
807 837
807 857
807 870
807 912
807 993
808 836
808 838
808 853
808 890
808 892
808 902
808 949
808 959
808 987
809 818
809 858
809 862
809 864
809 879
809 934
809 950
809 968
809 999
810 847
810 893
810 979
811 836
811 851
811 878
811 905
811 923
811 939
811 941
811 958
811 981
811 983
811 998
812 814
812 830
812 863
812 869
812 943
812 948
812 951
812 975
812 976
812 977
813 820
813 835
813 836
813 838
813 853
813 877
813 890
813 902
813 949
813 959
814 873
814 889
814 904
814 918
814 989
815 830
815 848
815 908
816 831
816 835
816 900
816 910
816 927
816 932
816 982
816 984
816 988
817 842
817 866
817 893
817 897
817 909
817 947
817 966
817 985
817 991
818 827
818 915
818 939
818 944
818 965
819 820
819 828
819 887
819 888
819 891
819 915
819 923
819 930
819 955
820 828
820 887
820 888
820 898
820 915
820 930
820 955
822 823
822 849
822 884
822 926
822 945
822 962
822 975
823 842
823 866
823 897
823 909
823 919
823 947
823 957
823 966
823 971
823 985
823 991
824 853
824 857
824 870
824 912
824 977
824 993
825 839
825 852
825 874
825 893
825 894
825 917
825 924
825 963
825 994
825 995
826 839
826 852
826 864
826 883
826 894
826 924
826 963
826 986
826 994
826 995
827 843
827 871
827 965
828 887
828 888
828 891
828 915
828 930
828 955
829 948
829 980
830 908
830 943
830 948
830 951
830 977
830 997
831 835
831 840
831 910
831 927
831 932
831 972
831 984
831 988
833 843
833 850
833 895
833 900
833 903
833 933
833 946
833 961
834 841
834 872
834 901
834 938
835 875
835 910
835 927
835 932
835 982
835 988
836 838
836 877
836 890
836 892
836 902
836 949
836 959
836 987
837 846
837 882
837 910
838 877
838 889
838 892
838 902
838 949
838 959
838 980
838 987
839 852
839 866
839 875
839 893
839 894
839 924
839 963
839 986
839 994
839 995
840 875
840 907
840 966
841 901
841 938
842 846
842 897
842 909
842 919
842 949
842 966
842 991
843 850
843 895
843 900
843 917
843 933
843 946
843 961
845 848
845 861
845 864
845 876
845 896
845 937
846 882
847 979
847 998
848 864
848 876
848 896
848 937
849 884
849 945
849 962
849 975
850 895
850 933
850 946
850 961
851 878
851 898
851 905
851 920
851 939
851 941
851 957
851 958
851 981
851 983
851 998
852 874
852 894
852 986
852 994
852 995
853 877
853 890
853 892
853 902
853 949
853 957
853 959
853 987
854 896
854 939
857 881
857 912
857 953
857 993
858 862
858 879
858 934
858 950
858 968
858 984
858 997
858 999
859 861
859 883
859 890
859 915
859 918
859 920
859 921
859 935
859 972
859 990
860 885
860 953
861 883
861 920
861 921
861 926
861 935
861 972
861 990
862 879
862 950
862 965
862 968
862 992
862 999
863 869
863 874
863 943
863 948
863 951
863 977
863 997
864 896
864 923
864 937
866 897
866 919
866 947
866 966
866 985
866 991
867 908
867 934
867 972
867 980
869 908
869 943
869 948
869 951
869 977
869 997
870 912
870 993
871 965
872 906
872 954
873 879
873 889
873 904
873 918
873 989
874 893
874 894
874 924
874 963
874 986
874 994
874 995
874 998
875 914
875 928
875 942
875 944
875 952
875 969
875 974
875 976
876 877
876 884
876 896
876 937
877 890
877 902
877 949
877 960
877 987
878 896
878 905
878 923
878 926
878 939
878 941
878 949
878 957
878 958
878 981
878 983
878 987
878 998
879 908
879 927
879 934
879 950
879 961
879 968
879 999
881 916
881 940
881 944
882 957
883 920
883 921
883 926
883 961
883 972
883 990
884 945
884 962
884 975
884 989
885 900
885 916
885 935
885 940
885 944
887 891
887 909
887 915
887 930
887 955
888 891
888 902
888 915
888 930
888 935
888 955
889 904
889 918
889 932
889 989
890 902
890 949
890 959
890 987
891 915
891 928
891 930
891 942
891 955
891 976
892 959
892 987
893 894
893 924
893 963
893 986
893 994
893 995
894 924
894 963
894 986
894 994
894 995
895 900
895 933
895 937
895 946
896 901
896 937
897 909
897 948
897 983
897 985
897 991
898 957
898 958
898 962
898 971
898 983
898 998
899 902
899 929
899 938
899 992
899 999
900 903
900 917
900 933
900 946
900 961
901 938
902 959
902 983
902 987
903 911
903 960
903 964
904 918
904 989
905 914
905 923
905 924
905 939
905 941
905 957
905 983
905 998
906 954
906 982
908 928
908 943
908 948
908 974
908 997
909 919
909 920
909 947
909 966
909 985
909 991
910 927
910 982
910 984
910 986
910 988
911 960
911 964
912 993
914 917
914 942
914 952
914 969
914 974
914 976
915 930
915 955
916 929
916 940
916 944
916 954
916 985
917 926
917 933
917 946
917 961
918 989
919 944
919 947
919 966
919 991
920 921
920 926
920 935
920 972
920 990
921 926
921 935
921 972
921 990
923 939
923 941
923 951
923 957
923 958
923 971
923 981
923 982
923 983
923 998
924 963
924 986
924 994
924 995
926 935
926 972
926 990
927 932
927 952
927 982
927 984
927 988
928 942
928 952
928 969
928 976
929 948
929 992
930 939
930 955
932 934
932 935
932 982
932 984
932 988
932 991
933 934
933 935
933 946
933 961
933 964
934 950
934 968
934 999
935 972
935 990
937 969
938 949
939 941
939 958
939 981
939 998
940 944
940 962
941 946
941 957
941 971
941 981
942 952
942 969
942 974
942 976
943 951
943 977
943 990
943 995
943 997
944 969
944 974
944 977
945 962
945 975
946 961
947 966
947 985
947 991
948 951
948 977
948 990
948 997
949 959
949 960
949 987
950 968
950 981
950 999
951 958
951 997
952 969
952 974
955 968
955 982
957 958
957 981
957 983
958 971
958 981
958 983
959 969
959 987
960 961
960 964
961 979
962 966
962 971
963 994
963 995
964 976
965 966
965 984
966 974
966 991
968 999
969 974
969 976
971 981
971 983
971 985
971 998
972 990
974 976
974 988
975 988
977 990
979 994
981 998
982 984
982 988
983 989
983 992
983 998
984 988
985 991
986 994
986 995
988 989
991 992
991 997
991 999
992 999
994 995
994 999
995 998
