1 144
1 389
1 468
1 628
1 686
1 745
1 751
1 772
1 903
1 911
1 917
1 960
2 140
2 321
2 353
2 455
2 599
2 760
2 762
2 776
2 908
2 917
2 977
2 997
3 27
3 266
3 315
3 356
3 465
3 533
3 641
3 649
3 814
3 834
3 841
3 901
4 160
4 171
4 374
4 407
4 412
4 591
4 627
4 774
4 885
4 925
4 936
4 980
5 85
5 220
5 521
5 559
5 613
5 656
5 683
5 827
5 851
5 876
5 919
5 965
6 91
6 408
6 722
6 744
6 787
6 812
6 820
6 822
6 869
6 951
6 977
6 997
7 56
7 88
7 180
7 803
7 826
7 839
7 893
7 924
7 957
7 963
7 986
7 995
9 254
9 319
9 422
9 632
9 669
9 675
9 810
9 847
9 922
9 938
9 968
9 979
10 187
10 533
10 577
10 594
10 603
10 638
10 806
10 886
10 925
10 931
10 951
10 978
11 310
11 320
11 363
11 403
11 460
11 711
11 758
11 859
11 897
11 909
11 966
11 985
12 18
12 434
12 520
12 714
12 730
12 914
12 922
12 928
12 932
12 942
12 952
12 969
14 131
14 173
14 299
14 542
14 626
14 747
14 801
14 830
14 923
14 945
14 962
14 975
15 45
15 360
15 440
15 909
15 923
15 937
15 941
15 957
15 971
15 981
15 983
15 998
16 277
16 578
16 594
16 608
16 662
16 811
16 898
16 923
16 941
16 957
16 958
16 971
17 38
17 62
17 146
17 261
17 568
17 676
17 707
17 739
17 763
17 843
17 946
17 961
18 243
18 337
18 481
18 548
18 791
18 824
18 875
18 928
18 942
18 952
18 969
19 454
19 501
19 582
19 681
19 731
19 751
19 754
19 761
19 899
19 929
19 988
19 992
20 255
20 283
20 451
20 621
20 672
20 783
20 819
20 820
20 834
20 887
20 888
20 955
21 44
21 92
21 175
21 681
21 731
21 751
21 754
21 761
21 870
21 899
21 929
21 992
22 212
22 413
22 422
22 534
22 604
22 632
22 675
22 847
22 851
22 889
22 938
22 979
23 120
23 347
23 524
23 575
23 625
23 648
23 663
23 804
23 922
23 963
23 973
23 976
24 101
24 150
24 581
24 818
24 823
24 842
24 909
24 919
24 920
24 966
24 985
24 991
26 100
26 502
26 567
26 620
26 665
26 686
26 732
26 745
26 772
26 903
26 960
26 974
27 40
27 232
27 477
27 527
27 624
27 641
27 717
27 806
27 841
27 901
27 992
28 88
28 260
28 767
28 799
28 816
28 835
28 848
28 908
28 927
28 984
28 988
28 997
29 120
29 337
29 370
29 429
29 450
29 592
29 636
29 642
29 666
29 840
29 907
29 974
30 158
30 262
30 351
30 633
30 773
30 774
30 803
30 826
30 839
30 924
30 963
30 995
31 145
31 334
31 340
31 361
31 444
31 509
31 550
31 563
31 746
31 752
31 795
31 815
32 68
32 545
32 623
32 626
32 673
32 783
32 788
32 828
32 887
32 891
32 930
32 955
33 467
33 623
33 673
33 786
33 788
33 819
33 829
33 888
33 891
33 904
33 930
33 955
34 115
34 436
34 484
34 634
34 762
34 787
34 863
34 869
34 943
34 947
34 951
34 977
35 261
35 427
35 484
35 590
35 624
35 749
35 776
35 863
35 948
35 951
35 989
35 997
36 301
36 340
36 345
36 444
36 458
36 550
36 563
36 586
36 746
36 752
36 815
36 953
37 150
37 182
37 448
37 495
37 566
37 645
37 738
37 881
37 885
37 887
37 940
37 944
38 479
38 676
38 723
38 770
38 794
38 797
38 833
38 900
38 917
38 933
38 961
39 206
39 255
39 444
39 621
39 788
39 792
39 819
39 820
39 828
39 829
39 930
39 955
40 284
40 356
40 600
40 611
40 612
40 641
40 717
40 806
40 834
40 881
40 901
41 80
41 208
41 803
41 825
41 826
41 839
41 874
41 944
41 958
41 963
41 986
41 994
43 261
43 384
43 610
43 692
43 722
43 739
43 863
43 908
43 931
43 951
43 977
43 997
44 166
44 383
44 593
44 681
44 751
44 754
44 761
44 899
44 912
44 929
44 992
45 94
45 467
45 519
45 590
45 794
45 833
45 900
45 917
45 933
45 946
45 961
46 166
46 320
46 475
46 507
46 594
46 633
46 779
46 792
46 856
46 956
46 967
46 996
47 316
47 662
47 684
47 767
47 898
47 905
47 923
47 941
47 958
47 971
47 983
47 998
48 354
48 639
48 661
48 700
48 736
48 737
48 741
48 756
48 872
48 884
48 906
48 954
49 193
49 403
49 538
49 569
49 623
49 706
49 785
49 883
49 920
49 926
49 972
49 990
50 298
50 308
50 441
50 567
50 617
50 628
50 630
50 684
50 732
50 903
50 960
50 964
51 170
51 427
51 749
51 760
51 775
51 776
51 787
51 812
51 863
51 948
51 951
51 997
53 361
53 521
53 528
53 670
53 712
53 713
53 814
53 873
53 889
53 904
53 916
53 918
54 55
54 75
54 89
54 433
54 525
54 568
54 613
54 818
54 827
54 859
54 871
54 965
55 446
55 657
55 763
55 770
55 794
55 843
55 858
55 917
55 933
55 946
55 961
56 442
56 650
56 679
56 811
56 898
56 923
56 957
56 958
56 971
56 981
56 998
57 257
57 269
57 555
57 626
57 640
57 704
57 747
57 801
57 830
57 849
57 945
57 975
58 65
58 370
58 371
58 537
58 544
58 606
58 710
58 719
58 777
58 811
58 879
58 976
59 179
59 200
59 511
59 615
59 668
59 773
59 781
59 807
59 857
59 870
59 912
59 993
60 153
60 326
60 355
60 609
60 658
60 795
60 798
60 845
60 846
60 864
60 896
60 937
61 231
61 544
61 689
61 817
61 866
61 897
61 909
61 947
61 952
61 966
61 985
61 991
62 344
62 512
62 538
62 763
62 794
62 833
62 850
62 900
62 917
62 946
62 961
63 535
63 600
63 825
63 839
63 852
63 882
63 893
63 924
63 963
63 986
63 994
63 995
64 158
64 230
64 709
64 786
64 826
64 875
64 894
64 925
64 963
64 986
64 994
64 995
65 208
65 517
65 532
65 557
65 628
65 686
65 772
65 903
65 911
65 960
65 964
66 472
66 523
66 640
66 839
66 874
66 893
66 894
66 924
66 974
66 986
66 994
66 995
67 91
67 178
67 251
67 613
67 683
67 691
67 776
67 818
67 827
67 851
67 876
67 965
68 314
68 565
68 566
68 685
68 688
68 738
68 801
68 881
68 885
68 916
68 940
69 424
69 435
69 505
69 551
69 584
69 705
69 860
69 895
69 938
69 953
69 963
69 989
70 150
70 231
70 431
70 581
70 582
70 653
70 692
70 822
70 823
70 842
70 909
70 919
71 145
71 315
71 345
71 361
71 458
71 530
71 550
71 563
71 746
71 752
71 815
71 844
72 250
72 507
72 508
72 781
72 792
72 844
72 856
72 913
72 918
72 967
72 994
72 996
73 256
73 416
73 522
73 654
73 747
73 822
73 830
73 849
73 937
73 945
73 962
73 975
74 105
74 232
74 533
74 611
74 612
74 649
74 780
74 806
74 831
74 834
74 841
74 901
75 295
75 556
75 568
75 691
75 818
75 828
75 851
75 871
75 876
75 965
75 982
76 193
76 401
76 402
76 549
76 668
76 782
76 784
76 789
76 857
76 870
76 912
76 993
77 410
77 423
77 560
77 607
77 617
77 636
77 643
77 728
77 769
77 790
77 837
77 882
78 333
78 461
78 463
78 551
78 624
78 705
78 715
78 860
78 895
78 953
78 975
78 989
79 161
79 228
79 423
79 526
79 560
79 617
79 631
79 661
79 682
79 790
79 837
79 882
80 228
80 344
80 600
80 674
80 825
80 874
80 894
80 924
80 963
80 965
80 995
81 150
81 685
81 728
81 758
81 842
81 866
81 897
81 908
81 909
81 919
81 966
81 991
82 154
82 313
82 471
82 632
82 633
82 723
82 792
82 856
82 913
82 956
82 967
82 996
83 455
83 511
83 522
83 658
83 712
83 761
83 795
83 845
83 846
83 864
83 896
83 937
84 299
84 426
84 482
84 501
84 538
84 751
84 754
84 761
84 899
84 929
84 958
84 992
85 736
85 757
85 768
85 799
85 816
85 835
85 884
85 910
85 927
85 932
85 982
86 180
86 443
86 599
86 693
86 863
86 883
86 915
86 921
86 926
86 935
86 972
86 990
87 262
87 276
87 461
87 584
87 705
87 715
87 860
87 895
87 903
87 939
87 953
87 989
88 91
88 103
88 360
88 767
88 799
88 835
88 884
88 927
88 984
88 988
89 252
89 525
89 558
89 656
89 691
89 800
89 827
89 871
89 965
89 994
89 1000
90 404
90 670
90 680
90 712
90 713
90 740
90 811
90 873
90 889
90 904
90 918
90 948
91 353
91 427
91 599
91 624
91 775
91 812
91 863
91 948
91 997
92 264
92 546
92 731
92 751
92 754
92 761
92 894
92 899
92 904
92 929
92 992
93 319
93 349
93 529
93 534
93 573
93 632
93 669
93 773
93 846
93 858
93 938
93 979
94 300
94 401
94 615
94 668
94 784
94 801
94 807
94 824
94 870
94 912
94 993
95 208
95 519
95 600
95 826
95 852
95 874
95 893
95 924
95 963
95 994
95 995
95 998
96 233
96 599
96 720
96 748
96 759
96 809
96 862
96 934
96 950
96 968
96 998
96 999
97 281
97 564
97 582
97 661
97 707
97 757
97 799
97 848
97 884
97 910
97 982
97 988
98 217
98 277
98 638
98 755
98 811
98 812
98 905
98 923
98 957
98 958
98 983
98 998
99 287
99 372
99 477
99 533
99 611
99 612
99 649
99 717
99 723
99 841
99 901
99 950
100 215
100 436
100 534
100 629
100 675
100 810
100 847
100 938
100 948
100 979
101 150
101 328
101 491
101 606
101 689
101 817
101 897
101 947
101 966
101 991
101 999
102 329
102 332
102 600
102 640
102 674
102 874
102 891
102 894
102 924
102 979
102 994
102 995
103 547
103 598
103 619
103 661
103 816
103 817
103 848
103 926
103 927
103 932
103 984
103 988
104 419
104 421
104 622
104 670
104 713
104 740
104 743
104 744
104 814
104 873
104 889
104 904
104 918
105 206
105 356
105 398
105 533
105 611
105 612
105 649
105 806
105 834
105 841
105 901
105 972
106 252
106 619
106 757
106 767
106 816
106 831
106 835
106 904
106 932
106 943
106 982
106 984
106 988
107 289
107 494
107 639
107 666
107 700
107 736
107 737
107 741
107 756
107 872
107 878
107 906
107 954
108 121
108 459
108 498
108 578
108 631
108 651
108 730
108 764
108 914
108 928
108 942
108 952
108 969
109 350
109 387
109 475
109 653
109 712
109 779
109 844
109 856
109 860
109 924
109 956
109 967
109 996
110 118
110 174
110 194
110 287
110 372
110 477
110 649
110 717
110 806
110 832
110 834
110 841
110 901
111 145
111 440
111 802
111 811
111 822
111 878
111 935
111 939
111 941
111 957
111 971
111 981
111 998
112 362
112 452
112 486
112 499
112 661
112 768
112 835
112 910
112 932
112 982
112 984
112 988
112 990
113 116
113 224
113 654
113 718
113 747
113 765
113 774
113 821
113 830
113 945
113 962
113 969
113 975
114 193
114 196
114 331
114 459
114 779
114 781
114 789
114 807
114 824
114 857
114 870
114 912
114 993
115 588
115 675
115 720
115 805
115 858
115 862
115 866
115 879
115 934
115 950
115 968
115 999
116 123
116 131
116 239
116 493
116 570
116 626
116 704
116 735
116 765
116 801
116 849
116 945
117 329
117 344
117 624
117 663
117 674
117 773
117 786
117 839
117 852
117 894
117 963
117 986
117 994
118 465
118 498
118 533
118 600
118 611
118 612
118 632
118 717
118 806
118 834
118 841
118 901
119 178
119 371
119 496
119 537
119 544
119 579
119 666
119 710
119 719
119 777
119 783
119 797
119 976
120 306
120 322
120 364
120 432
120 625
120 648
120 663
120 672
120 804
120 922
120 973
121 151
121 268
121 278
121 759
121 809
121 862
121 879
121 934
121 950
121 968
121 989
121 999
122 210
122 279
122 283
122 411
122 529
122 573
122 604
122 629
122 669
122 847
122 938
122 979
122 998
123 129
123 139
123 555
123 570
123 718
123 747
123 765
123 822
123 945
123 962
123 975
123 980
124 188
124 297
124 405
124 486
124 495
124 620
124 645
124 688
124 793
124 881
124 885
124 916
124 944
125 164
125 459
125 525
125 760
125 781
125 784
125 789
125 807
125 820
125 857
125 870
125 944
125 993
126 136
126 161
126 175
126 302
126 524
126 625
126 648
126 663
126 672
126 804
126 922
126 973
127 249
127 399
127 453
127 462
127 673
127 783
127 810
127 819
127 820
127 828
127 829
127 930
127 955
128 135
128 343
128 548
128 578
128 714
128 754
128 791
128 875
128 901
128 914
128 942
128 952
128 969
129 243
129 294
129 304
129 439
129 579
129 606
129 710
129 719
129 777
129 797
129 976
129 982
130 542
130 693
130 698
130 706
130 861
130 879
130 883
130 915
130 920
130 921
130 935
130 972
130 990
131 193
131 269
131 626
131 704
131 718
131 733
131 774
131 849
131 945
131 962
131 975
132 135
132 203
132 490
132 679
132 811
132 850
132 898
132 905
132 939
132 957
132 971
132 983
132 998
133 191
133 241
133 414
133 760
133 781
133 789
133 824
133 857
133 870
133 912
133 928
133 983
133 993
134 154
134 492
134 723
134 728
134 779
134 792
134 809
134 810
134 868
134 913
134 956
134 967
134 996
135 343
135 481
135 730
135 764
135 875
135 914
135 928
135 930
135 942
135 952
135 969
136 302
136 377
136 405
136 524
136 551
136 575
136 625
136 648
136 672
136 804
136 922
136 973
138 265
138 408
138 619
138 644
138 661
138 782
138 816
138 910
138 927
138 932
138 965
138 982
138 988
139 259
139 397
139 411
139 557
139 566
139 567
139 686
139 732
139 891
139 903
139 960
139 964
140 206
140 339
140 484
140 762
140 776
140 782
140 787
140 812
140 863
140 864
140 869
140 943
141 286
141 394
141 479
141 562
141 774
141 843
141 850
141 900
141 917
141 933
141 946
141 961
141 997
142 461
142 492
142 508
142 653
142 674
142 779
142 792
142 868
142 913
142 956
142 967
142 996
142 998
143 714
143 720
143 721
143 748
143 805
143 809
143 858
143 879
143 934
143 950
143 964
143 968
143 999
144 502
144 557
144 620
144 630
144 635
144 684
144 745
144 772
144 926
144 960
144 964
144 1000
145 288
145 291
145 315
145 345
145 509
145 550
145 553
145 746
145 752
145 815
146 562
146 590
146 622
146 676
146 707
146 763
146 770
146 843
146 850
146 859
146 900
146 946
147 325
147 512
147 693
147 707
147 770
147 794
147 900
147 917
147 933
147 946
147 957
147 961
147 996
148 159
148 170
148 188
148 408
148 427
148 453
148 557
148 599
148 749
148 863
148 948
148 977
148 979
149 216
149 251
149 500
149 584
149 639
149 736
149 737
149 741
149 756
149 777
149 872
149 906
149 954
150 747
150 796
150 859
150 919
150 947
150 962
150 985
150 991
151 153
151 373
151 577
151 742
151 748
151 858
151 862
151 879
151 934
151 950
151 968
151 999
152 250
152 305
152 332
152 461
152 600
152 773
152 839
152 893
152 924
152 931
152 963
152 986
152 994
153 424
153 463
153 505
153 551
153 584
153 705
153 715
153 860
153 895
153 953
153 989
154 342
154 377
154 475
154 494
154 743
154 792
154 844
154 913
154 956
154 967
154 996
156 243
156 294
156 311
156 504
156 537
156 606
156 710
156 719
156 777
156 797
156 848
156 916
156 976
157 170
157 205
157 288
157 336
157 448
157 486
157 507
157 738
157 766
157 881
157 885
157 916
157 944
158 472
158 564
158 640
158 684
158 803
158 852
158 864
158 894
158 924
158 963
158 995
159 408
159 517
159 610
159 624
159 762
159 776
159 787
159 788
159 812
159 943
159 948
159 981
160 168
160 374
160 407
160 438
160 464
160 518
160 536
160 591
160 627
160 774
160 777
160 980
161 261
161 469
161 522
161 540
161 647
161 697
161 795
161 798
161 864
161 896
161 937
162 291
162 366
162 426
162 433
162 442
162 691
162 694
162 845
162 851
162 871
162 876
162 911
162 965
163 256
163 379
163 438
163 674
163 709
163 786
163 803
163 826
163 852
163 894
163 963
163 986
163 994
164 181
164 401
164 760
164 781
164 784
164 789
164 824
164 845
164 870
164 912
164 986
164 993
165 177
165 192
165 467
165 573
165 733
165 878
165 898
165 905
165 939
165 957
165 958
165 981
165 998
166 369
166 387
166 655
166 844
166 856
166 868
166 913
166 953
166 956
166 967
166 996
167 583
167 638
167 651
167 659
167 665
167 695
167 775
167 782
167 880
167 889
167 925
167 931
167 936
168 253
168 269
168 271
168 374
168 412
168 438
168 518
168 591
168 627
168 774
168 939
168 980
169 283
169 623
169 783
169 788
169 804
169 809
169 819
169 828
169 887
169 888
169 930
169 955
169 995
170 223
170 582
170 624
170 863
170 869
170 908
170 943
170 951
170 975
170 997
171 293
171 368
171 410
171 412
171 438
171 450
171 518
171 591
171 627
171 746
171 774
171 980
172 237
172 463
172 523
172 526
172 643
172 682
172 769
172 780
172 790
172 837
172 882
172 936
172 953
173 447
173 448
173 486
173 565
173 576
173 655
173 688
173 766
173 778
173 893
173 916
173 944
174 335
174 400
174 423
174 449
174 596
174 617
174 728
174 769
174 780
174 837
174 882
174 991
175 640
175 773
175 803
175 874
175 893
175 924
175 963
175 964
175 986
175 994
175 995
176 288
176 301
176 315
176 340
176 388
176 444
176 495
176 509
176 563
176 746
176 752
176 815
176 920
177 490
177 716
177 878
177 923
177 939
177 941
177 957
177 958
177 971
177 981
177 983
177 998
178 280
178 556
178 559
178 595
178 683
178 691
178 818
178 827
178 851
178 876
178 930
179 182
179 459
179 615
179 668
179 672
179 784
179 807
179 824
179 857
179 870
179 912
179 993
180 674
180 709
180 747
180 773
180 803
180 852
180 874
180 924
180 963
180 986
180 995
181 187
181 473
181 648
181 661
181 760
181 781
181 784
181 807
181 824
181 857
181 912
181 993
182 452
182 671
182 738
182 766
182 778
182 870
182 881
182 885
182 916
182 940
182 944
183 215
183 358
183 375
183 400
183 410
183 474
183 526
183 560
183 682
183 728
183 790
183 837
183 882
184 474
184 721
184 742
184 749
184 759
184 858
184 862
184 879
184 907
184 934
184 950
184 968
184 999
185 333
185 342
185 421
185 702
185 757
185 768
185 823
185 835
185 848
185 910
185 927
185 932
185 984
187 457
187 594
187 695
187 775
187 832
187 865
187 886
187 936
187 978
187 991
187 1000
188 189
188 190
188 321
188 599
188 610
188 863
188 869
188 943
188 960
188 977
188 997
189 205
189 420
189 452
189 565
189 655
189 766
189 793
189 858
189 885
189 912
189 916
189 940
190 234
190 241
190 603
190 610
190 616
190 634
190 722
190 749
190 776
190 908
190 977
190 997
191 258
191 468
191 541
191 597
191 620
191 684
191 745
191 772
191 834
191 911
191 960
191 964
192 360
192 662
192 878
192 905
192 923
192 941
192 957
192 958
192 965
192 969
192 981
192 998
193 556
193 668
193 760
193 789
193 807
193 824
193 870
193 912
193 993
194 275
194 455
194 461
194 469
194 511
194 522
194 647
194 677
194 845
194 864
194 896
194 937
196 244
196 300
196 615
196 760
196 781
196 784
196 857
196 870
196 907
196 912
196 944
196 993
197 721
197 742
197 805
197 825
197 858
197 862
197 879
197 921
197 934
197 950
197 960
197 968
197 999
200 309
200 386
200 390
200 481
200 631
200 651
200 752
200 764
200 875
200 914
200 942
200 969
201 358
201 445
201 467
201 474
201 523
201 526
201 643
201 682
201 728
201 769
201 780
201 837
201 882
202 373
202 562
202 657
202 707
202 770
202 794
202 833
202 850
202 900
202 917
202 941
202 946
202 961
203 208
203 295
203 335
203 381
203 398
203 679
203 802
203 878
203 898
203 923
203 957
203 983
204 292
204 302
204 306
204 364
204 575
204 595
204 648
204 663
204 672
204 747
204 804
204 922
204 972
204 973
205 412
205 452
205 495
205 508
205 565
205 688
205 771
205 775
205 793
205 881
205 916
205 944
206 287
206 322
206 527
206 533
206 611
206 717
206 806
206 834
206 841
206 901
206 961
207 235
207 317
207 396
207 530
207 586
207 592
207 636
207 644
207 697
207 725
207 790
207 840
207 907
207 974
208 709
208 773
208 839
208 874
208 893
208 894
208 924
208 986
208 994
208 995
210 251
210 349
210 436
210 573
210 604
210 629
210 675
210 810
210 847
210 861
210 905
210 938
210 979
212 279
212 422
212 436
212 558
212 573
212 604
212 629
212 669
212 766
212 810
212 847
212 938
212 979
213 480
213 596
213 647
213 733
213 811
213 840
213 898
213 957
213 958
213 971
213 979
213 981
213 983
213 998
214 257
214 443
214 557
214 567
214 620
214 630
214 700
214 745
214 772
214 862
214 903
214 911
214 960
214 964
215 254
215 319
215 413
215 453
215 604
215 632
215 669
215 675
215 810
215 847
215 938
215 979
216 263
216 265
216 402
216 457
216 700
216 736
216 737
216 741
216 756
216 768
216 872
216 906
216 954
217 222
217 330
217 378
217 381
217 733
217 878
217 927
217 939
217 941
217 957
217 981
217 983
217 998
218 288
218 301
218 340
218 361
218 388
218 444
218 550
218 563
218 745
218 746
218 752
218 815
218 899
218 974
220 312
220 392
220 525
220 595
220 680
220 691
220 800
220 827
220 851
220 871
220 876
220 880
220 990
222 391
222 500
222 598
222 639
222 665
222 700
222 737
222 741
222 756
222 805
222 872
222 906
222 954
223 261
223 319
223 537
223 624
223 744
223 762
223 787
223 812
223 888
223 908
223 943
223 951
223 977
224 246
224 465
224 516
224 570
224 626
224 718
224 747
224 765
224 805
224 822
224 962
224 972
224 975
225 262
225 435
225 461
225 463
225 505
225 551
225 632
225 705
225 715
225 860
225 895
225 953
225 989
225 993
226 389
226 503
226 511
226 647
226 673
226 677
226 697
226 795
226 798
226 845
226 846
226 864
226 896
226 937
227 415
227 483
227 510
227 541
227 680
227 681
227 712
227 743
227 814
227 873
227 889
227 904
227 918
227 968
228 237
228 420
228 526
228 543
228 643
228 682
228 728
228 769
228 790
228 810
228 837
228 882
229 246
229 499
229 570
229 660
229 718
229 747
229 765
229 780
229 830
229 849
229 945
229 962
229 975
229 1000
230 270
230 419
230 516
230 703
230 704
230 747
230 801
230 822
230 827
230 849
230 945
230 962
230 975
231 236
231 561
231 582
231 692
231 716
231 778
231 796
231 806
231 866
231 919
231 947
231 966
232 322
232 479
232 527
232 611
232 612
232 641
232 649
232 716
232 717
232 806
232 834
232 901
233 721
233 748
233 768
233 805
233 809
233 814
233 835
233 858
233 879
233 934
233 950
233 968
233 999
234 335
234 339
234 411
234 484
234 599
234 634
234 722
234 739
234 744
234 869
234 908
234 951
234 997
235 393
235 470
235 587
235 592
235 636
235 642
235 690
235 725
235 840
235 907
235 921
235 974
235 997
236 247
236 276
236 324
236 424
236 435
236 505
236 559
236 705
236 860
236 895
236 953
236 986
236 989
237 358
237 492
237 560
237 643
237 682
237 728
237 769
237 790
237 795
237 837
237 866
237 882
239 555
239 626
239 654
239 660
239 718
239 765
239 816
239 830
239 840
239 849
239 962
239 966
239 975
241 342
241 549
241 554
241 662
241 668
241 781
241 784
241 807
241 824
241 857
241 912
241 993
243 325
243 371
243 439
243 504
243 537
243 544
243 579
243 719
243 777
243 797
243 976
244 250
244 313
244 723
244 792
244 844
244 856
244 868
244 913
244 956
244 967
244 974
244 996
244 998
245 300
245 420
245 447
245 486
245 566
245 671
245 771
245 778
245 793
245 881
245 883
245 885
245 940
245 975
246 542
246 626
246 654
246 679
246 713
246 718
246 822
246 849
246 855
246 945
246 962
246 975
247 276
247 324
247 424
247 463
247 504
247 585
247 672
247 705
247 715
247 860
247 895
247 953
247 989
249 432
249 470
249 545
249 588
249 734
249 757
249 788
249 820
249 829
249 887
249 891
249 930
249 955
250 470
250 507
250 633
250 653
250 723
250 792
250 856
250 868
250 913
250 967
250 996
251 295
251 556
251 558
251 559
251 595
251 613
251 646
251 752
251 871
251 876
251 965
252 363
252 420
252 644
252 682
252 702
252 767
252 768
252 799
252 848
252 884
252 932
252 988
253 444
253 664
253 735
253 775
253 782
253 788
253 865
253 886
253 931
253 936
253 970
253 978
253 1000
254 255
254 529
254 604
254 629
254 632
254 675
254 716
254 810
254 847
254 938
254 957
254 979
255 425
255 451
255 623
255 734
255 739
255 788
255 887
255 888
255 891
255 929
255 955
256 269
256 400
256 626
256 703
256 765
256 801
256 822
256 849
256 866
256 945
256 962
256 975
257 259
257 397
257 557
257 635
257 684
257 732
257 772
257 805
257 870
257 903
257 960
257 964
258 557
258 597
258 628
258 630
258 635
258 732
258 903
258 911
258 923
258 960
258 963
258 964
258 971
259 291
259 316
259 630
259 635
259 684
259 686
259 745
259 772
259 911
259 917
259 960
259 964
260 334
260 363
260 499
260 768
260 783
260 799
260 816
260 910
260 927
260 932
260 982
260 984
260 988
261 484
261 634
261 739
261 762
261 787
261 863
261 869
261 948
261 977
262 357
262 435
262 505
262 705
262 715
262 860
262 895
262 925
262 953
262 989
263 417
263 657
263 676
263 763
263 780
263 818
263 833
263 843
263 850
263 900
263 933
263 946
263 961
264 310
264 344
264 454
264 681
264 731
264 751
264 754
264 761
264 899
264 929
264 950
264 992
265 266
265 644
265 702
265 799
265 831
265 835
265 884
265 932
265 979
265 982
265 984
265 988
266 465
266 477
266 585
266 611
266 612
266 649
266 717
266 806
266 834
266 841
266 901
266 980
267 585
267 589
267 598
267 693
267 706
267 785
267 861
267 883
267 915
267 926
267 935
267 968
267 972
267 990
268 305
268 580
268 608
268 643
268 817
268 823
268 842
268 866
268 897
268 909
268 919
268 947
268 991
269 419
269 555
269 704
269 740
269 765
269 822
269 875
269 945
269 962
269 975
270 331
270 577
270 695
270 775
270 782
270 821
270 862
270 880
270 897
270 936
270 970
270 978
270 1000
271 293
271 368
271 374
271 438
271 464
271 518
271 586
271 591
271 627
271 774
271 980
271 990
271 991
273 431
273 484
273 561
273 582
273 684
273 716
273 796
273 842
273 897
273 909
273 947
273 960
273 966
273 985
274 282
274 337
274 390
274 481
274 520
274 578
274 738
274 842
274 875
274 914
274 928
274 942
274 952
274 969
275 317
275 455
275 511
275 540
275 618
275 677
275 697
275 845
275 846
275 864
275 896
275 937
275 982
276 355
276 435
276 551
276 584
276 705
276 715
276 860
276 895
276 907
276 953
276 989
277 383
277 555
277 596
277 607
277 608
277 650
277 733
277 895
277 939
277 958
277 971
277 981
278 378
278 406
278 532
278 649
278 721
278 742
278 759
278 835
278 879
278 934
278 950
278 968
278 971
278 999
279 292
279 319
279 422
279 529
279 573
279 632
279 642
279 669
279 675
279 743
279 810
279 938
279 979
280 519
280 621
280 680
280 734
280 788
280 819
280 820
280 828
280 829
280 887
280 888
280 891
280 930
280 957
281 564
281 702
281 767
281 773
281 786
281 831
281 835
281 848
281 910
281 924
281 927
281 982
281 984
281 988
282 483
282 523
282 552
282 578
282 708
282 714
282 729
282 764
282 791
282 914
282 935
282 942
282 952
282 969
283 462
283 621
283 719
283 783
283 820
283 828
283 829
283 833
283 888
283 891
283 930
283 955
284 441
284 585
284 603
284 698
284 701
284 785
284 883
284 920
284 921
284 926
284 935
284 972
284 990
284 1000
285 426
285 469
285 540
285 647
285 677
285 697
285 795
285 798
285 840
285 845
285 846
285 864
285 896
285 937
285 948
286 337
286 405
286 479
286 504
286 512
286 707
286 770
286 794
286 818
286 833
286 850
286 917
286 933
286 946
287 322
287 356
287 360
287 372
287 610
287 612
287 641
287 806
287 834
287 841
287 898
287 901
288 301
288 340
288 444
288 509
288 550
288 563
288 746
288 752
288 815
288 916
288 953
289 457
289 500
289 556
289 598
289 609
289 700
289 736
289 737
289 741
289 756
289 872
289 882
289 906
289 954
291 525
291 568
291 595
291 656
291 694
291 800
291 818
291 851
291 871
291 876
291 965
291 1000
292 294
292 306
292 347
292 393
292 405
292 524
292 575
292 625
292 663
292 672
292 804
292 922
292 973
293 368
293 407
293 412
293 438
293 464
293 517
293 518
293 591
293 627
293 774
293 883
293 934
293 980
294 304
294 311
294 371
294 445
294 504
294 579
294 606
294 777
294 797
294 850
294 855
294 976
295 379
295 434
295 568
295 613
295 617
295 646
295 683
295 827
295 851
295 871
295 876
295 965
297 512
297 565
297 576
297 655
297 771
297 778
297 793
297 826
297 881
297 885
297 916
297 940
297 944
297 954
298 468
298 472
298 480
298 502
298 628
298 684
298 686
298 744
298 745
298 772
298 903
298 911
298 960
298 964
299 357
299 395
299 546
299 593
299 666
299 681
299 731
299 751
299 761
299 899
299 929
299 956
299 992
300 401
300 414
300 473
300 549
300 668
300 760
300 789
300 807
300 857
300 900
300 988
300 993
301 340
301 361
301 388
301 489
301 509
301 563
301 568
301 575
301 746
301 752
301 815
302 347
302 405
302 518
302 625
302 648
302 663
302 672
302 686
302 804
302 922
302 932
302 973
303 378
303 383
303 428
303 742
303 748
303 754
303 759
303 805
303 858
303 862
303 879
303 934
303 950
303 968
303 999
304 371
304 504
304 537
304 544
304 579
304 587
304 606
304 639
304 719
304 777
304 797
304 976
304 993
305 640
305 709
305 786
305 803
305 839
305 841
305 852
305 874
305 893
305 924
305 933
305 994
305 995
306 347
306 524
306 526
306 575
306 625
306 648
306 672
306 739
306 759
306 804
306 922
306 973
307 396
307 450
307 470
307 520
307 530
307 586
307 592
307 618
307 636
307 832
307 840
307 907
307 950
307 974
308 333
308 363
308 446
308 644
308 661
308 741
308 767
308 768
308 816
308 848
308 927
308 932
308 982
308 988
309 348
309 491
309 498
309 651
309 676
309 730
309 791
309 875
309 914
309 928
309 942
309 952
309 969
309 991
310 580
310 614
310 692
310 796
310 823
310 859
310 866
310 883
310 909
310 947
310 966
310 991
310 995
311 439
311 445
311 504
311 537
311 579
311 604
311 606
311 680
311 719
311 777
311 797
311 937
311 976
312 433
312 541
312 558
312 591
312 595
312 646
312 683
312 694
312 800
312 818
312 827
312 851
312 871
312 927
313 475
313 494
313 508
313 627
313 723
313 792
313 863
313 868
313 891
313 913
313 956
313 967
313 996
314 420
314 452
314 482
314 549
314 566
314 645
314 685
314 766
314 778
314 793
314 881
314 899
314 940
314 944
315 345
315 361
315 388
315 458
315 509
315 550
315 746
315 752
315 764
315 815
315 884
316 390
316 478
316 480
316 596
316 650
316 760
316 802
316 939
316 941
316 957
316 958
316 971
316 981
317 321
317 323
317 359
317 396
317 450
317 493
317 592
317 642
317 725
317 731
317 840
317 907
317 974
319 349
319 388
319 486
319 534
319 604
319 629
319 675
319 810
319 938
319 979
320 431
320 491
320 689
320 758
320 802
320 817
320 823
320 859
320 897
320 909
320 919
320 948
320 985
321 427
321 484
321 599
321 739
321 769
321 863
321 943
321 948
321 951
321 958
321 977
321 997
322 356
322 372
322 465
322 533
322 717
322 791
322 806
322 834
322 841
322 873
322 901
323 429
323 470
323 493
323 530
323 567
323 592
323 666
323 690
323 725
323 840
323 881
323 907
323 974
323 985
324 435
324 461
324 505
324 524
324 551
324 584
324 714
324 715
324 860
324 895
324 953
324 989
324 999
325 337
325 446
325 590
325 707
325 776
325 833
325 843
325 850
325 917
325 933
325 946
325 950
325 961
326 330
326 335
326 437
326 455
326 511
326 540
326 647
326 697
326 795
326 846
326 849
326 864
326 896
326 937
328 341
328 442
328 489
328 578
328 582
328 608
328 692
328 842
328 859
328 866
328 907
328 909
328 947
328 991
329 345
329 600
329 825
329 839
329 852
329 874
329 894
329 918
329 924
329 963
329 978
329 986
329 994
330 383
330 491
330 733
330 811
330 878
330 905
330 939
330 941
330 957
330 971
330 983
330 994
330 998
331 475
331 583
331 651
331 665
331 782
331 821
331 832
331 855
331 880
331 931
331 970
331 978
331 1000
332 413
332 803
332 825
332 839
332 852
332 874
332 893
332 894
332 921
332 924
332 934
332 994
332 995
333 530
333 547
333 702
333 767
333 815
333 831
333 835
333 884
333 927
333 982
333 984
333 988
334 339
334 443
334 616
334 678
334 693
334 706
334 861
334 915
334 920
334 921
334 935
334 972
334 990
335 469
335 647
335 658
335 677
335 697
335 795
335 798
335 845
335 846
335 896
335 937
336 420
336 452
336 565
336 576
336 606
336 655
336 657
336 688
336 722
336 771
336 778
336 881
336 885
336 940
337 394
337 512
337 794
337 833
337 843
337 850
337 917
337 933
337 946
337 961
339 427
339 590
339 610
339 624
339 707
339 744
339 749
339 787
339 869
339 943
339 977
339 997
340 354
340 458
340 462
340 509
340 550
340 746
340 752
340 815
340 873
341 580
341 586
341 614
341 758
341 781
341 796
341 817
341 823
341 825
341 842
341 919
341 947
341 985
341 991
342 401
342 414
342 461
342 549
342 668
342 760
342 781
342 789
342 824
342 870
342 912
342 993
343 394
343 483
343 548
343 651
343 729
343 764
343 791
343 866
343 914
343 928
343 930
343 942
343 952
344 472
344 615
344 709
344 786
344 803
344 826
344 893
344 894
344 963
344 986
344 994
345 361
345 388
345 458
345 489
345 509
345 563
345 746
345 752
345 815
345 852
347 405
347 575
347 648
347 663
347 672
347 777
347 804
347 852
347 922
347 956
347 973
348 498
348 588
348 631
348 714
348 728
348 764
348 791
348 849
348 875
348 914
348 928
348 942
348 952
348 969
349 462
349 529
349 534
349 604
349 629
349 675
349 810
349 845
349 847
349 856
349 938
349 979
349 993
350 380
350 492
350 576
350 609
350 633
350 653
350 779
350 844
350 856
350 868
350 913
350 935
350 956
350 967
350 996
351 475
351 773
351 809
351 825
351 826
351 852
351 874
351 891
351 893
351 894
351 924
351 963
351 986
351 994
351 995
352 538
352 616
352 678
352 693
352 711
352 734
352 735
352 785
352 826
352 883
352 915
352 920
352 921
352 926
352 972
352 990
353 408
353 453
353 621
353 634
353 722
353 749
353 762
353 812
353 869
353 894
353 903
353 943
353 948
353 951
354 402
354 477
354 500
354 598
354 639
354 700
354 736
354 737
354 741
354 756
354 872
354 906
354 926
354 954
355 389
355 522
355 540
355 658
355 677
355 697
355 791
355 795
355 798
355 845
355 846
355 864
355 896
355 937
356 372
356 395
356 477
356 611
356 641
356 649
356 655
356 834
356 841
356 874
356 901
357 395
357 482
357 501
357 546
357 593
357 681
357 731
357 751
357 754
357 798
357 823
357 899
357 929
357 992
358 410
358 423
358 427
358 523
358 543
358 579
358 728
358 769
358 780
358 790
358 837
358 882
358 989
359 393
359 450
359 470
359 586
359 587
359 618
359 642
359 690
359 725
359 745
359 840
359 907
359 936
359 960
359 974
360 397
360 440
360 596
360 662
360 878
360 898
360 905
360 941
360 945
360 958
360 981
360 998
361 444
361 458
361 509
361 563
361 746
361 752
361 783
361 815
361 954
362 363
362 368
362 619
362 661
362 702
362 816
362 835
362 884
362 901
362 909
362 910
362 927
362 932
362 982
362 988
363 547
363 619
363 706
363 757
363 767
363 831
363 835
363 884
363 893
363 927
363 984
364 405
364 524
364 575
364 625
364 648
364 663
364 672
364 804
364 844
364 895
364 922
364 969
364 973
364 980
366 558
366 562
366 613
366 646
366 656
366 683
366 691
366 800
366 818
366 827
366 851
366 871
366 913
366 925
366 965
367 386
367 481
367 498
367 552
367 563
367 631
367 651
367 714
367 742
367 763
367 764
367 894
367 914
367 928
367 942
367 952
368 374
368 407
368 412
368 438
368 464
368 518
368 591
368 627
368 774
368 804
368 942
368 980
369 370
369 387
369 475
369 507
369 514
369 609
369 779
369 844
369 845
369 856
369 868
369 913
369 956
369 967
369 996
370 439
370 445
370 496
370 504
370 537
370 544
370 606
370 710
370 719
370 777
370 797
370 976
370 999
371 372
371 445
371 496
371 579
371 710
371 719
371 777
371 789
371 797
371 976
371 990
372 477
372 527
372 530
372 533
372 561
372 717
372 806
372 834
372 841
372 901
373 521
373 588
373 705
373 720
373 742
373 748
373 759
373 809
373 862
373 879
373 934
373 950
373 968
373 999
374 412
374 438
374 464
374 518
374 591
374 627
374 683
374 774
374 861
374 964
374 980
375 393
375 447
375 645
375 655
375 671
375 738
375 766
375 771
375 778
375 787
375 793
375 881
375 885
375 940
375 944
377 673
377 734
377 783
377 788
377 819
377 828
377 829
377 887
377 888
377 891
377 909
377 930
377 946
377 955
378 471
378 627
378 759
378 805
378 809
378 858
378 862
378 879
378 924
378 934
378 950
378 968
378 999
379 392
379 442
379 525
379 556
379 558
379 559
379 568
379 646
379 656
379 683
379 871
379 899
379 930
379 965
380 536
380 538
380 569
380 627
380 678
380 693
380 706
380 711
380 772
380 861
380 883
380 915
380 921
380 935
380 990
381 642
381 665
381 679
381 733
381 839
381 878
381 898
381 923
381 939
381 941
381 957
381 958
381 971
381 981
383 583
383 607
383 679
383 802
383 811
383 898
383 939
383 957
383 971
383 981
383 983
383 998
384 437
384 549
384 561
384 581
384 582
384 614
384 689
384 692
384 758
384 823
384 897
384 909
384 919
384 966
384 988
386 481
386 520
386 631
386 703
386 714
386 729
386 730
386 734
386 791
386 875
386 928
386 947
386 952
386 969
387 494
387 544
387 653
387 671
387 723
387 792
387 844
387 868
387 913
387 956
387 967
387 993
387 996
388 435
388 458
388 509
388 550
388 563
388 614
388 710
388 746
388 752
388 815
389 436
389 511
389 522
389 647
389 658
389 697
389 798
389 845
389 846
389 864
389 896
389 937
389 986
390 548
390 552
390 690
390 714
390 764
390 791
390 840
390 875
390 914
390 928
390 942
390 952
390 969
391 457
391 475
391 598
391 639
391 700
391 733
391 736
391 737
391 741
391 756
391 759
391 861
391 872
391 906
391 954
392 525
392 595
392 656
392 683
392 691
392 694
392 757
392 800
392 814
392 851
392 871
392 876
392 965
392 981
393 429
393 450
393 470
393 530
393 586
393 618
393 642
393 725
393 792
393 840
393 907
393 974
394 417
394 439
394 467
394 562
394 590
394 657
394 676
394 707
394 767
394 900
394 917
394 933
394 961
395 454
395 482
395 546
395 593
395 630
395 681
395 731
395 754
395 759
395 761
395 899
395 929
395 992
396 586
396 587
396 592
396 618
396 636
396 666
396 690
396 771
396 840
396 888
396 907
396 942
396 974
397 411
397 567
397 635
397 684
397 686
397 732
397 745
397 903
397 911
397 951
397 960
397 964
397 965
398 440
398 607
398 662
398 690
398 830
398 878
398 905
398 923
398 939
398 941
398 957
398 958
398 971
398 983
399 403
399 428
399 695
399 708
399 735
399 832
399 865
399 880
399 903
399 925
399 931
399 936
399 945
399 978
399 1000
400 449
400 501
400 526
400 560
400 617
400 656
400 682
400 728
400 780
400 790
400 837
400 882
400 943
401 615
401 649
401 668
401 760
401 784
401 857
401 870
401 912
401 968
401 973
401 993
402 457
402 500
402 598
402 700
402 736
402 737
402 741
402 756
402 872
402 878
402 906
402 954
402 972
403 411
403 569
403 616
403 706
403 711
403 785
403 830
403 861
403 883
403 920
403 926
403 972
403 990
404 528
404 541
404 596
404 619
404 670
404 712
404 713
404 740
404 743
404 803
404 814
404 873
404 889
404 904
404 918
405 575
405 625
405 648
405 663
405 672
405 742
405 804
405 922
405 973
406 566
406 719
406 720
406 721
406 805
406 809
406 858
406 862
406 869
406 879
406 920
406 934
406 950
406 968
406 999
407 412
407 438
407 464
407 518
407 591
407 622
407 627
407 711
407 774
407 847
407 980
408 624
408 706
408 744
408 749
408 812
408 908
408 911
408 943
408 948
408 951
408 977
410 423
410 449
410 535
410 643
410 682
410 728
410 769
410 770
410 780
410 790
410 837
410 882
411 557
411 566
411 597
411 620
411 684
411 732
411 745
411 903
411 911
411 960
411 964
412 464
412 518
412 591
412 627
412 645
412 656
412 774
412 980
413 422
413 478
413 534
413 573
413 604
413 629
413 632
413 675
413 810
413 847
413 924
413 938
413 979
414 473
414 615
414 760
414 781
414 784
414 789
414 807
414 857
414 870
414 876
414 882
414 912
414 966
414 993
415 510
415 521
415 553
415 622
415 680
415 712
415 713
415 740
415 743
415 814
415 873
415 889
415 904
415 918
415 943
415 954
416 419
416 516
416 542
416 555
416 570
416 654
416 660
416 683
416 703
416 718
416 801
416 822
416 833
416 914
416 945
416 962
417 590
417 623
417 657
417 763
417 794
417 833
417 843
417 850
417 862
417 900
417 917
417 933
417 946
417 961
417 976
418 426
418 475
418 492
418 494
418 597
418 633
418 678
418 723
418 779
418 844
418 856
418 868
418 880
418 913
418 956
418 967
418 996
419 507
419 555
419 562
419 660
419 703
419 747
419 765
419 810
419 822
419 830
419 849
419 945
419 975
420 452
420 486
420 671
420 676
420 738
420 771
420 793
420 885
420 916
420 920
420 940
421 521
421 553
421 622
421 670
421 712
421 713
421 743
421 814
421 873
421 889
421 904
421 918
421 960
421 977
421 981
422 436
422 529
422 573
422 629
422 669
422 675
422 685
422 787
422 807
422 847
422 938
422 979
423 474
423 523
423 543
423 617
423 633
423 643
423 649
423 728
423 780
423 815
423 837
423 882
424 461
424 463
424 493
424 551
424 584
424 694
424 705
424 715
424 774
424 860
424 895
424 953
424 989
425 428
425 432
425 462
425 541
425 623
425 698
425 734
425 783
425 788
425 820
425 828
425 887
425 888
425 891
425 930
425 955
426 619
426 702
426 767
426 768
426 831
426 835
426 848
426 910
426 927
426 932
426 982
426 984
426 988
427 545
427 744
427 762
427 787
427 869
427 943
427 951
427 977
427 981
427 997
428 514
428 603
428 695
428 755
428 832
428 865
428 880
428 886
428 925
428 936
428 970
428 978
428 980
428 1000
429 450
429 530
429 587
429 618
429 642
429 666
429 690
429 723
429 840
429 844
429 847
429 907
429 972
429 974
431 503
431 580
431 624
431 716
431 823
431 842
431 859
431 895
431 897
431 909
431 919
431 947
431 966
431 985
432 451
432 621
432 673
432 711
432 779
432 783
432 800
432 819
432 828
432 887
432 888
432 891
432 930
432 955
433 442
433 505
433 525
433 534
433 559
433 586
433 595
433 613
433 656
433 851
433 871
433 876
433 916
433 965
434 483
434 520
434 627
434 714
434 729
434 730
434 764
434 791
434 801
434 875
434 914
434 918
434 928
434 952
434 969
435 505
435 584
435 705
435 715
435 817
435 860
435 895
435 953
435 977
435 989
436 529
436 534
436 573
436 632
436 669
436 802
436 810
436 847
436 938
436 979
436 989
437 491
437 580
437 581
437 609
437 614
437 689
437 716
437 758
437 817
437 823
437 825
437 859
437 919
437 947
437 985
438 464
438 518
438 591
438 627
438 774
438 865
438 929
438 980
439 445
439 504
439 544
439 606
439 710
439 719
439 721
439 777
439 797
439 848
439 972
439 976
440 679
440 802
440 826
440 847
440 898
440 905
440 906
440 923
440 941
440 958
440 981
440 983
440 998
441 501
441 536
441 585
441 659
441 678
441 701
441 706
441 711
441 861
441 920
441 921
441 926
441 971
441 972
441 990
442 556
442 558
442 646
442 656
442 683
442 694
442 736
442 827
442 851
442 871
442 876
442 965
443 447
443 538
443 616
443 701
443 785
443 861
443 915
443 920
443 921
443 926
443 928
443 935
443 972
443 990
444 458
444 462
444 509
444 550
444 563
444 746
444 752
444 784
444 815
445 496
445 504
445 537
445 544
445 632
445 710
445 777
445 797
445 945
445 955
445 976
446 512
446 590
446 657
446 676
446 763
446 794
446 833
446 850
446 881
446 900
446 933
446 946
446 961
446 992
447 448
447 495
447 543
447 566
447 655
447 671
447 685
447 738
447 747
447 766
447 793
447 940
447 944
448 550
448 576
448 645
448 688
448 689
448 738
448 771
448 778
448 881
448 898
448 916
448 940
448 944
449 460
449 523
449 543
449 617
449 643
449 682
449 728
449 769
449 780
449 790
449 837
449 882
449 923
449 992
450 555
450 636
450 642
450 666
450 690
450 825
450 840
450 849
450 907
450 974
451 545
451 612
451 623
451 673
451 769
451 783
451 820
451 828
451 887
451 888
451 891
451 930
451 955
451 973
452 566
452 685
452 738
452 771
452 868
452 885
452 916
452 940
452 944
452 994
453 624
453 634
453 739
453 744
453 787
453 812
453 863
453 908
453 943
453 948
453 951
453 958
453 977
454 478
454 482
454 501
454 546
454 593
454 731
454 751
454 754
454 761
454 797
454 897
454 899
454 929
454 992
455 647
455 658
455 677
455 697
455 798
455 845
455 846
455 896
455 925
455 937
455 951
455 965
457 491
457 598
457 599
457 639
457 700
457 736
457 737
457 741
457 756
457 872
457 906
457 954
458 464
458 509
458 524
458 550
458 563
458 746
458 752
458 815
458 983
459 549
459 615
459 643
459 668
459 740
459 760
459 780
459 784
459 807
459 824
459 870
459 912
459 993
460 489
460 491
460 581
460 614
460 716
460 796
460 817
460 842
460 866
460 888
460 905
460 947
460 966
460 985
460 991
461 463
461 551
461 584
461 715
461 860
461 895
461 953
461 989
462 621
462 623
462 734
462 788
462 819
462 820
462 888
462 891
462 930
462 955
462 996
463 551
463 584
463 705
463 715
463 785
463 860
463 895
463 923
463 953
463 989
464 518
464 591
464 627
464 774
464 782
464 887
464 980
464 985
465 469
465 496
465 527
465 533
465 611
465 612
465 641
465 649
465 834
465 841
465 901
465 917
467 562
467 590
467 707
467 752
467 763
467 833
467 843
467 850
467 900
467 933
467 946
467 961
468 502
468 517
468 553
468 567
468 620
468 628
468 635
468 651
468 698
468 732
468 745
468 772
468 911
468 960
469 540
469 677
469 789
469 795
469 798
469 845
469 846
469 864
469 896
469 916
469 937
469 974
470 493
470 586
470 587
470 636
470 666
470 690
470 725
470 832
470 907
470 974
471 532
471 574
471 588
471 653
471 664
471 720
471 748
471 759
471 805
471 809
471 844
471 858
471 934
471 950
471 968
471 999
472 482
472 640
472 674
472 705
472 709
472 773
472 786
472 825
472 852
472 893
472 924
472 963
472 986
472 995
473 549
473 615
473 668
473 760
473 781
473 784
473 789
473 807
473 824
473 857
473 894
473 912
473 931
473 984
473 993
474 523
474 526
474 560
474 630
474 643
474 682
474 694
474 697
474 728
474 769
474 780
474 790
474 837
474 882
475 508
475 522
475 609
475 633
475 779
475 844
475 856
475 956
475 996
477 527
477 630
477 641
477 649
477 717
477 718
477 806
477 834
477 841
477 901
477 956
478 480
478 557
478 679
478 733
478 796
478 802
478 811
478 878
478 898
478 905
478 939
478 941
478 981
478 983
478 998
479 493
479 500
479 562
479 700
479 707
479 770
479 794
479 833
479 843
479 850
479 900
479 917
479 933
479 961
480 537
480 607
480 662
480 679
480 733
480 878
480 939
480 941
480 945
480 947
480 958
480 971
480 981
480 983
481 552
481 691
481 729
481 730
481 763
481 764
481 829
481 875
481 914
481 928
481 942
481 969
482 501
482 593
482 681
482 731
482 751
482 754
482 761
482 869
482 886
482 899
482 929
482 992
483 498
483 520
483 552
483 694
483 729
483 730
483 791
483 800
483 914
483 928
483 942
483 952
483 969
483 986
484 610
484 704
484 722
484 739
484 744
484 843
484 869
484 908
484 943
484 948
484 997
486 495
486 576
486 655
486 729
486 752
486 778
486 881
486 885
486 916
486 940
486 944
489 561
489 573
489 580
489 581
489 608
489 689
489 725
489 796
489 817
489 842
489 859
489 966
489 985
489 991
490 638
490 695
490 708
490 775
490 793
490 832
490 850
490 855
490 865
490 880
490 886
490 925
490 936
490 970
490 978
490 1000
491 561
491 582
491 625
491 716
491 817
491 866
491 897
491 919
491 966
491 985
491 991
492 507
492 552
492 635
492 645
492 653
492 779
492 844
492 856
492 868
492 913
492 956
492 967
492 996
493 530
493 564
493 586
493 587
493 618
493 636
493 666
493 690
493 725
493 840
493 907
493 974
494 609
494 633
494 650
494 653
494 718
494 723
494 856
494 868
494 913
494 956
494 967
494 988
494 996
495 576
495 655
495 685
495 688
495 738
495 766
495 771
495 802
495 881
495 885
495 944
495 973
496 504
496 511
496 537
496 544
496 579
496 592
496 606
496 693
496 710
496 719
496 777
496 797
496 976
498 552
498 578
498 651
498 729
498 762
498 791
498 875
498 910
498 928
498 942
498 952
498 969
499 564
499 619
499 682
499 702
499 768
499 799
499 816
499 831
499 884
499 897
499 910
499 940
499 982
499 984
499 988
500 598
500 639
500 700
500 736
500 737
500 741
500 756
500 806
500 821
500 872
500 906
500 954
501 546
501 593
501 600
501 681
501 731
501 751
501 754
501 761
501 899
501 929
501 992
502 517
502 597
502 620
502 628
502 630
502 684
502 709
502 732
502 733
502 806
502 903
502 911
502 960
502 964
503 548
503 638
503 659
503 735
503 775
503 821
503 832
503 863
503 865
503 886
503 925
503 931
503 936
503 970
503 978
503 1000
504 579
504 606
504 710
504 719
504 797
504 961
504 976
505 584
505 653
505 705
505 715
505 792
505 795
505 860
505 895
505 953
505 989
507 609
507 653
507 730
507 779
507 792
507 868
507 913
507 923
507 956
507 967
507 996
508 633
508 698
508 723
508 738
508 792
508 827
508 844
508 856
508 868
508 913
508 956
508 967
508 996
509 746
509 752
509 815
509 876
509 885
509 989
510 521
510 528
510 622
510 680
510 712
510 713
510 734
510 740
510 743
510 814
510 818
510 873
510 889
510 898
510 904
510 918
511 540
511 677
511 697
511 845
511 846
511 864
511 896
511 937
511 971
511 996
512 657
512 676
512 770
512 794
512 839
512 843
512 900
512 910
512 917
512 933
512 946
512 961
514 583
514 638
514 658
514 659
514 669
514 735
514 755
514 775
514 782
514 821
514 832
514 913
514 925
514 931
514 936
514 1000
516 542
516 567
516 570
516 692
516 703
516 704
516 765
516 801
516 822
516 830
516 849
516 857
516 870
516 962
516 975
517 567
517 628
517 635
517 684
517 686
517 732
517 745
517 772
517 876
517 903
517 911
517 960
517 964
518 591
518 610
518 627
518 774
518 870
518 980
519 524
519 621
519 623
519 673
519 734
519 819
519 820
519 828
519 829
519 857
519 887
519 888
519 891
519 930
519 955
520 548
520 565
520 568
520 631
520 714
520 791
520 875
520 914
520 928
520 942
520 967
520 969
521 541
521 622
521 680
521 713
521 740
521 814
521 822
521 873
521 889
521 904
521 907
521 918
522 647
522 677
522 697
522 795
522 798
522 845
522 846
522 864
522 896
522 900
522 937
523 526
523 543
523 560
523 617
523 682
523 780
523 790
523 793
523 837
523 882
524 575
524 625
524 648
524 663
524 664
524 672
524 804
524 922
524 973
525 556
525 595
525 656
525 691
525 703
525 818
525 827
525 871
525 965
525 997
526 543
526 643
526 682
526 703
526 733
526 769
526 780
526 790
526 882
527 530
527 533
527 612
527 641
527 649
527 659
527 717
527 806
527 841
527 901
527 910
527 955
528 541
528 548
528 553
528 622
528 680
528 712
528 740
528 743
528 814
528 873
528 889
528 904
528 918
528 922
528 975
528 984
529 534
529 573
529 604
529 669
529 675
529 746
529 783
529 810
529 847
529 886
529 938
529 979
530 586
530 618
530 636
530 642
530 666
530 725
530 840
530 907
530 974
532 574
532 588
532 720
532 742
532 748
532 760
532 791
532 805
532 807
532 809
532 858
532 879
532 934
532 950
532 968
532 999
533 611
533 641
533 649
533 717
533 834
533 841
533 915
533 952
534 632
534 669
534 675
534 705
534 810
534 843
534 847
534 911
534 938
534 979
535 548
535 594
535 603
535 659
535 664
535 665
535 708
535 755
535 821
535 832
535 855
535 865
535 925
535 969
535 970
535 978
535 1000
536 569
536 585
536 589
536 611
536 678
536 693
536 711
536 861
536 915
536 921
536 926
536 935
536 969
536 972
536 975
536 990
537 544
537 579
537 662
537 710
537 777
537 797
537 934
537 976
538 569
538 589
538 706
538 754
538 785
538 899
538 915
538 920
538 921
538 926
538 935
538 972
538 990
540 658
540 746
540 795
540 798
540 845
540 846
540 864
540 872
540 896
540 937
540 960
540 972
541 546
541 553
541 670
541 680
541 713
541 740
541 743
541 814
541 873
541 889
541 904
541 918
542 626
542 654
542 660
542 704
542 747
542 765
542 790
542 801
542 822
542 922
542 932
542 945
542 962
542 975
543 560
543 617
543 643
543 682
543 717
543 769
543 780
543 790
543 837
543 871
543 882
543 977
544 606
544 704
544 710
544 719
544 777
544 797
544 967
544 976
545 561
545 621
545 673
545 734
545 783
545 819
545 820
545 828
545 829
545 851
545 887
545 888
545 891
545 930
545 955
546 593
546 681
546 731
546 751
546 754
546 761
546 763
546 899
546 905
546 929
546 930
546 992
547 614
547 619
547 644
547 702
547 757
547 796
547 831
547 835
547 884
547 927
547 932
547 936
547 962
547 982
547 984
547 988
548 552
548 578
548 631
548 651
548 730
548 875
548 928
548 942
548 952
548 964
548 969
549 648
549 781
549 784
549 789
549 807
549 824
549 857
549 870
549 912
549 931
549 993
550 563
550 746
550 752
550 807
550 815
550 958
550 967
551 689
551 705
551 715
551 737
551 860
551 882
551 895
551 953
551 989
552 631
552 651
552 741
552 764
552 778
552 826
552 875
552 914
552 928
552 942
552 969
553 560
553 670
553 680
553 712
553 713
553 740
553 743
553 814
553 858
553 873
553 889
553 904
553 918
554 583
554 695
554 708
554 735
554 755
554 763
554 821
554 832
554 855
554 865
554 871
554 880
554 925
554 931
554 936
554 956
554 970
554 978
555 570
555 613
555 660
555 704
555 718
555 765
555 801
555 846
555 945
555 962
555 975
556 559
556 560
556 568
556 646
556 656
556 694
556 800
556 818
556 827
556 906
556 965
557 558
557 597
557 628
557 635
557 732
557 772
557 799
557 911
557 960
557 964
558 559
558 568
558 580
558 694
558 800
558 818
558 831
558 851
558 871
558 876
558 965
559 581
559 613
559 646
559 683
559 691
559 694
559 778
559 818
559 871
559 876
559 965
560 581
560 617
560 643
560 728
560 769
560 780
560 790
560 882
560 991
561 614
561 689
561 692
561 716
561 758
561 842
561 866
561 897
561 919
561 980
561 985
561 991
562 647
562 676
562 763
562 770
562 833
562 843
562 850
562 900
562 905
562 917
562 946
562 961
563 728
563 746
563 752
563 773
563 815
563 947
564 619
564 644
564 706
564 788
564 799
564 816
564 831
564 848
564 884
564 910
564 927
564 932
564 982
564 984
564 988
565 566
565 645
565 655
565 671
565 681
565 685
565 738
565 771
565 793
565 824
565 868
565 885
565 916
566 645
566 671
566 685
566 718
566 738
566 766
566 771
566 778
566 916
566 944
567 597
567 620
567 630
567 684
567 686
567 758
567 897
567 903
567 911
567 960
567 964
568 595
568 613
568 694
568 800
568 818
568 827
568 851
568 871
568 915
568 965
569 616
569 693
569 711
569 717
569 826
569 851
569 861
569 883
569 915
569 920
569 921
569 931
569 935
569 972
569 990
570 626
570 634
570 703
570 725
570 747
570 801
570 822
570 827
570 830
570 909
570 945
570 962
570 975
573 632
573 669
573 675
573 801
573 810
573 847
573 938
573 979
573 997
574 588
574 590
574 642
574 715
574 720
574 721
574 748
574 759
574 805
574 809
574 858
574 862
574 879
574 934
574 950
574 968
574 981
574 999
575 625
575 648
575 663
575 669
575 672
575 777
575 804
575 843
575 922
575 973
576 645
576 655
576 671
576 688
576 741
576 778
576 793
576 803
576 881
576 895
576 916
576 940
576 944
577 583
577 638
577 659
577 664
577 665
577 708
577 782
577 821
577 855
577 865
577 872
577 886
577 900
577 931
577 936
577 978
577 1000
578 651
578 675
578 714
578 729
578 730
578 764
578 875
578 908
578 928
578 942
578 952
578 969
579 606
579 701
579 710
579 719
579 766
579 777
579 797
579 830
579 976
580 581
580 803
580 823
580 852
580 859
580 897
580 909
580 919
580 920
580 947
580 966
580 985
580 991
581 582
581 614
581 689
581 692
581 859
581 897
581 909
581 923
581 947
581 985
581 991
582 608
582 614
582 716
582 787
582 817
582 866
582 947
582 966
582 985
582 991
583 719
583 821
583 832
583 855
583 880
583 886
583 925
583 931
583 936
583 939
583 970
583 978
583 983
583 1000
584 705
584 715
584 833
584 860
584 895
584 938
584 953
584 967
584 989
585 678
585 698
585 701
585 785
585 839
585 861
585 906
585 915
585 920
585 921
585 926
585 935
585 972
585 990
586 592
586 618
586 642
586 666
586 690
586 840
586 907
586 974
587 592
587 618
587 636
587 642
587 666
587 690
587 725
587 821
587 840
587 864
587 907
587 940
587 974
588 720
588 721
588 723
588 748
588 759
588 809
588 858
588 862
588 879
588 893
588 950
588 968
588 999
589 616
589 648
589 658
589 678
589 691
589 693
589 698
589 701
589 706
589 730
589 785
589 883
589 915
589 921
589 926
589 935
589 990
590 657
590 676
590 707
590 756
590 770
590 843
590 900
590 933
590 946
590 961
591 617
591 627
591 659
591 743
591 774
591 980
592 618
592 666
592 690
592 725
592 840
592 858
592 907
592 944
592 974
592 982
593 623
593 677
593 681
593 731
593 751
593 754
593 761
593 899
593 915
593 927
593 929
593 992
594 595
594 603
594 664
594 665
594 755
594 832
594 855
594 865
594 886
594 925
594 936
594 970
594 977
594 978
594 1000
595 621
595 646
595 656
595 691
595 694
595 695
595 800
595 827
595 876
596 733
596 743
596 802
596 811
596 898
596 923
596 939
596 957
596 958
596 971
596 972
596 981
596 983
596 998
597 628
597 635
597 686
597 732
597 741
597 744
597 745
597 748
597 772
597 903
597 911
597 960
597 964
598 639
598 689
598 700
598 736
598 737
598 741
598 756
598 843
598 872
598 906
598 954
599 634
599 722
599 762
599 776
599 812
599 824
599 863
599 869
599 908
599 951
599 977
599 997
600 737
600 773
600 786
600 826
600 839
600 874
600 893
600 894
600 963
600 986
600 994
600 995
603 641
603 695
603 708
603 735
603 755
603 775
603 782
603 855
603 865
603 880
603 885
603 886
603 925
603 931
603 978
604 629
604 632
604 669
604 775
604 789
604 810
604 847
604 938
604 979
604 996
606 710
606 719
606 777
606 797
606 825
606 842
606 976
607 642
607 650
607 662
607 704
607 733
607 802
607 905
607 923
607 939
607 941
607 957
607 958
607 975
607 981
607 983
607 998
608 614
608 625
608 692
608 758
608 797
608 823
608 842
608 859
608 866
608 909
608 919
608 947
608 966
608 985
608 991
609 633
609 653
609 723
609 733
609 779
609 844
609 856
609 868
609 913
609 920
609 956
609 967
609 996
610 649
610 701
610 749
610 762
610 776
610 787
610 812
610 863
610 869
610 908
610 943
610 951
610 997
611 612
611 618
611 626
611 641
611 806
611 830
611 834
611 841
611 901
612 641
612 717
612 806
612 834
612 841
612 873
612 901
612 934
612 989
613 626
613 656
613 694
613 761
613 794
613 800
613 803
613 818
613 827
613 876
613 965
614 622
614 654
614 692
614 817
614 823
614 842
614 845
614 859
614 985
614 991
615 760
615 781
615 789
615 790
615 824
615 857
615 866
615 870
615 912
615 919
615 993
615 995
616 678
616 698
616 711
616 796
616 798
616 861
616 883
616 905
616 915
616 921
616 926
616 935
616 972
616 990
617 643
617 670
617 682
617 728
617 769
617 780
617 790
617 837
617 882
618 642
618 666
618 685
618 690
618 725
618 840
618 907
618 938
618 974
619 702
619 738
619 768
619 837
619 848
619 927
619 932
619 982
619 984
619 988
619 995
620 621
620 630
620 656
620 684
620 686
620 732
620 745
620 772
620 903
620 911
620 955
620 964
621 673
621 767
621 788
621 819
621 820
621 829
621 888
621 891
621 930
621 955
622 670
622 680
622 712
622 713
622 740
622 743
622 794
622 814
622 873
622 889
622 904
622 918
623 666
623 783
623 819
623 820
623 829
623 887
623 888
623 891
623 930
623 955
624 634
624 744
624 776
624 812
624 886
624 908
624 943
624 948
624 997
625 648
625 663
625 672
625 804
625 922
625 958
625 973
625 978
626 651
626 703
626 707
626 822
626 830
626 849
626 945
626 962
627 774
627 980
628 630
628 635
628 686
628 741
628 860
628 903
628 911
628 954
628 956
628 960
628 964
629 632
629 669
629 675
629 740
629 792
629 810
629 847
629 934
629 938
629 979
629 980
630 635
630 679
630 732
630 745
630 772
630 903
630 911
630 960
630 964
631 668
631 714
631 715
631 729
631 764
631 861
631 875
631 914
631 928
631 942
631 952
631 969
632 669
632 810
632 847
632 938
632 979
633 653
633 723
633 844
633 856
633 868
633 878
633 883
633 913
633 956
633 996
634 656
634 673
634 739
634 744
634 749
634 787
634 841
634 908
634 943
634 948
634 951
634 997
635 636
635 709
635 745
635 772
635 872
635 903
635 911
635 960
635 964
636 642
636 653
636 658
636 666
636 690
636 725
636 840
636 907
636 974
638 664
638 665
638 708
638 730
638 735
638 755
638 821
638 855
638 884
638 886
638 912
638 925
638 931
638 970
638 1000
639 700
639 721
639 736
639 737
639 741
639 749
639 756
639 792
639 872
639 906
639 952
639 954
640 641
640 674
640 786
640 803
640 825
640 839
640 852
640 874
640 894
640 895
640 924
640 943
640 963
640 986
640 994
641 644
641 649
641 717
641 806
641 834
641 841
641 893
641 901
642 690
642 725
642 840
642 907
642 974
642 985
643 728
643 780
643 790
643 837
643 874
643 882
643 981
644 757
644 767
644 768
644 799
644 816
644 827
644 848
644 910
644 916
644 927
644 932
644 982
644 984
644 988
645 655
645 671
645 685
645 771
645 778
645 846
645 881
645 916
645 940
645 944
645 948
645 983
646 656
646 683
646 691
646 694
646 800
646 815
646 848
646 851
646 871
646 876
646 919
646 965
646 983
647 658
647 697
647 731
647 795
647 798
647 845
647 846
647 864
647 872
647 896
647 937
648 663
648 672
648 804
648 922
648 963
648 973
649 717
649 806
649 812
649 841
649 901
650 657
650 679
650 802
650 811
650 878
650 898
650 905
650 912
650 923
650 939
650 941
650 951
650 957
650 958
650 971
650 981
650 983
651 714
651 729
651 730
651 791
651 875
651 928
651 952
651 969
651 976
653 723
653 779
653 792
653 844
653 868
653 956
653 967
653 996
654 660
654 683
654 703
654 718
654 747
654 801
654 822
654 830
654 849
654 880
654 884
654 943
654 945
654 962
654 975
655 685
655 707
655 771
655 778
655 786
655 881
655 885
655 940
655 944
656 683
656 691
656 800
656 827
656 965
657 676
657 718
657 763
657 770
657 794
657 803
657 843
657 900
657 917
657 933
657 946
657 961
658 677
658 697
658 791
658 795
658 798
658 845
658 846
658 864
658 896
658 937
658 984
659 664
659 695
659 708
659 755
659 775
659 816
659 821
659 886
659 925
659 931
659 936
659 970
659 978
659 1000
660 703
660 704
660 718
660 747
660 801
660 822
660 830
660 849
660 860
660 911
660 945
660 950
660 962
660 975
660 978
661 757
661 767
661 784
661 799
661 816
661 831
661 835
661 884
661 910
661 932
661 943
661 982
661 984
662 679
662 698
662 811
662 898
662 905
662 923
662 939
662 957
662 958
662 971
662 975
662 983
662 998
663 672
663 691
663 720
663 804
663 811
663 922
663 965
663 973
664 725
664 735
664 755
664 782
664 832
664 855
664 864
664 865
664 880
664 931
664 936
664 970
664 978
664 1000
665 735
665 755
665 775
665 782
665 821
665 855
665 880
665 925
665 931
665 970
665 978
665 999
665 1000
666 690
666 725
666 907
666 942
666 974
668 670
668 671
668 789
668 807
668 824
668 857
668 870
668 904
668 912
668 993
669 781
669 810
669 832
669 847
669 938
669 979
670 674
670 680
670 712
670 713
670 740
670 743
670 814
670 873
670 889
670 904
670 918
670 982
671 674
671 685
671 766
671 771
671 778
671 793
671 876
671 885
671 916
671 940
671 944
672 804
672 922
672 973
672 999
673 678
673 734
673 788
673 828
673 829
673 837
673 887
673 888
673 891
673 930
673 955
674 709
674 773
674 786
674 825
674 826
674 852
674 893
674 894
674 900
674 986
674 994
674 995
675 810
675 847
675 938
675 940
675 979
675 986
676 736
676 763
676 794
676 833
676 850
676 883
676 901
676 917
676 933
676 946
676 961
677 697
677 749
677 776
677 795
677 798
677 821
677 845
677 846
677 864
677 896
677 937
678 693
678 701
678 785
678 861
678 863
678 883
678 915
678 920
678 926
678 935
678 962
678 972
678 990
679 733
679 802
679 819
679 878
679 923
679 933
679 941
679 971
679 981
679 983
679 998
680 712
680 740
680 742
680 743
680 751
680 814
680 873
680 889
680 904
680 918
681 731
681 751
681 754
681 758
681 761
681 896
681 899
681 929
681 940
681 992
682 728
682 751
682 769
682 780
682 790
682 882
682 996
683 800
683 818
683 837
683 851
683 871
683 876
683 914
683 965
684 732
684 745
684 772
684 886
684 903
684 911
684 960
684 964
685 688
685 766
685 771
685 778
685 852
685 881
685 906
685 916
685 940
685 944
686 732
686 745
686 799
686 868
686 903
686 911
686 960
686 961
686 964
686 974
688 710
688 738
688 742
688 756
688 766
688 771
688 778
688 783
688 793
688 881
688 885
688 936
688 940
688 944
689 716
689 732
689 796
689 817
689 823
689 842
689 859
689 866
689 897
689 919
689 947
689 958
690 693
690 725
690 840
690 907
690 974
690 978
691 694
691 784
691 800
691 818
691 827
691 876
691 979
692 694
692 734
692 758
692 796
692 798
692 817
692 859
692 919
692 947
692 966
692 985
692 991
693 701
693 711
693 769
693 861
693 915
693 920
693 926
693 935
693 972
693 990
694 800
694 818
694 871
694 876
694 965
694 976
695 708
695 855
695 865
695 880
695 886
695 931
695 936
695 939
695 944
695 970
695 978
695 992
695 1000
697 702
697 795
697 798
697 864
697 896
697 937
697 957
698 701
698 706
698 711
698 748
698 785
698 861
698 878
698 915
698 920
698 921
698 926
698 935
698 972
698 990
700 736
700 737
700 741
700 756
700 865
700 872
700 906
700 909
700 954
701 706
701 711
701 731
701 785
701 861
701 883
701 915
701 920
701 921
701 935
701 967
701 972
701 990
702 713
702 816
702 848
702 857
702 884
702 910
702 927
702 932
702 950
702 982
702 984
702 988
703 704
703 747
703 765
703 801
703 830
703 849
703 866
703 875
703 945
703 962
703 975
704 718
704 745
704 747
704 765
704 801
704 822
704 830
704 849
704 962
704 975
705 860
705 875
705 895
705 953
705 989
706 793
706 861
706 883
706 920
706 926
706 935
706 972
706 976
706 990
707 770
707 794
707 843
707 850
707 900
707 917
707 933
707 946
707 961
708 712
708 755
708 756
708 782
708 785
708 832
708 880
708 917
708 925
708 931
708 970
708 978
708 1000
709 803
709 826
709 839
709 852
709 874
709 880
709 893
709 913
709 963
709 973
709 986
709 994
709 995
710 713
710 716
710 719
710 763
710 777
710 797
710 976
711 785
711 804
711 883
711 915
711 920
711 921
711 926
711 935
711 972
711 990
711 995
712 740
712 743
712 814
712 868
712 873
712 889
712 904
712 918
712 941
713 725
713 740
713 743
713 814
713 873
713 883
713 889
713 904
713 918
714 729
714 730
714 764
714 914
714 928
714 942
714 952
714 963
714 969
714 982
715 716
715 721
715 762
715 860
715 895
715 953
715 989
716 758
716 796
716 817
716 823
716 842
716 859
716 866
716 909
716 966
716 991
717 771
717 779
717 806
717 812
717 834
717 901
718 801
718 802
718 822
718 830
718 849
718 945
718 962
718 975
719 777
719 797
719 805
719 921
719 976
720 721
720 742
720 748
720 759
720 858
720 862
720 879
720 882
720 934
720 937
720 950
720 968
720 990
720 999
721 742
721 759
721 805
721 809
721 858
721 862
721 879
721 937
721 950
721 968
721 985
721 999
722 737
722 739
722 744
722 749
722 776
722 787
722 789
722 812
722 863
722 869
722 908
722 948
722 951
722 953
722 977
722 997
723 779
723 803
723 844
723 868
723 913
723 956
723 967
723 996
725 817
725 840
725 907
725 974
728 769
728 780
728 829
728 837
729 730
729 745
729 764
729 791
729 844
729 874
729 875
729 887
729 914
729 928
729 942
729 952
730 734
730 791
730 875
730 911
730 914
730 942
730 952
730 969
731 751
731 754
731 761
731 899
731 929
731 978
731 992
731 993
732 745
732 757
732 911
732 954
732 960
732 964
732 985
733 802
733 878
733 905
733 939
733 941
733 981
733 983
733 998
734 783
734 788
734 819
734 820
734 828
734 829
734 887
734 888
734 930
734 955
735 764
735 821
735 855
735 865
735 880
735 886
735 914
735 928
735 931
735 936
735 970
735 978
735 1000
736 737
736 741
736 756
736 872
736 906
736 954
736 973
736 993
737 741
737 756
737 872
737 906
737 954
737 989
738 766
738 793
738 885
738 916
738 933
738 940
738 944
738 964
739 744
739 747
739 749
739 776
739 863
739 869
739 908
739 942
739 943
739 948
739 951
739 977
739 997
740 743
740 784
740 814
740 873
740 889
740 904
740 918
740 991
741 756
741 872
741 906
741 954
742 748
742 759
742 799
742 805
742 809
742 858
742 862
742 879
742 934
742 950
742 968
742 999
743 798
743 814
743 873
743 889
743 904
743 918
744 749
744 787
744 792
744 904
744 908
744 943
744 948
744 951
744 977
744 997
745 787
745 903
745 964
746 752
746 766
746 815
746 932
747 801
747 849
747 945
747 962
747 975
748 783
748 805
748 809
748 816
748 858
748 862
748 879
748 934
748 968
748 971
748 999
749 762
749 812
749 819
749 908
749 912
749 943
749 948
749 951
749 977
749 997
751 754
751 761
751 859
751 899
751 911
751 929
751 992
752 815
752 916
754 761
754 886
754 899
754 929
754 945
754 992
755 775
755 782
755 796
755 821
755 842
755 865
755 880
755 886
755 921
755 925
755 970
755 994
755 1000
756 768
756 872
756 906
756 954
756 985
757 767
757 799
757 831
757 835
757 848
757 884
757 894
757 910
757 927
757 932
757 946
757 982
757 984
757 988
758 796
758 817
758 820
758 823
758 842
758 859
758 866
758 896
758 897
758 930
758 947
758 966
758 985
759 805
759 809
759 858
759 934
759 948
759 950
759 968
759 981
759 999
760 781
760 789
760 807
760 824
760 857
760 870
760 937
760 993
761 771
761 801
761 829
761 899
761 929
761 992
762 764
762 776
762 812
762 869
762 881
762 908
762 943
762 948
762 951
762 977
762 997
762 1000
763 770
763 794
763 833
763 843
763 850
763 900
763 917
763 946
763 961
764 791
764 859
764 914
764 928
764 942
764 952
764 953
765 801
765 821
765 822
765 830
765 849
765 894
765 908
765 926
765 962
765 969
765 975
766 771
766 776
766 793
766 881
766 885
766 916
766 921
766 940
766 944
767 768
767 799
767 809
767 816
767 831
767 835
767 907
767 910
767 927
767 982
767 984
768 816
768 831
768 835
768 839
768 848
768 884
768 894
768 910
768 932
768 982
768 984
768 988
769 780
769 790
769 800
769 837
769 882
769 889
769 992
770 772
770 794
770 833
770 843
770 845
770 850
770 865
770 917
770 933
770 946
770 961
770 979
771 793
771 860
771 916
771 940
771 944
771 997
772 802
772 903
772 911
772 960
772 964
772 976
772 977
773 786
773 825
773 826
773 828
773 839
773 852
773 874
773 924
773 963
773 986
773 994
773 995
774 980
775 821
775 832
775 855
775 880
775 886
775 925
775 931
775 936
775 962
775 970
775 1000
776 787
776 863
776 869
776 908
776 943
776 948
776 951
776 953
776 977
776 997
777 789
777 797
777 976
778 819
778 829
778 881
778 885
778 916
778 940
778 944
779 792
779 817
779 844
779 856
779 868
779 913
779 956
779 967
779 991
779 996
780 790
780 837
780 882
780 931
781 784
781 785
781 807
781 824
781 857
781 870
781 910
781 912
781 993
782 785
782 821
782 832
782 855
782 865
782 880
782 886
782 925
782 931
782 970
782 1000
783 788
783 819
783 828
783 887
783 888
783 891
783 930
783 955
784 785
784 789
784 807
784 824
784 857
784 870
784 912
784 993
785 883
785 915
785 920
785 921
785 926
785 935
785 972
785 990
786 803
786 825
786 839
786 874
786 879
786 888
786 893
786 894
786 924
786 963
786 986
786 994
786 995
787 869
787 908
787 947
787 948
787 977
787 986
787 997
788 819
788 820
788 828
788 829
788 887
788 888
788 891
788 938
788 973
789 807
789 824
789 870
789 912
789 993
789 994
790 797
790 837
790 879
791 875
791 914
791 918
791 942
791 952
791 969
792 844
792 856
792 913
792 956
792 967
792 996
793 827
793 881
793 885
793 916
793 940
793 944
793 993
794 850
794 889
794 900
794 917
794 933
794 952
794 1000
795 798
795 805
795 817
795 845
795 846
795 864
795 896
795 937
796 823
796 841
796 842
796 859
796 897
796 900
796 909
796 919
796 947
796 985
796 991
797 855
797 976
798 845
798 846
798 864
798 896
798 913
798 937
798 994
799 816
799 848
799 850
799 884
799 910
799 927
799 932
799 957
799 982
799 984
799 988
800 818
800 827
800 847
800 851
800 873
800 876
800 933
800 965
801 830
801 887
801 945
801 962
801 975
802 878
802 898
802 905
802 923
802 939
802 957
802 958
802 971
802 981
802 983
802 998
803 825
803 826
803 874
803 893
803 924
803 986
803 994
803 995
804 893
804 922
804 938
804 973
804 979
805 809
805 858
805 862
805 879
805 934
805 950
805 968
805 999
806 830
806 834
806 841
806 901
807 816
807 857
807 870
807 872
807 912
807 993
809 862
809 871
809 888
809 934
809 950
809 968
809 999
810 812
810 847
810 938
810 979
811 824
811 878
811 905
811 923
811 926
811 941
811 946
811 957
811 958
811 971
811 983
811 998
812 863
812 908
812 943
812 948
812 951
812 977
812 990
812 997
814 846
814 873
814 889
814 904
814 918
814 944
815 816
815 977
816 831
816 848
816 884
816 932
816 982
816 988
817 821
817 897
817 909
817 919
817 947
817 966
817 985
817 991
818 827
818 851
818 871
818 874
818 876
818 927
818 965
819 820
819 828
819 829
819 833
819 869
819 887
819 891
819 930
819 955
820 828
820 829
820 887
820 888
820 891
820 930
820 955
820 957
820 974
821 832
821 855
821 865
821 880
821 936
821 978
821 1000
822 830
822 832
822 849
822 875
822 945
822 975
823 839
823 866
823 897
823 906
823 909
823 919
823 947
823 966
823 967
823 991
824 837
824 857
824 870
824 912
824 951
824 993
825 826
825 852
825 874
825 893
825 894
825 913
825 924
825 963
825 986
825 994
825 995
826 852
826 874
826 893
826 924
826 963
826 974
826 986
826 994
826 995
827 851
827 871
827 876
827 965
828 829
828 888
828 891
828 913
828 930
828 941
828 955
828 983
829 831
829 887
829 888
829 891
829 930
829 955
829 992
830 849
830 919
830 945
830 962
830 975
831 837
831 848
831 884
831 903
831 910
831 927
831 932
831 933
831 982
831 984
831 988
832 865
832 918
832 925
832 936
832 970
832 978
832 1000
833 843
833 849
833 850
833 900
833 917
833 933
833 946
833 961
834 841
834 850
834 860
834 865
834 901
835 848
835 857
835 881
835 884
835 911
835 927
835 969
835 982
835 984
835 988
837 859
837 882
839 852
839 874
839 893
839 894
839 963
839 986
839 994
839 995
840 907
840 910
840 974
840 978
841 843
841 901
841 906
842 848
842 862
842 866
842 897
842 909
842 966
842 985
842 991
842 995
843 850
843 900
843 917
843 933
843 946
843 961
844 856
844 868
844 913
844 956
844 967
844 996
845 846
845 864
845 896
845 937
846 864
846 896
846 934
846 937
846 952
847 856
847 938
847 961
847 979
848 855
848 884
848 910
848 927
848 968
848 982
848 984
849 856
849 944
849 962
849 975
850 900
850 917
850 933
850 946
851 871
851 876
851 914
851 918
851 927
851 965
852 858
852 889
852 894
852 924
852 963
852 986
852 994
855 865
855 886
855 925
855 931
855 932
855 936
855 970
855 978
855 990
855 1000
856 862
856 868
856 913
856 935
856 956
856 967
856 988
856 996
857 863
857 870
857 912
857 945
857 993
858 862
858 934
858 950
858 968
858 999
859 865
859 866
859 897
859 919
859 947
859 966
859 985
859 991
860 895
860 898
860 953
860 989
861 865
861 883
861 915
861 920
861 921
861 926
861 930
861 935
861 972
861 990
862 863
862 879
862 934
862 950
862 968
862 999
863 869
863 908
863 943
863 948
863 951
863 977
864 896
864 903
864 929
864 937
865 886
865 925
865 936
865 970
865 978
866 897
866 909
866 919
866 947
866 966
866 985
866 991
868 943
868 956
868 967
868 970
868 996
869 906
869 908
869 926
869 939
869 943
869 948
869 977
869 997
870 871
870 993
871 918
871 935
871 965
872 882
872 906
872 910
872 954
873 878
873 889
873 904
873 918
873 938
874 894
874 924
874 936
874 975
874 986
874 995
875 914
875 928
875 929
875 969
875 986
876 885
876 928
876 965
878 880
878 905
878 923
878 939
878 941
878 958
878 971
878 981
878 998
879 885
879 928
879 934
879 950
879 968
879 999
880 886
880 925
880 931
880 936
880 970
880 978
880 991
880 1000
881 885
881 895
881 916
881 944
882 908
883 915
883 920
883 921
883 926
883 935
883 941
883 972
883 990
884 910
884 922
884 932
884 963
884 982
884 984
884 988
885 912
885 916
885 940
886 893
886 925
886 931
886 970
886 978
886 1000
887 888
887 891
887 900
887 930
887 955
887 970
887 990
888 929
888 930
888 955
889 904
889 918
889 948
891 930
891 940
891 955
891 962
893 894
893 963
893 986
893 994
893 995
894 924
894 963
894 986
894 995
895 946
895 953
895 989
896 897
896 903
896 909
896 910
896 937
897 919
897 947
897 966
897 984
897 985
897 991
898 899
898 905
898 919
898 923
898 939
898 941
898 957
898 958
898 971
898 981
898 983
898 998
899 929
899 992
900 933
900 946
900 961
901 914
901 915
901 945
903 911
903 960
903 964
904 918
904 932
905 923
905 939
905 941
905 957
905 958
905 971
905 981
905 997
905 998
906 954
907 974
908 948
908 951
908 977
908 980
908 997
909 917
909 919
909 947
909 966
909 985
909 991
910 927
910 932
910 982
910 984
910 988
911 960
911 964
912 917
912 993
913 956
913 967
913 996
914 928
914 945
914 952
914 969
915 920
915 921
915 926
915 935
915 955
915 972
915 983
915 990
916 940
917 933
917 961
919 966
919 985
919 991
919 998
920 921
920 926
920 933
920 935
920 972
920 990
921 926
921 935
921 970
921 972
921 990
922 970
922 973
922 984
923 929
923 941
923 957
923 958
923 971
923 983
923 998
924 952
924 977
924 994
924 995
925 928
925 929
925 931
925 936
925 970
926 935
926 966
926 972
926 990
927 932
927 971
927 982
927 984
928 952
928 960
928 969
929 992
930 955
931 936
931 939
931 970
931 978
931 1000
932 955
932 984
932 988
933 946
933 955
933 961
934 950
934 968
934 985
934 999
935 938
935 947
935 972
935 990
936 970
936 978
936 993
936 1000
937 971
938 979
939 941
939 946
939 957
939 971
939 981
939 983
939 998
940 944
940 946
940 950
941 942
941 951
941 952
941 957
941 958
941 983
942 947
942 952
942 969
942 995
943 948
943 951
943 977
943 997
944 966
945 962
945 975
946 961
946 982
947 966
947 985
947 991
948 951
948 977
948 996
948 997
950 968
950 999
951 961
951 977
951 997
952 969
953 989
954 956
954 961
955 970
955 997
956 962
956 967
956 996
957 981
957 983
958 970
958 981
958 983
958 998
960 964
961 962
962 984
963 966
963 994
963 995
964 968
964 970
964 999
965 999
966 984
966 985
966 991
966 998
967 996
967 998
968 999
968 1000
970 996
970 1000
971 981
971 983
971 994
971 998
972 990
973 976
973 992
976 988
977 988
977 997
978 980
978 982
978 1000
981 983
981 988
981 998
982 984
983 992
983 998
984 988
985 986
985 991
986 994
986 995
989 996
994 995
995 999
