1 118
1 208
1 318
1 374
1 567
1 593
1 699
1 720
1 732
1 828
1 964
1 987
2 8
2 188
2 261
2 288
2 707
2 793
2 863
2 869
2 908
2 948
2 977
2 997
3 257
3 263
3 374
3 397
3 593
3 600
3 611
3 635
3 649
3 879
3 951
3 960
4 207
4 269
4 403
4 438
4 519
4 562
4 591
4 630
4 717
4 774
4 776
4 994
5 330
5 599
5 683
5 714
5 758
5 797
5 871
5 906
5 958
5 965
5 974
5 993
6 348
6 739
6 762
6 812
6 830
6 869
6 904
6 943
6 948
6 951
6 977
6 997
7 376
7 557
7 678
7 813
7 825
7 852
7 893
7 894
7 926
7 986
7 990
7 995
8 272
8 481
8 498
8 548
8 578
8 730
8 738
8 780
8 875
8 952
8 974
9 156
9 453
9 679
9 716
9 812
9 830
9 869
9 943
9 948
9 951
9 977
9 997
10 367
10 378
10 390
10 434
10 548
10 792
10 914
10 919
10 942
10 969
10 974
10 976
11 251
11 341
11 561
11 580
11 620
11 662
11 758
11 842
11 866
11 920
11 947
11 985
12 517
12 548
12 552
12 595
12 722
12 738
12 764
12 797
12 942
12 952
12 969
12 976
13 117
13 324
13 456
13 620
13 630
13 635
13 699
13 713
13 772
13 828
13 919
13 953
14 196
14 376
14 444
14 537
14 704
14 718
14 747
14 784
14 879
14 945
14 962
14 975
15 480
15 718
15 733
15 742
15 823
15 898
15 905
15 923
15 957
15 958
15 983
15 998
16 43
16 549
16 811
16 823
16 839
16 898
16 905
16 923
16 957
16 958
16 983
16 998
17 564
17 589
17 763
17 845
17 862
17 895
17 929
17 933
17 934
17 961
17 968
17 980
18 178
18 285
18 361
18 533
18 658
18 677
18 697
18 848
18 864
18 876
18 896
18 937
19 170
19 221
19 299
19 395
19 463
19 485
19 560
19 731
19 751
19 754
19 761
19 955
20 433
20 671
20 673
20 788
20 819
20 887
20 888
20 891
20 915
20 930
20 955
20 975
21 41
21 721
21 852
21 861
21 893
21 921
21 924
21 938
21 946
21 990
21 994
21 995
22 100
22 134
22 256
22 319
22 436
22 529
22 604
22 618
22 669
22 698
22 803
22 847
23 136
23 292
23 364
23 392
23 405
23 463
23 501
23 524
23 648
23 700
23 954
24 101
24 475
24 489
24 539
24 580
24 608
24 614
24 842
24 903
24 966
24 985
24 991
25 74
25 206
25 502
25 593
25 630
25 726
25 745
25 841
25 953
25 964
25 976
25 991
26 266
26 443
26 527
26 590
26 601
26 684
26 699
26 732
26 828
26 846
26 901
26 953
27 206
27 293
27 322
27 502
27 557
27 565
27 628
27 684
27 699
27 772
27 903
27 987
28 91
28 547
28 661
28 741
28 802
28 830
28 831
28 927
28 979
28 982
28 984
28 988
29 336
29 393
29 450
29 493
29 528
29 581
29 586
29 587
29 668
29 840
29 875
29 909
30 454
30 482
30 485
30 546
30 564
30 731
30 751
30 754
30 761
30 794
30 864
30 914
31 36
31 145
31 218
31 288
31 301
31 568
31 685
31 752
31 815
31 971
32 161
32 425
32 545
32 626
32 729
32 767
32 788
32 887
32 888
32 915
32 930
32 955
33 216
33 574
33 605
33 720
33 721
33 763
33 805
33 812
33 850
33 950
33 992
33 999
34 36
34 195
34 236
34 268
34 505
34 567
34 584
34 705
34 715
34 860
34 910
34 916
35 261
35 365
35 560
35 610
35 749
35 793
35 830
35 869
35 943
35 948
35 977
35 997
36 145
36 218
36 288
36 301
36 685
36 752
36 779
36 815
37 135
37 315
37 367
37 512
37 722
37 791
37 798
37 875
37 914
37 928
37 942
37 969
38 146
38 378
38 742
38 744
38 748
38 763
38 778
38 800
38 817
38 917
38 989
38 999
39 97
39 372
39 606
39 678
39 734
39 783
39 807
39 888
39 891
39 915
39 930
39 955
40 318
40 324
40 446
40 468
40 517
40 597
40 699
40 724
40 730
40 770
40 772
40 987
41 382
41 585
41 678
41 709
41 874
41 924
41 938
41 963
41 970
41 990
41 995
42 257
42 506
42 527
42 600
42 628
42 630
42 681
42 841
42 901
42 957
42 986
42 987
43 88
43 260
43 661
43 689
43 768
43 799
43 802
43 816
43 922
43 979
43 982
44 276
44 420
44 426
44 546
44 560
44 592
44 731
44 751
44 754
44 761
44 847
44 892
45 50
45 208
45 583
45 657
45 742
45 800
45 950
45 961
45 965
45 968
45 989
45 999
46 633
46 716
46 723
46 792
46 854
46 868
46 913
46 920
46 956
46 958
46 967
46 996
47 679
47 733
47 811
47 823
47 898
47 905
47 923
47 957
47 958
47 983
47 998
47 999
48 107
48 149
48 222
48 387
48 388
48 435
48 446
48 639
48 680
48 686
48 741
48 829
49 92
49 130
49 329
49 380
49 616
49 852
49 883
49 911
49 921
49 926
49 960
49 994
50 110
50 199
50 214
50 259
50 309
50 598
50 772
50 806
50 834
50 941
50 964
51 94
51 133
51 362
51 414
51 429
51 459
51 692
51 756
51 760
51 856
51 857
51 912
52 137
52 442
52 572
52 599
52 683
52 714
52 815
52 818
52 871
52 906
52 965
52 993
53 570
53 572
53 622
53 670
53 712
53 740
53 781
53 814
53 889
53 904
53 907
53 918
54 216
54 289
54 314
54 354
54 435
54 639
54 686
54 700
54 736
54 741
54 829
54 924
55 389
55 418
55 455
55 540
55 550
55 581
55 647
55 658
55 848
55 864
55 896
55 937
56 165
56 192
56 607
56 767
56 801
56 851
56 878
56 896
56 939
56 941
56 971
56 981
57 528
57 706
57 709
57 786
57 826
57 872
57 894
57 911
57 921
57 923
57 924
57 928
58 294
58 370
58 439
58 504
58 527
58 559
58 579
58 676
58 713
58 777
58 988
58 990
59 124
59 178
59 401
59 473
59 615
59 713
59 756
59 760
59 789
59 824
59 835
59 912
60 377
60 389
60 540
60 677
60 709
60 795
60 798
60 845
60 848
60 864
60 896
60 937
61 150
61 437
61 544
61 581
61 582
61 713
61 716
61 842
61 866
61 947
61 973
61 991
62 537
62 622
62 712
62 740
62 781
62 814
62 889
62 892
62 904
62 907
62 918
62 939
63 84
63 212
63 335
63 413
63 541
63 573
63 629
63 698
63 803
63 810
63 847
63 901
64 175
64 224
64 589
64 674
64 773
64 811
64 826
64 846
64 911
64 933
64 986
64 995
65 274
65 499
65 717
65 785
65 802
65 831
65 922
65 927
65 932
65 979
65 982
65 984
66 139
66 143
66 233
66 269
66 293
66 403
66 497
66 591
66 717
66 769
66 774
66 776
67 295
67 613
67 646
67 691
67 797
67 802
67 827
67 871
67 906
67 937
67 965
67 993
68 114
68 157
68 182
68 246
68 447
68 500
68 565
68 708
68 740
68 771
68 881
68 902
69 176
69 184
69 479
69 805
69 895
69 929
69 933
69 951
69 961
69 968
69 980
69 989
70 266
70 324
70 527
70 533
70 588
70 628
70 681
70 732
70 772
70 806
70 831
70 953
71 176
71 340
71 345
71 458
71 485
71 509
71 563
71 696
71 746
71 999
72 653
72 779
72 844
72 854
72 855
72 868
72 891
72 913
72 920
72 956
72 970
72 996
73 89
73 555
73 660
73 704
73 718
73 849
73 879
73 884
73 889
73 945
73 962
73 975
74 206
74 446
74 468
74 502
74 607
74 628
74 630
74 635
74 841
74 893
74 987
75 92
75 206
75 373
75 558
75 613
75 818
75 827
75 871
75 906
75 965
75 967
75 993
76 133
76 178
76 193
76 306
76 446
76 549
76 615
76 756
76 856
76 857
76 912
76 954
77 82
77 537
77 576
77 622
77 670
77 781
77 814
77 889
77 904
77 907
77 918
77 991
78 153
78 225
78 238
78 424
78 551
78 579
78 584
78 653
78 705
78 715
78 860
78 910
79 188
79 201
79 389
79 410
79 617
79 641
79 728
79 737
79 837
79 846
79 882
79 975
80 256
80 536
80 630
80 706
80 711
80 785
80 921
80 924
80 938
80 990
80 994
80 995
81 437
81 575
81 581
81 699
81 758
81 830
81 866
81 897
81 947
81 966
81 973
81 991
82 109
82 347
82 384
82 492
82 507
82 508
82 854
82 899
82 913
82 920
82 996
83 355
83 368
83 429
83 677
83 697
83 698
83 795
83 845
83 864
83 876
83 896
83 937
84 432
84 449
84 560
84 564
84 592
84 649
84 731
84 751
84 754
84 761
84 982
85 93
85 265
85 499
85 619
85 816
85 831
85 932
85 973
85 979
85 982
85 984
85 988
86 569
86 678
86 723
86 773
86 778
86 785
86 859
86 883
86 924
86 926
86 935
86 961
87 149
87 153
87 157
87 168
87 268
87 424
87 505
87 567
87 584
87 705
87 860
87 910
88 597
88 699
88 799
88 802
88 835
88 862
88 922
88 927
88 932
88 979
88 988
89 295
89 373
89 442
89 515
89 646
89 732
89 827
89 871
89 906
89 965
89 993
90 107
90 194
90 279
90 289
90 435
90 457
90 645
90 686
90 700
90 736
90 741
90 829
91 199
91 661
91 702
91 745
91 799
91 856
91 922
91 932
91 979
91 984
91 988
92 251
92 613
92 614
92 646
92 683
92 797
92 827
92 871
92 965
92 993
93 469
93 522
93 550
93 795
93 798
93 845
93 864
93 876
93 886
93 937
93 961
94 125
94 138
94 401
94 414
94 692
94 756
94 760
94 856
94 857
94 912
94 978
95 492
95 507
95 723
95 779
95 783
95 844
95 868
95 883
95 920
95 956
95 967
95 996
96 120
96 126
96 204
96 302
96 575
96 580
96 625
96 663
96 672
96 694
96 804
96 867
97 296
97 545
97 554
97 643
97 671
97 767
97 819
97 820
97 888
97 930
97 955
98 811
98 823
98 849
98 873
98 898
98 905
98 918
98 923
98 957
98 958
98 983
98 998
99 191
99 318
99 324
99 465
99 517
99 527
99 578
99 630
99 772
99 785
99 903
99 964
100 254
100 279
100 319
100 604
100 669
100 698
100 712
100 803
100 810
100 847
100 976
101 310
101 341
101 382
101 534
101 866
101 897
101 919
101 947
101 966
101 985
101 991
102 361
102 437
102 576
102 712
102 740
102 781
102 814
102 848
102 889
102 904
102 907
102 918
103 208
103 612
103 644
103 763
103 833
103 858
103 887
103 929
103 933
103 934
103 950
103 961
103 965
104 152
104 227
104 361
104 379
104 463
104 712
104 781
104 814
104 889
104 904
104 907
104 914
104 918
105 118
105 144
105 287
105 354
105 397
105 456
105 611
105 681
105 772
105 806
105 838
105 901
105 953
106 112
106 211
106 448
106 768
106 799
106 816
106 835
106 922
106 927
106 932
106 982
106 984
106 988
107 174
107 289
107 334
107 402
107 435
107 628
107 680
107 736
107 741
107 795
107 829
108 122
108 283
108 358
108 548
108 624
108 651
108 722
108 730
108 928
108 952
108 969
108 974
108 976
109 166
109 281
109 313
109 481
109 779
109 782
109 791
109 868
109 899
109 913
109 967
109 996
110 208
110 219
110 263
110 326
110 369
110 598
110 600
110 611
110 636
110 674
110 681
110 960
111 213
111 298
111 383
111 607
111 627
111 668
111 786
111 851
111 878
111 939
111 941
111 971
111 981
112 138
112 265
112 435
112 619
112 816
112 920
112 922
112 974
112 979
112 982
112 984
112 988
113 542
113 641
113 703
113 727
113 747
113 765
113 822
113 849
113 853
113 884
113 945
113 962
113 975
114 159
114 247
114 486
114 553
114 645
114 655
114 688
114 863
114 885
114 902
114 940
114 944
115 130
115 189
115 684
115 773
115 785
115 825
115 874
115 883
115 893
115 938
115 963
115 977
115 986
116 184
116 431
116 561
116 581
116 817
116 897
116 919
116 947
116 966
116 973
116 985
116 991
116 996
117 265
117 398
117 557
117 598
117 620
117 636
117 640
117 901
117 903
117 953
117 964
117 987
118 326
118 385
118 446
118 477
118 517
118 745
118 841
118 901
118 953
118 972
118 987
119 243
119 357
119 371
119 439
119 504
119 579
119 606
119 676
119 710
119 777
119 860
119 897
119 959
120 126
120 204
120 302
120 488
120 575
120 625
120 663
120 672
120 694
120 780
120 804
120 924
121 141
121 249
121 473
121 479
121 492
121 676
121 743
121 770
121 809
121 929
121 950
121 980
121 999
122 165
122 212
122 349
122 372
122 529
122 541
122 573
122 604
122 629
122 682
122 803
122 847
123 171
123 172
123 410
123 474
123 543
123 675
123 728
123 745
123 837
123 846
123 882
123 916
123 924
124 127
124 205
124 420
124 486
124 495
124 525
124 771
124 881
124 902
124 907
124 940
124 944
125 241
125 401
125 459
125 473
125 549
125 766
125 780
125 838
125 856
125 857
125 858
125 912
126 204
126 302
126 423
126 575
126 625
126 663
126 672
126 694
126 804
126 898
126 940
127 139
127 287
127 322
127 374
127 425
127 468
127 518
127 554
127 636
127 726
127 732
127 901
128 315
128 348
128 357
128 498
128 518
128 764
128 791
128 815
128 875
128 914
128 928
128 952
128 969
129 243
129 304
129 370
129 371
129 504
129 544
129 559
129 606
129 682
129 710
129 713
129 777
129 928
130 344
130 793
130 825
130 839
130 874
130 924
130 935
130 963
130 966
130 972
130 990
131 132
131 660
131 703
131 704
131 727
131 784
131 822
131 849
131 879
131 923
131 945
131 962
131 975
132 133
132 440
132 480
132 558
132 607
132 801
132 851
132 878
132 939
132 941
132 971
132 981
133 196
133 433
133 460
133 549
133 692
133 756
133 766
133 824
133 912
133 981
134 350
134 475
134 653
134 747
134 792
134 854
134 913
134 920
134 956
134 967
134 969
134 996
135 315
135 367
135 390
135 495
135 651
135 738
135 764
135 780
135 805
135 942
135 952
135 974
136 292
136 364
136 392
136 405
136 501
136 512
136 524
136 539
136 648
136 954
137 266
137 412
137 446
137 502
137 506
137 510
137 601
137 630
137 706
137 903
137 960
137 964
138 252
138 363
138 418
138 768
138 835
138 907
138 927
138 932
138 982
138 984
138 988
139 510
139 597
139 600
139 601
139 640
139 681
139 731
139 732
139 834
139 913
139 953
140 261
140 610
140 782
140 793
140 795
140 830
140 869
140 908
140 948
140 951
140 972
140 977
140 997
141 278
141 507
141 588
141 770
141 802
141 858
141 900
141 929
141 934
141 950
141 989
141 999
142 475
142 495
142 507
142 609
142 686
142 714
142 844
142 868
142 899
142 913
142 956
142 967
142 996
143 269
143 356
143 403
143 407
143 438
143 520
143 562
143 769
143 774
143 776
143 854
143 958
144 257
144 333
144 374
144 574
144 630
144 636
144 649
144 699
144 745
144 806
144 828
144 834
145 218
145 288
145 301
145 519
145 685
145 697
145 752
145 815
145 818
146 197
146 286
146 474
146 721
146 744
146 770
146 809
146 858
146 870
146 939
146 980
146 999
147 258
147 291
147 448
147 748
147 759
147 794
147 822
147 843
147 858
147 870
147 895
147 933
147 989
148 560
148 646
148 749
148 787
148 793
148 863
148 869
148 908
148 943
148 948
148 951
148 977
148 997
149 174
149 222
149 354
149 388
149 424
149 453
149 457
149 639
149 686
149 700
149 829
150 273
150 389
150 539
150 608
150 609
150 662
150 691
150 817
150 947
150 966
150 973
150 991
151 690
151 707
151 768
151 778
151 794
151 807
151 833
151 843
151 895
151 900
151 933
151 934
151 980
152 336
152 413
152 535
152 537
152 670
152 740
152 781
152 814
152 889
152 904
152 907
152 918
153 225
153 377
153 424
153 461
153 551
153 705
153 715
153 860
153 910
153 935
153 980
154 350
154 418
154 421
154 508
154 677
154 769
154 844
154 854
154 899
154 920
154 956
154 967
154 996
155 238
155 382
155 605
155 724
155 727
155 808
155 821
155 832
155 839
155 877
155 892
155 949
155 959
156 223
156 289
156 453
156 551
156 793
156 812
156 863
156 908
156 943
156 951
156 977
156 997
157 167
157 205
157 234
157 324
157 375
157 565
157 688
157 881
157 885
157 940
157 944
158 284
158 472
158 553
158 585
158 618
158 706
158 773
158 789
158 921
158 926
158 963
158 972
158 994
159 749
159 762
159 830
159 844
159 863
159 908
159 943
159 948
159 951
159 969
159 977
159 997
160 164
160 269
160 356
160 407
160 438
160 497
160 520
160 591
160 627
160 717
160 769
160 776
160 974
161 417
161 466
161 574
161 695
161 720
161 759
161 770
161 807
161 843
161 850
161 870
161 952
162 318
162 599
162 646
162 683
162 691
162 818
162 827
162 871
162 906
162 917
162 926
162 965
162 993
163 400
163 512
163 657
163 742
163 744
163 790
163 900
163 934
163 968
163 983
163 989
163 992
163 999
164 241
164 300
164 414
164 473
164 532
164 760
164 766
164 789
164 824
164 856
164 857
164 914
165 341
165 440
165 480
165 596
165 801
165 851
165 878
165 939
165 941
165 971
165 981
166 244
166 494
166 633
166 723
166 729
166 773
166 792
166 828
166 920
166 956
166 967
166 996
167 467
167 638
167 659
167 664
167 695
167 782
167 865
167 886
167 936
167 946
167 970
167 1000
168 289
168 297
168 461
168 505
168 551
168 567
168 705
168 715
168 850
168 860
168 910
168 929
169 301
169 307
169 372
169 621
169 623
169 734
169 767
169 820
169 887
169 902
169 915
169 930
169 955
170 449
170 482
170 485
170 537
170 564
170 592
170 731
170 751
170 754
170 761
170 824
170 833
171 175
171 410
171 423
171 617
171 637
171 643
171 675
171 728
171 837
171 846
171 882
171 952
172 282
172 351
172 410
172 641
172 643
172 728
172 737
172 837
172 846
172 869
172 882
172 998
173 341
173 375
173 495
173 500
173 525
173 645
173 655
173 670
173 688
173 881
173 885
173 902
173 940
174 210
174 320
174 371
174 457
174 507
174 639
174 680
174 700
174 736
174 741
174 829
175 589
175 624
175 644
175 678
175 692
175 709
175 859
175 926
175 938
175 972
175 986
176 340
176 345
176 458
176 509
176 563
176 696
176 746
176 968
177 538
177 553
177 679
177 733
177 811
177 823
177 898
177 905
177 923
177 957
177 958
177 983
177 998
178 300
178 532
178 565
178 692
178 760
178 789
178 856
178 857
178 900
178 912
179 241
179 433
179 459
179 487
179 615
179 692
179 766
179 789
179 824
179 856
179 857
179 877
179 912
180 624
180 687
180 706
180 709
180 773
180 826
180 874
180 894
180 926
180 935
180 938
180 957
180 972
181 209
181 232
181 342
181 346
181 386
181 411
181 430
181 566
181 596
181 712
181 796
181 827
181 954
182 406
182 426
182 486
182 491
182 565
182 688
182 881
182 885
182 902
182 940
182 944
182 987
183 638
183 790
183 821
183 827
183 855
183 880
183 921
183 925
183 931
183 946
183 970
183 978
183 1000
184 286
184 553
184 611
184 759
184 858
184 895
184 900
184 929
184 933
184 992
184 999
185 248
185 259
185 397
185 510
185 597
185 611
185 620
185 772
185 903
185 953
185 955
185 964
185 971
186 282
186 365
186 382
186 487
186 600
186 618
186 724
186 727
186 836
186 838
186 853
186 892
186 959
187 513
187 546
187 577
187 659
187 695
187 770
187 821
187 925
187 931
187 936
187 946
187 970
187 1000
188 548
188 559
188 719
188 749
188 787
188 830
188 908
188 943
188 951
188 977
188 997
189 234
189 447
189 495
189 500
189 524
189 733
189 771
189 881
189 885
189 902
189 940
189 944
190 294
190 739
190 749
190 803
190 812
190 830
190 908
190 943
190 948
190 951
190 977
190 995
190 997
191 219
191 247
191 263
191 364
191 506
191 510
191 527
191 557
191 611
191 796
191 834
191 964
192 217
192 316
192 383
192 767
192 801
192 851
192 878
192 922
192 939
192 941
192 971
192 981
193 306
193 337
193 401
193 615
193 692
193 760
193 789
193 824
193 854
193 856
193 912
193 964
194 210
194 216
194 289
194 354
194 391
194 522
194 635
194 639
194 680
194 700
194 736
194 741
195 236
195 424
195 461
195 551
195 567
195 584
195 705
195 715
195 860
195 880
195 910
195 999
196 241
196 615
196 671
196 756
196 760
196 789
196 824
196 856
196 857
196 912
196 963
197 202
197 399
197 615
197 720
197 759
197 800
197 805
197 870
197 882
197 933
197 980
197 992
198 203
198 404
198 496
198 571
198 634
198 637
198 656
198 667
198 750
198 825
198 828
198 867
198 916
199 209
199 232
199 290
199 342
199 346
199 386
199 411
199 430
199 566
199 796
199 930
200 203
200 315
200 518
200 578
200 764
200 780
200 791
200 822
200 875
200 914
200 928
200 947
200 976
201 400
201 474
201 500
201 523
201 543
201 617
201 643
201 675
201 837
201 846
201 882
201 939
202 716
202 720
202 770
202 794
202 850
202 862
202 912
202 917
202 929
202 933
202 961
202 992
203 679
203 802
203 811
203 823
203 898
203 905
203 923
203 957
203 958
203 983
203 998
204 302
204 575
204 625
204 663
204 672
204 694
204 804
204 913
204 928
204 934
205 221
205 245
205 375
205 500
205 525
205 553
205 771
205 883
205 902
205 911
205 940
205 944
206 257
206 266
206 397
206 510
206 554
206 598
206 600
206 643
206 827
206 903
207 211
207 317
207 396
207 470
207 493
207 587
207 642
207 668
207 690
207 694
207 725
207 840
207 909
208 337
208 471
208 742
208 917
208 929
208 933
208 934
208 950
208 989
208 999
209 232
209 290
209 328
209 342
209 346
209 386
209 411
209 430
209 566
209 796
209 830
209 909
210 223
210 354
210 402
210 639
210 680
210 686
210 700
210 736
210 741
210 795
210 829
210 857
211 380
211 441
211 466
211 589
211 693
211 785
211 859
211 861
211 926
211 963
211 972
211 995
212 254
212 427
212 436
212 541
212 604
212 669
212 682
212 803
212 810
212 817
212 847
212 885
213 311
213 316
213 381
213 607
213 670
213 725
213 801
213 851
213 878
213 939
213 941
213 971
213 981
214 309
214 502
214 533
214 684
214 728
214 745
214 772
214 806
214 828
214 841
214 876
214 964
214 977
215 217
215 229
215 383
215 440
215 596
215 607
215 801
215 851
215 878
215 939
215 941
215 944
215 971
215 981
216 255
216 391
216 402
216 435
216 457
216 680
216 700
216 736
216 741
216 829
216 974
217 440
217 494
217 508
217 596
217 801
217 851
217 878
217 901
217 939
217 941
217 971
217 981
218 288
218 301
218 374
218 555
218 685
218 752
218 755
218 815
219 287
219 554
219 745
219 772
219 826
219 841
219 901
219 903
219 964
219 968
219 979
219 987
220 330
220 353
220 558
220 568
220 576
220 646
220 691
220 714
220 739
220 797
220 827
220 906
220 965
220 993
221 250
221 299
221 426
221 454
221 546
221 560
221 564
221 731
221 751
221 754
221 761
221 861
222 243
222 253
222 289
222 354
222 391
222 402
222 619
222 639
222 686
222 700
222 741
222 829
223 399
223 408
223 453
223 484
223 749
223 787
223 908
223 943
223 951
223 961
223 977
223 997
224 329
224 422
224 472
224 739
224 743
224 786
224 826
224 840
224 883
224 894
224 935
224 994
224 995
225 377
225 424
225 461
225 505
225 551
225 557
225 567
225 705
225 715
225 860
225 870
225 910
226 355
226 381
226 522
226 647
226 658
226 677
226 697
226 748
226 795
226 845
226 848
226 876
226 896
226 937
227 400
227 415
227 447
227 670
227 712
227 740
227 781
227 814
227 866
227 889
227 904
227 907
227 918
228 404
228 467
228 496
228 571
228 634
228 637
228 656
228 667
228 750
228 791
228 842
228 867
228 916
228 918
229 516
229 549
229 555
229 660
229 765
229 770
229 784
229 822
229 849
229 884
229 945
229 962
229 975
230 419
230 436
230 576
230 654
230 703
230 718
230 784
230 849
230 879
230 884
230 900
230 945
230 962
230 975
231 431
231 515
231 604
231 636
231 662
231 689
231 866
231 919
231 924
231 947
231 966
231 973
231 985
231 991
232 290
232 293
232 328
232 342
232 346
232 386
232 411
232 430
232 566
232 796
232 957
233 337
233 742
233 794
233 809
233 870
233 894
233 900
233 961
233 980
233 989
233 992
233 994
233 999
234 491
234 500
234 565
234 688
234 763
234 771
234 848
234 881
234 885
234 902
234 940
234 944
235 323
235 336
235 393
235 429
235 470
235 576
235 587
235 642
235 666
235 668
235 690
235 840
235 909
235 925
236 255
236 262
236 297
236 305
236 551
236 567
236 584
236 705
236 715
236 860
236 900
236 910
237 264
237 334
237 400
237 423
237 617
237 641
237 643
237 728
237 737
237 746
237 837
237 846
237 882
237 923
238 240
238 365
238 487
238 572
238 585
238 605
238 727
238 838
238 853
238 890
238 892
238 949
239 556
239 703
239 704
239 747
239 765
239 784
239 816
239 849
239 879
239 884
239 934
239 945
239 962
239 975
240 272
240 476
240 572
240 668
240 753
240 813
240 818
240 853
240 890
240 892
240 896
240 949
240 959
241 433
241 532
241 549
241 635
241 766
241 814
241 824
241 853
241 857
241 912
242 287
242 334
242 409
242 531
242 591
242 724
242 794
242 813
242 853
242 873
242 877
242 890
242 949
242 959
243 294
243 304
243 357
243 371
243 394
243 547
243 579
243 676
243 710
243 713
243 777
244 350
244 432
244 492
244 507
244 623
244 633
244 779
244 792
244 844
244 847
244 956
244 967
244 996
245 423
245 432
245 447
245 495
245 525
245 553
245 645
245 678
245 771
245 881
245 885
245 902
245 944
246 447
246 448
246 470
246 495
246 553
246 645
246 652
246 655
246 771
246 885
246 902
246 940
246 960
247 375
247 491
247 655
247 688
247 771
247 881
247 885
247 886
247 899
247 902
247 940
247 944
248 445
248 453
248 623
248 749
248 787
248 812
248 830
248 863
248 943
248 948
248 951
248 977
248 997
249 311
249 379
249 607
249 613
249 707
249 805
249 809
249 843
249 870
249 934
249 950
249 980
249 989
250 281
250 369
250 492
250 633
250 779
250 844
250 854
250 868
250 913
250 920
250 953
250 956
250 996
251 377
251 556
251 599
251 683
251 714
251 789
251 797
251 818
251 827
251 871
251 965
251 993
252 354
252 499
252 510
252 702
252 757
252 768
252 922
252 927
252 932
252 945
252 979
252 982
252 988
253 535
253 603
253 665
253 684
253 695
253 771
253 782
253 821
253 855
253 925
253 946
253 970
253 1000
254 427
254 618
254 629
254 647
254 669
254 682
254 698
254 803
254 810
254 847
254 890
254 954
255 451
255 462
255 734
255 783
255 788
255 820
255 875
255 887
255 891
255 915
255 930
255 955
256 349
256 413
256 427
256 529
256 573
256 632
256 645
256 682
256 698
256 810
256 847
256 960
257 422
257 554
257 628
257 630
257 636
257 848
257 901
257 936
257 960
257 987
258 444
258 461
258 503
258 695
258 775
258 782
258 832
258 865
258 886
258 925
258 970
258 978
258 1000
259 434
259 465
259 557
259 601
259 628
259 684
259 806
259 834
259 837
259 841
259 857
259 987
260 499
260 619
260 702
260 757
260 768
260 777
260 787
260 831
260 932
260 979
260 982
260 984
260 988
261 321
261 569
261 744
261 793
261 812
261 863
261 908
261 943
261 948
261 951
261 997
262 297
262 377
262 461
262 505
262 551
262 584
262 705
262 715
262 756
262 757
262 860
262 899
262 910
263 322
263 468
263 601
263 630
263 747
263 772
263 834
263 841
263 893
263 900
263 953
264 467
264 679
264 733
264 811
264 823
264 898
264 905
264 923
264 957
264 958
264 965
264 983
264 998
265 736
265 756
265 799
265 816
265 831
265 927
265 932
265 979
265 982
265 984
265 988
266 456
266 593
266 597
266 598
266 697
266 828
266 941
266 953
266 964
266 1000
267 502
267 569
267 589
267 693
267 773
267 785
267 786
267 872
267 893
267 926
267 938
267 980
267 990
267 994
268 290
268 297
268 377
268 424
268 505
268 567
268 584
268 613
268 715
268 860
268 875
268 910
269 293
269 312
269 356
269 407
269 542
269 640
269 769
269 774
269 836
269 866
270 331
270 399
270 659
270 769
270 845
270 855
270 865
270 886
270 912
270 925
270 931
270 936
270 970
270 1000
271 293
271 356
271 412
271 464
271 519
271 520
271 562
271 615
271 717
271 723
271 769
271 774
271 776
271 859
272 314
272 610
272 724
272 791
272 808
272 836
272 838
272 853
272 877
272 890
272 949
272 959
273 460
273 539
273 580
273 602
273 759
273 896
273 897
273 918
273 947
273 966
273 973
273 985
273 991
274 483
274 518
274 763
274 764
274 780
274 791
274 803
274 875
274 928
274 942
274 952
274 974
274 976
275 355
275 389
275 647
275 662
275 677
275 761
275 798
275 834
275 845
275 848
275 864
275 876
275 896
275 937
276 299
276 395
276 432
276 482
276 485
276 546
276 560
276 592
276 751
276 754
276 761
276 992
276 1000
277 298
277 381
277 440
277 523
277 596
277 801
277 842
277 851
277 878
277 883
277 939
277 941
277 971
277 981
278 379
278 574
278 614
278 743
278 759
278 763
278 774
278 805
278 833
278 859
278 929
278 934
278 968
278 980
279 285
279 383
279 413
279 529
279 573
279 604
279 618
279 629
279 632
279 669
279 682
279 698
279 810
280 394
280 436
280 462
280 621
280 623
280 729
280 734
280 783
280 788
280 837
280 888
280 891
280 915
280 930
280 955
281 283
281 418
281 475
281 538
281 779
281 792
281 854
281 899
281 920
281 923
281 956
281 967
281 996
282 483
282 518
282 548
282 578
282 651
282 722
282 730
282 747
282 791
282 942
282 969
282 974
282 976
283 358
283 367
283 436
283 578
283 671
283 722
283 730
283 764
283 791
283 942
283 952
283 969
283 976
284 332
284 344
284 536
284 616
284 693
284 709
284 773
284 826
284 839
284 912
284 924
284 935
284 964
284 986
285 380
285 522
285 540
285 550
285 677
285 697
285 775
285 795
285 845
285 848
285 864
285 896
285 937
286 289
286 303
286 305
286 333
286 748
286 762
286 850
286 895
286 929
286 934
286 961
286 968
286 992
287 504
287 527
287 533
287 593
287 600
287 640
287 641
287 772
287 828
287 960
287 987
288 301
288 685
288 704
288 752
288 815
288 982
289 388
289 391
289 639
289 680
289 686
289 736
289 829
290 292
290 328
290 342
290 346
290 386
290 411
290 430
290 566
290 712
290 796
291 305
291 462
291 721
291 743
291 763
291 794
291 833
291 862
291 870
291 905
291 934
291 935
291 980
291 989
292 364
292 392
292 405
292 501
292 511
292 524
292 644
292 648
292 954
293 312
293 356
293 412
293 464
293 519
293 591
293 717
293 774
293 776
293 886
294 304
294 311
294 357
294 375
294 445
294 544
294 559
294 606
294 676
294 713
294 757
294 777
295 330
295 346
295 444
295 511
295 568
295 646
295 649
295 683
295 827
295 871
295 906
295 965
295 993
296 374
296 425
296 711
296 767
296 788
296 819
296 820
296 887
296 888
296 891
296 915
296 930
296 936
296 955
297 377
297 424
297 430
297 497
297 551
297 567
297 705
297 715
297 860
297 910
297 948
298 381
298 480
298 607
298 740
298 801
298 851
298 866
298 878
298 921
298 939
298 941
298 971
298 981
299 454
299 482
299 523
299 560
299 564
299 592
299 731
299 751
299 754
299 761
299 794
299 1000
300 471
300 473
300 549
300 692
300 740
300 756
300 760
300 789
300 824
300 856
300 857
300 909
300 912
301 602
301 685
301 752
301 796
301 815
302 353
302 355
302 537
302 575
302 625
302 663
302 672
302 694
302 804
303 337
303 378
303 612
303 657
303 658
303 759
303 772
303 800
303 843
303 882
303 917
303 929
303 961
303 999
304 357
304 394
304 445
304 504
304 559
304 606
304 710
304 713
304 777
304 799
304 841
304 868
305 611
305 664
305 721
305 759
305 763
305 778
305 858
305 862
305 870
305 895
305 929
305 950
306 459
306 503
306 549
306 591
306 692
306 756
306 760
306 766
306 789
306 824
306 857
306 912
306 995
307 393
307 429
307 450
307 470
307 586
307 587
307 642
307 666
307 690
307 719
307 725
307 840
307 909
307 953
308 367
308 481
308 494
308 651
308 738
308 780
308 784
308 875
308 914
308 915
308 928
308 942
308 969
308 974
308 976
309 318
309 374
309 377
309 446
309 527
309 533
309 554
309 636
309 732
309 744
309 776
309 841
309 987
310 353
310 593
310 602
310 614
310 662
310 758
310 817
310 891
310 919
310 947
310 966
310 973
310 985
310 991
311 357
311 439
311 445
311 544
311 559
311 579
311 606
311 676
311 710
311 713
311 777
311 991
312 412
312 438
312 464
312 497
312 519
312 520
312 627
312 754
312 769
312 774
312 776
312 886
312 996
313 418
313 653
313 677
313 723
313 779
313 818
313 844
313 854
313 899
313 910
313 913
313 920
313 956
313 996
314 316
314 338
314 382
314 488
314 531
314 808
314 836
314 873
314 877
314 890
314 892
314 959
314 981
315 434
315 498
315 552
315 725
315 780
315 804
315 914
315 928
315 969
315 974
315 995
316 326
316 480
316 607
316 657
316 801
316 851
316 878
316 939
316 941
316 971
316 981
317 336
317 493
317 503
317 530
317 586
317 642
317 666
317 668
317 690
317 725
317 840
317 909
317 952
317 959
318 456
318 502
318 593
318 597
318 681
318 726
318 745
318 828
318 913
318 958
319 349
319 541
319 596
319 618
319 629
319 632
319 669
319 675
319 682
319 698
319 708
319 803
319 810
320 327
320 496
320 582
320 602
320 608
320 614
320 866
320 897
320 919
320 947
320 966
320 973
320 985
320 991
321 373
321 430
321 610
321 685
321 762
321 787
321 812
321 863
321 869
321 908
321 948
321 951
321 977
321 997
322 550
322 628
322 635
322 636
322 684
322 726
322 728
322 801
322 841
322 903
322 953
322 960
323 369
323 405
323 429
323 530
323 586
323 642
323 666
323 668
323 690
323 725
323 798
323 840
323 909
324 419
324 506
324 517
324 598
324 601
324 611
324 726
324 745
324 914
324 960
325 476
325 479
325 588
325 743
325 744
325 770
325 778
325 809
325 895
325 929
325 934
325 947
325 968
325 978
325 980
326 598
326 630
326 636
326 684
326 699
326 828
326 834
326 903
326 922
326 953
326 964
326 986
327 365
327 382
327 488
327 531
327 594
327 652
327 687
327 808
327 813
327 838
327 853
327 873
327 909
327 949
328 342
328 346
328 351
328 386
328 411
328 430
328 566
328 700
328 796
328 996
329 441
329 585
329 589
329 793
329 824
329 893
329 921
329 935
329 941
329 986
329 990
329 994
329 995
330 366
330 520
330 521
330 558
330 568
330 691
330 779
330 797
330 818
330 906
330 965
330 993
331 405
331 490
331 514
331 577
331 583
331 594
331 659
331 762
331 775
331 832
331 880
331 926
331 936
331 946
332 343
332 644
332 702
332 802
332 807
332 816
332 831
332 835
332 858
332 922
332 927
332 932
332 979
332 984
333 547
333 644
333 702
333 757
333 802
333 835
333 922
333 927
333 979
333 982
333 984
333 988
333 996
334 474
334 526
334 543
334 617
334 643
334 675
334 728
334 737
334 837
334 846
334 882
334 956
335 427
335 529
335 541
335 573
335 618
335 629
335 632
335 682
335 803
335 808
335 810
335 847
335 988
335 993
336 359
336 395
336 450
336 493
336 530
336 666
336 690
336 725
336 840
336 909
336 911
337 417
337 573
337 765
337 778
337 800
337 809
337 862
337 929
337 950
337 968
337 992
338 409
338 531
338 543
338 687
338 733
338 738
338 753
338 813
338 836
338 838
338 873
338 890
338 892
338 959
339 582
339 602
339 608
339 716
339 817
339 842
339 843
339 866
339 918
339 919
339 947
339 962
339 966
339 985
339 991
340 345
340 458
340 509
340 563
340 696
340 746
340 760
340 911
340 981
341 384
341 437
341 489
341 570
341 608
341 758
341 866
341 897
341 966
341 973
341 985
342 346
342 386
342 411
342 430
342 502
342 566
342 732
342 796
342 915
343 518
343 552
343 644
343 661
343 702
343 757
343 768
343 922
343 927
343 934
343 979
343 982
343 984
343 988
344 441
344 536
344 538
344 580
344 678
344 711
344 736
344 825
344 839
344 883
344 892
344 963
344 994
345 458
345 509
345 563
345 634
345 696
345 726
345 746
345 882
346 386
346 411
346 430
346 444
346 566
346 796
346 984
347 350
347 492
347 494
347 582
347 609
347 653
347 720
347 779
347 792
347 844
347 882
347 920
347 967
347 996
348 498
348 595
348 651
348 738
348 764
348 780
348 791
348 798
348 875
348 928
348 952
348 974
348 993
349 413
349 427
349 514
349 529
349 573
349 604
349 621
349 629
349 632
349 682
349 810
349 847
349 956
350 496
350 508
350 609
350 633
350 723
350 731
350 825
350 844
350 868
350 899
350 913
350 996
351 423
351 474
351 526
351 617
351 641
351 643
351 675
351 728
351 737
351 837
351 846
351 881
351 882
351 925
352 374
352 533
352 543
352 597
352 601
352 614
352 620
352 649
352 681
352 684
352 699
352 745
352 772
352 820
352 841
352 987
353 355
353 469
353 511
353 658
353 697
353 795
353 798
353 845
353 848
353 864
353 876
353 896
353 937
354 388
354 435
354 680
354 686
354 700
354 736
354 741
354 829
354 899
355 389
355 458
355 522
355 697
355 798
355 817
355 848
355 864
355 876
355 896
355 937
356 464
356 497
356 562
356 591
356 627
356 717
356 769
356 774
356 834
356 839
356 980
357 394
357 508
357 544
357 559
357 606
357 676
357 710
357 713
357 777
357 892
358 362
358 445
358 548
358 599
358 722
358 730
358 738
358 764
358 780
358 914
358 952
358 969
358 974
358 976
359 396
359 450
359 470
359 530
359 587
359 642
359 666
359 668
359 690
359 705
359 725
359 781
359 840
359 909
359 989
360 367
360 538
360 616
360 678
360 709
360 745
360 786
360 826
360 862
360 874
360 894
360 911
360 938
360 948
360 963
360 972
361 421
361 537
361 561
361 670
361 712
361 740
361 781
361 814
361 889
361 904
361 907
361 918
361 958
362 363
362 556
362 619
362 702
362 768
362 799
362 802
362 831
362 835
362 922
362 932
362 979
362 982
362 984
363 513
363 661
363 768
363 787
363 799
363 802
363 816
363 835
363 922
363 927
363 977
363 979
363 984
363 988
364 392
364 405
364 438
364 440
364 501
364 524
364 648
364 843
364 954
365 572
365 605
365 687
365 713
365 724
365 727
365 810
365 877
365 890
365 892
365 949
365 959
366 373
366 410
366 444
366 461
366 528
366 599
366 691
366 714
366 797
366 818
366 827
366 871
366 906
366 965
366 993
367 434
367 516
367 518
367 552
367 649
367 843
367 914
367 928
367 942
367 952
368 389
368 511
368 540
368 677
368 697
368 735
368 798
368 845
368 847
368 848
368 864
368 876
368 896
368 937
368 996
369 508
369 609
369 633
369 653
369 723
369 854
369 868
369 899
369 913
369 920
369 965
369 967
369 996
370 394
370 439
370 445
370 504
370 520
370 544
370 559
370 579
370 593
370 627
370 676
370 710
370 713
370 777
371 394
371 439
371 445
371 544
371 559
371 579
371 648
371 676
371 710
371 713
371 777
371 985
372 534
372 623
372 671
372 673
372 681
372 729
372 783
372 819
372 820
372 887
372 930
372 947
372 955
373 444
373 556
373 558
373 613
373 625
373 797
373 818
373 827
373 846
373 871
373 965
373 993
374 517
374 593
374 620
374 684
374 713
374 772
374 828
374 903
375 448
375 486
375 565
375 603
375 645
375 704
375 881
375 885
375 902
375 940
375 944
376 419
376 490
376 570
376 660
376 718
376 784
376 822
376 849
376 879
376 884
376 945
376 962
376 975
376 976
377 461
377 551
377 567
377 584
377 705
377 860
377 910
377 956
378 600
378 657
378 717
378 743
378 744
378 770
378 778
378 800
378 807
378 843
378 858
378 980
378 992
379 657
379 743
379 748
379 770
379 843
379 850
379 900
379 920
379 929
379 950
379 992
379 997
379 999
380 422
380 528
380 597
380 616
380 624
380 706
380 872
380 938
380 947
380 972
380 986
380 990
380 994
381 383
381 480
381 596
381 639
381 801
381 840
381 851
381 878
381 939
381 941
381 971
381 981
382 409
382 438
382 687
382 808
382 838
382 853
382 873
382 877
382 949
382 959
383 440
383 596
383 607
383 768
383 790
383 851
383 878
383 939
383 941
383 971
383 981
384 437
384 539
384 602
384 608
384 689
384 789
384 806
384 817
384 842
384 866
384 897
384 966
384 985
384 991
385 409
385 487
385 531
385 575
385 687
385 780
385 808
385 838
385 873
385 877
385 890
385 892
385 924
385 949
385 959
386 397
386 411
386 430
386 566
386 717
386 796
386 917
387 475
387 494
387 602
387 609
387 633
387 653
387 723
387 844
387 854
387 888
387 899
387 913
387 920
387 956
387 996
388 391
388 402
388 457
388 639
388 680
388 700
388 730
388 736
388 741
388 783
388 829
388 985
389 697
389 795
389 845
389 848
389 864
389 876
389 896
389 921
389 937
390 434
390 481
390 518
390 535
390 631
390 668
390 722
390 738
390 766
390 780
390 914
390 928
390 942
390 952
391 457
391 680
391 686
391 700
391 736
391 741
391 829
391 902
391 948
391 969
391 987
392 405
392 501
392 524
392 583
392 648
392 920
392 948
392 954
393 396
393 429
393 450
393 470
393 493
393 586
393 625
393 690
393 725
393 771
393 840
393 860
393 909
394 445
394 491
394 504
394 544
394 559
394 579
394 606
394 713
394 777
394 862
395 422
395 432
395 449
395 454
395 485
395 546
395 560
395 592
395 731
395 751
395 754
395 761
395 968
396 429
396 450
396 470
396 530
396 571
396 586
396 666
396 668
396 725
396 840
396 907
396 909
396 993
397 510
397 635
397 649
397 662
397 732
397 745
397 834
397 901
397 953
397 960
397 995
398 590
398 650
398 679
398 733
398 811
398 823
398 875
398 898
398 905
398 923
398 957
398 958
398 970
398 983
398 998
399 417
399 659
399 664
399 695
399 734
399 832
399 855
399 925
399 936
399 946
399 970
399 978
399 1000
400 410
400 523
400 526
400 543
400 641
400 675
400 737
400 837
400 846
400 872
400 882
400 910
401 459
401 502
401 532
401 549
401 756
401 760
401 766
401 804
401 812
401 856
401 857
401 912
402 435
402 443
402 457
402 639
402 680
402 686
402 736
402 741
402 829
402 962
402 979
403 407
403 438
403 468
403 497
403 520
403 627
403 708
403 717
403 769
403 774
403 776
403 806
403 957
404 467
404 496
404 534
404 542
404 571
404 634
404 637
404 656
404 667
404 708
404 750
404 867
404 916
405 501
405 524
405 648
405 933
405 954
406 420
406 447
406 448
406 486
406 545
406 553
406 655
406 688
406 870
406 880
406 881
406 885
406 902
406 940
406 944
407 412
407 519
407 520
407 544
407 554
407 562
407 591
407 627
407 694
407 769
407 774
407 776
408 484
408 719
408 733
408 749
408 762
408 792
408 793
408 830
408 849
408 863
408 869
408 943
408 948
408 951
408 997
409 488
409 589
409 652
409 724
409 813
409 836
409 838
409 853
409 873
409 905
409 941
409 949
410 462
410 474
410 523
410 543
410 737
410 837
410 846
410 882
410 888
411 430
411 566
411 735
411 796
411 817
411 877
411 945
412 438
412 464
412 551
412 562
412 591
412 627
412 716
412 717
412 769
412 774
412 776
413 436
413 541
413 573
413 618
413 632
413 682
413 711
413 803
413 810
413 847
413 869
414 459
414 473
414 494
414 532
414 692
414 696
414 756
414 760
414 766
414 789
414 824
414 856
414 857
414 999
415 421
415 463
415 521
415 537
415 576
415 581
415 622
415 670
415 712
415 781
415 872
415 889
415 904
415 907
415 918
415 975
416 669
416 678
416 693
416 701
416 709
416 711
416 790
416 826
416 838
416 839
416 872
416 874
416 893
416 911
416 926
416 963
416 990
417 778
417 794
417 807
417 833
417 870
417 892
417 900
417 917
417 950
417 961
417 965
417 968
417 980
417 999
418 507
418 609
418 653
418 703
418 854
418 868
418 899
418 913
418 920
418 956
418 982
418 996
419 548
419 654
419 718
419 747
419 750
419 765
419 849
419 879
419 884
419 945
419 962
419 975
419 992
420 447
420 448
420 486
420 525
420 645
420 655
420 752
420 797
420 881
420 885
420 902
420 940
420 944
420 995
421 521
421 576
421 622
421 670
421 740
421 781
421 809
421 814
421 856
421 878
421 889
421 904
421 907
421 918
422 536
422 585
422 674
422 676
422 706
422 773
422 786
422 825
422 859
422 874
422 911
422 990
422 994
423 523
423 526
423 617
423 641
423 643
423 675
423 728
423 737
423 837
423 846
423 882
423 906
424 505
424 551
424 584
424 705
424 715
424 838
424 860
424 907
424 910
425 671
425 673
425 729
425 767
425 788
425 817
425 819
425 887
425 888
425 891
425 915
425 919
425 930
425 955
426 430
426 432
426 449
426 454
426 461
426 485
426 546
426 564
426 592
426 731
426 751
426 754
426 761
426 932
427 428
427 541
427 573
427 601
427 604
427 629
427 669
427 698
427 793
427 803
427 810
427 847
428 452
428 503
428 603
428 665
428 695
428 755
428 832
428 855
428 886
428 910
428 925
428 931
428 946
428 970
428 978
428 1000
429 493
429 530
429 574
429 586
429 593
429 642
429 666
429 690
429 840
429 909
430 566
430 796
431 515
431 716
431 748
431 758
431 806
431 817
431 842
431 857
431 866
431 897
431 919
431 947
431 973
431 985
431 991
432 449
432 454
432 485
432 564
432 592
432 715
432 731
432 751
432 754
432 761
432 876
433 473
433 532
433 571
433 615
433 629
433 692
433 756
433 760
433 766
433 781
433 789
433 856
433 912
434 498
434 631
434 661
434 688
434 738
434 875
434 906
434 914
434 928
434 952
434 974
434 976
435 457
435 680
435 686
435 700
435 735
435 736
435 741
435 829
435 938
436 455
436 529
436 573
436 604
436 618
436 632
436 682
436 698
436 803
436 810
436 847
437 460
437 561
437 608
437 642
437 689
437 696
437 716
437 758
437 842
437 919
437 966
437 973
438 519
438 548
438 562
438 591
438 627
438 717
438 769
438 774
438 776
439 504
439 544
439 579
439 606
439 634
439 676
439 710
439 712
439 713
439 777
439 884
439 929
440 472
440 596
440 801
440 851
440 872
440 878
440 939
440 941
440 971
440 981
441 459
441 489
441 696
441 711
441 846
441 852
441 861
441 872
441 874
441 911
441 935
441 938
441 986
441 994
442 444
442 566
442 568
442 599
442 613
442 691
442 797
442 818
442 827
442 858
442 871
442 901
442 906
442 965
442 993
443 680
443 701
443 706
443 785
443 825
443 826
443 859
443 893
443 894
443 926
443 935
443 938
443 972
443 986
443 994
444 556
444 558
444 568
444 613
444 747
444 803
444 871
444 906
444 965
444 993
445 455
445 504
445 544
445 579
445 676
445 710
445 713
445 777
445 828
446 448
446 554
446 593
446 636
446 828
446 834
446 901
446 960
446 964
446 987
447 448
447 500
447 645
447 688
447 771
447 887
447 902
447 940
447 944
447 951
448 495
448 500
448 553
448 565
448 771
448 885
448 902
448 940
448 944
449 454
449 482
449 560
449 564
449 592
449 719
449 731
449 751
449 754
449 761
449 778
449 808
450 530
450 587
450 642
450 666
450 668
450 725
450 836
450 840
450 909
450 915
450 947
451 534
451 545
451 671
451 729
451 734
451 767
451 783
451 819
451 820
451 830
451 891
451 898
451 915
451 930
451 941
451 955
452 471
452 657
452 676
452 707
452 737
452 748
452 778
452 843
452 850
452 870
452 895
452 933
452 961
452 968
452 980
452 992
453 622
453 719
453 739
453 787
453 863
453 869
453 908
453 943
453 948
453 951
453 976
453 997
454 482
454 485
454 564
454 664
454 731
454 751
454 754
454 761
454 928
454 944
455 469
455 511
455 550
455 609
455 632
455 647
455 658
455 677
455 798
455 848
455 864
455 876
455 896
455 937
456 468
456 600
456 635
456 640
456 649
456 684
456 705
456 806
456 897
456 901
456 931
456 960
456 964
457 639
457 651
457 686
457 700
457 736
457 741
457 829
457 976
457 989
458 509
458 563
458 696
458 710
458 746
458 884
459 532
459 549
459 647
459 707
459 766
459 775
459 824
459 856
459 857
459 912
460 489
460 539
460 580
460 625
460 689
460 716
460 748
460 758
460 897
460 919
460 947
460 966
460 973
460 991
461 505
461 551
461 567
461 584
461 715
461 860
461 871
461 910
462 534
462 607
462 623
462 673
462 729
462 808
462 819
462 820
462 887
462 888
462 915
462 930
462 955
463 521
463 576
463 622
463 670
463 712
463 740
463 781
463 814
463 829
463 889
463 904
463 907
463 918
464 497
464 519
464 562
464 591
464 627
464 717
464 753
464 774
464 776
464 861
464 986
464 989
465 468
465 517
465 533
465 601
465 620
465 630
465 669
465 699
465 706
465 726
465 841
465 901
465 906
465 980
465 987
466 545
466 574
466 612
466 738
466 763
466 794
466 805
466 833
466 917
466 933
466 950
466 968
466 989
466 990
466 999
467 496
467 571
467 634
467 637
467 656
467 667
467 750
467 815
467 867
467 916
467 992
468 502
468 598
468 635
468 732
468 806
468 834
468 841
468 903
468 905
468 968
469 522
469 540
469 550
469 647
469 683
469 697
469 795
469 807
469 845
469 864
469 876
469 898
469 937
469 963
470 530
470 587
470 642
470 666
470 690
470 725
470 731
470 840
470 909
470 989
471 512
471 574
471 588
471 672
471 724
471 743
471 807
471 900
471 929
471 934
471 950
471 961
471 980
471 993
471 999
472 624
472 701
472 733
472 786
472 850
472 852
472 859
472 872
472 874
472 924
472 935
472 972
472 986
472 990
472 995
473 532
473 615
473 676
473 692
473 756
473 760
473 766
473 824
473 856
473 861
473 912
474 491
474 509
474 523
474 526
474 543
474 641
474 675
474 714
474 728
474 837
474 846
474 882
475 494
475 653
475 688
475 779
475 792
475 794
475 868
475 899
475 920
475 949
475 956
475 967
475 996
476 487
476 488
476 513
476 572
476 655
476 687
476 724
476 727
476 813
476 836
476 853
476 873
476 877
476 887
476 890
476 949
477 478
477 590
477 627
477 650
477 679
477 733
477 811
477 819
477 823
477 898
477 905
477 923
477 941
477 957
477 958
477 983
477 998
478 590
478 650
478 679
478 702
478 715
478 733
478 811
478 823
478 851
478 898
478 905
478 923
478 957
478 958
478 973
478 983
478 998
479 708
479 720
479 755
479 759
479 760
479 794
479 833
479 874
479 917
479 929
479 933
479 934
479 961
479 980
479 989
480 596
480 607
480 801
480 823
480 851
480 878
480 939
480 941
480 961
480 971
480 981
480 992
481 483
481 518
481 548
481 591
481 592
481 722
481 738
481 780
481 791
481 928
481 942
481 969
481 974
481 976
482 546
482 560
482 564
482 573
482 592
482 731
482 737
482 751
482 754
482 761
482 856
482 867
483 488
483 578
483 581
483 595
483 628
483 631
483 722
483 730
483 764
483 875
483 914
483 952
483 959
483 969
483 976
484 606
484 610
484 719
484 761
484 762
484 787
484 812
484 863
484 869
484 908
484 943
484 948
484 951
484 977
484 997
484 999
485 546
485 560
485 564
485 592
485 731
485 751
485 792
485 864
485 973
486 520
486 553
486 655
486 771
486 852
486 865
486 881
486 885
486 902
486 940
486 944
486 984
487 605
487 650
487 687
487 724
487 753
487 808
487 853
487 873
487 890
487 892
487 949
487 959
487 975
488 616
488 641
488 652
488 724
488 727
488 753
488 808
488 853
488 877
488 890
488 949
488 959
489 515
489 521
489 608
489 662
489 716
489 805
489 817
489 842
489 919
489 947
489 966
489 973
489 985
489 991
490 584
490 638
490 664
490 665
490 695
490 753
490 755
490 773
490 775
490 782
490 865
490 880
490 886
490 931
490 936
490 1000
491 528
491 541
491 565
491 645
491 655
491 688
491 771
491 881
491 885
491 902
491 940
491 944
491 978
492 508
492 606
492 779
492 792
492 843
492 844
492 854
492 855
492 868
492 899
492 956
492 967
493 530
493 554
493 586
493 666
493 668
493 690
493 725
493 743
493 752
493 840
493 898
493 909
494 633
494 723
494 792
494 838
494 844
494 854
494 868
494 913
494 956
494 967
494 996
495 525
495 553
495 645
495 655
495 688
495 771
495 881
495 885
495 911
495 940
496 571
496 634
496 637
496 656
496 667
496 750
496 867
496 916
496 973
496 981
497 519
497 520
497 588
497 591
497 627
497 717
497 769
497 774
497 776
497 909
497 956
498 518
498 578
498 631
498 672
498 722
498 777
498 791
498 914
498 928
498 942
498 974
498 976
498 977
499 535
499 619
499 757
499 776
499 799
499 802
499 816
499 819
499 932
499 974
499 979
499 982
499 984
499 988
500 565
500 655
500 688
500 771
500 842
500 881
500 885
500 940
500 944
500 951
501 506
501 524
501 648
501 809
501 954
501 994
502 506
502 517
502 557
502 598
502 630
502 640
502 806
502 964
503 583
503 617
503 638
503 664
503 832
503 855
503 865
503 886
503 925
503 931
503 936
503 966
503 978
503 1000
504 544
504 579
504 605
504 606
504 676
504 710
504 713
504 777
504 823
505 567
505 584
505 705
505 715
505 810
505 860
505 868
505 893
505 910
505 972
506 510
506 636
506 693
506 772
506 806
506 834
506 841
506 903
506 904
506 960
506 964
506 987
507 609
507 653
507 792
507 800
507 854
507 868
507 911
507 913
507 920
507 967
507 996
508 609
508 723
508 761
508 779
508 792
508 844
508 865
508 899
508 920
508 956
508 967
509 547
509 563
509 696
509 746
509 786
510 557
510 620
510 626
510 635
510 640
510 681
510 732
510 751
510 834
510 901
511 522
511 540
511 647
511 658
511 677
511 798
511 845
511 848
511 873
511 876
511 896
511 937
511 978
512 574
512 657
512 721
512 763
512 770
512 807
512 809
512 850
512 900
512 927
512 950
512 968
512 989
512 999
513 520
513 531
513 572
513 652
513 687
513 753
513 808
513 813
513 836
513 873
513 877
513 892
513 925
513 949
513 959
514 535
514 695
514 696
514 735
514 755
514 775
514 782
514 790
514 798
514 855
514 886
514 895
514 931
514 946
514 970
514 1000
515 581
515 608
515 614
515 662
515 689
515 711
515 716
515 866
515 897
515 919
515 947
515 952
515 973
515 985
516 570
516 626
516 654
516 660
516 671
516 737
516 765
516 784
516 822
516 837
516 849
516 879
516 884
516 945
516 962
516 975
517 536
517 593
517 630
517 726
517 741
517 806
517 828
517 841
517 953
517 987
518 552
518 651
518 730
518 928
518 957
518 969
518 974
518 976
519 562
519 627
519 717
519 743
519 769
519 774
519 776
519 784
519 953
520 562
520 591
520 627
520 717
520 769
520 774
520 776
521 576
521 622
521 654
521 670
521 712
521 740
521 781
521 814
521 889
521 903
521 904
521 907
521 918
522 587
522 658
522 677
522 785
522 795
522 798
522 845
522 864
522 876
522 896
522 937
523 543
523 617
523 641
523 643
523 675
523 695
523 728
523 737
523 837
523 846
523 882
524 648
524 657
524 722
524 954
524 987
525 553
525 565
525 655
525 688
525 724
525 771
525 824
525 837
525 881
525 902
525 940
525 944
526 543
526 617
526 641
526 643
526 675
526 691
526 728
526 737
526 837
526 846
526 882
526 957
526 987
527 533
527 593
527 640
527 649
527 699
527 763
527 792
527 806
527 871
527 987
528 569
528 616
528 711
528 852
528 859
528 861
528 874
528 883
528 911
528 921
528 935
528 963
528 984
528 986
529 541
529 618
529 629
529 632
529 669
529 698
529 714
529 766
529 803
529 810
529 821
529 847
530 536
530 587
530 642
530 668
530 725
530 833
530 840
530 909
530 940
530 978
531 546
531 587
531 605
531 656
531 724
531 727
531 808
531 813
531 836
531 873
531 877
531 920
531 959
532 692
532 766
532 779
532 789
532 824
532 856
532 857
532 878
532 912
532 934
532 942
533 555
533 597
533 684
533 717
533 726
533 732
533 806
533 828
533 834
533 859
533 901
534 621
534 673
534 729
534 767
534 783
534 788
534 820
534 888
534 891
534 915
534 926
534 930
534 954
534 955
535 577
535 603
535 782
535 806
535 821
535 855
535 865
535 886
535 931
535 936
535 946
535 970
535 978
535 1000
536 544
536 706
536 718
536 852
536 874
536 911
536 921
536 935
536 938
536 972
536 986
536 990
536 995
537 538
537 576
537 670
537 712
537 740
537 781
537 814
537 889
537 904
537 907
537 918
538 674
538 678
538 701
538 801
538 861
538 872
538 874
538 893
538 911
538 926
538 935
538 938
538 963
538 994
539 561
539 580
539 602
539 614
539 689
539 758
539 774
539 796
539 842
539 854
539 897
539 919
539 991
540 550
540 647
540 710
540 774
540 795
540 798
540 823
540 845
540 864
540 876
540 896
540 937
540 942
541 573
541 609
541 616
541 618
541 629
541 669
541 682
541 810
541 829
541 847
542 555
542 570
542 587
542 654
542 660
542 703
542 704
542 747
542 762
542 784
542 822
542 879
542 884
542 945
542 962
542 975
543 641
543 643
543 675
543 737
543 778
543 781
543 837
543 846
543 882
544 559
544 606
544 676
544 710
544 777
544 808
545 621
545 673
545 729
545 734
545 767
545 788
545 808
545 820
545 887
545 888
545 891
545 915
545 930
545 955
546 560
546 564
546 591
546 592
546 731
546 751
546 754
546 761
546 968
547 644
547 748
547 757
547 768
547 770
547 799
547 831
547 835
547 922
547 927
547 932
547 979
547 982
547 984
547 988
548 631
548 764
548 875
548 942
548 952
548 969
548 974
548 976
548 986
549 615
549 756
549 789
549 824
549 856
549 857
549 912
549 933
549 966
550 602
550 647
550 658
550 697
550 795
550 798
550 845
550 848
550 876
550 889
550 895
550 896
551 705
551 715
551 860
551 870
551 910
551 960
552 722
552 738
552 748
552 780
552 791
552 875
552 914
552 928
552 942
552 969
552 974
552 976
552 980
552 989
553 570
553 645
553 655
553 881
553 885
553 940
553 944
554 597
554 598
554 600
554 611
554 630
554 699
554 732
554 797
554 841
554 960
555 570
555 626
555 718
555 733
555 747
555 765
555 822
555 849
555 878
555 879
555 884
555 945
555 962
555 975
556 558
556 568
556 683
556 690
556 691
556 714
556 797
556 818
556 827
556 851
556 871
556 906
556 965
556 993
557 620
557 636
557 640
557 699
557 726
557 732
557 775
557 809
557 953
557 960
557 987
558 568
558 599
558 646
558 649
558 714
558 753
558 818
558 827
558 871
558 965
558 984
558 993
559 579
559 606
559 676
559 710
559 713
559 777
559 845
559 992
560 564
560 592
560 664
560 731
560 761
560 979
561 581
561 582
561 602
561 608
561 716
561 812
561 817
561 842
561 866
561 919
561 947
561 963
561 973
561 985
562 591
562 605
562 627
562 717
562 727
562 736
562 769
562 774
562 776
562 970
563 590
563 696
563 726
563 746
563 972
563 979
564 566
564 592
564 754
564 761
564 824
564 962
565 645
565 655
565 688
565 788
565 879
565 881
565 902
565 940
565 944
566 796
566 850
566 983
567 584
567 705
567 715
567 754
567 755
567 773
567 860
567 910
568 646
568 691
568 714
568 732
568 736
568 818
568 827
568 871
568 906
568 960
568 965
568 993
569 610
569 709
569 785
569 819
569 872
569 880
569 883
569 893
569 894
569 921
569 924
569 935
569 938
569 972
569 986
569 990
570 654
570 660
570 704
570 718
570 747
570 760
570 765
570 784
570 879
570 884
570 945
570 962
570 975
571 634
571 637
571 656
571 667
571 750
571 867
571 885
571 916
571 921
572 652
572 673
572 753
572 813
572 836
572 838
572 853
572 873
572 877
572 890
572 949
572 959
572 973
573 604
573 618
573 669
573 682
573 810
573 847
573 877
573 894
574 744
574 748
574 805
574 807
574 809
574 843
574 862
574 895
574 917
574 948
574 980
574 998
575 625
575 663
575 672
575 685
575 694
575 804
575 976
576 622
576 670
576 712
576 740
576 749
576 814
576 889
576 904
576 907
576 918
577 578
577 594
577 603
577 708
577 745
577 775
577 782
577 790
577 804
577 835
577 855
577 880
577 931
577 936
577 946
577 970
577 1000
578 631
578 764
578 791
578 914
578 928
578 940
578 942
578 952
578 969
578 970
578 974
578 976
579 606
579 676
579 710
579 713
579 766
579 777
579 814
579 845
580 581
580 602
580 614
580 662
580 684
580 716
580 842
580 869
580 919
580 966
580 973
580 985
580 991
581 662
581 689
581 817
581 842
581 866
581 897
581 919
581 966
581 973
581 991
582 583
582 614
582 662
582 689
582 716
582 758
582 817
582 866
582 889
582 897
582 914
582 947
582 966
582 973
582 991
583 594
583 603
583 638
583 753
583 755
583 821
583 832
583 865
583 880
583 886
583 925
583 931
583 946
583 978
583 1000
584 597
584 705
584 715
584 818
584 860
584 895
584 910
585 602
585 674
585 693
585 701
585 706
585 709
585 727
585 773
585 785
585 839
585 868
585 883
585 963
585 994
585 995
586 587
586 595
586 642
586 666
586 668
586 690
586 725
586 840
586 909
586 935
586 950
586 972
587 642
587 666
587 668
587 690
587 725
587 783
587 840
587 909
588 657
588 686
588 707
588 719
588 721
588 742
588 743
588 748
588 759
588 794
588 850
588 895
588 900
588 933
588 961
589 628
589 701
589 711
589 749
589 859
589 861
589 872
589 921
589 924
589 926
589 935
589 963
589 990
590 650
590 679
590 733
590 811
590 820
590 823
590 889
590 898
590 905
590 923
590 957
590 958
590 983
590 998
591 627
591 717
591 769
591 776
592 751
592 754
592 800
592 922
592 991
593 601
593 620
593 806
593 851
593 903
593 953
593 960
594 659
594 708
594 735
594 755
594 790
594 832
594 853
594 865
594 875
594 880
594 886
594 923
594 946
594 970
594 978
594 1000
595 631
595 651
595 722
595 738
595 746
595 764
595 780
595 875
595 928
595 942
595 952
595 968
595 969
595 974
595 976
595 983
596 607
596 801
596 811
596 851
596 856
596 878
596 939
596 941
596 971
596 981
597 611
597 635
597 726
597 745
597 828
597 878
597 901
597 903
597 964
598 600
598 618
598 634
598 681
598 684
598 806
598 901
598 906
598 960
598 994
599 646
599 667
599 683
599 691
599 714
599 797
599 818
599 827
599 906
599 932
599 965
599 969
599 993
600 628
600 630
600 640
600 649
600 709
600 801
600 806
600 828
600 903
600 960
601 631
601 681
601 684
601 745
601 772
601 834
601 889
601 895
601 953
601 960
601 964
602 689
602 758
602 817
602 842
602 897
602 919
602 966
602 973
602 985
603 671
603 700
603 708
603 735
603 755
603 790
603 821
603 832
603 855
603 925
603 931
603 936
603 970
603 978
603 987
604 606
604 618
604 629
604 632
604 661
604 669
604 682
604 698
604 750
604 803
604 847
605 724
605 808
605 813
605 836
605 853
605 873
605 877
605 890
605 892
605 896
605 949
605 959
605 977
606 676
606 710
606 713
606 777
606 942
607 801
607 851
607 878
607 939
607 941
607 971
607 981
607 985
608 752
608 817
608 842
608 866
608 871
608 947
608 966
608 975
608 985
608 991
608 1000
609 723
609 779
609 792
609 854
609 888
609 899
609 913
609 956
609 967
609 995
610 639
610 719
610 739
610 762
610 787
610 793
610 863
610 869
610 908
610 943
610 948
610 949
610 951
610 977
610 997
611 620
611 649
611 726
611 745
611 828
611 841
611 903
611 906
611 935
611 953
611 960
612 720
612 721
612 724
612 725
612 743
612 800
612 805
612 843
612 850
612 862
612 870
612 895
612 900
612 917
612 919
612 929
612 951
612 980
613 683
613 691
613 714
613 796
613 797
613 818
613 827
613 836
613 854
613 871
613 906
613 965
613 993
614 662
614 689
614 758
614 778
614 784
614 817
614 866
614 897
614 966
614 973
614 985
615 665
615 692
615 756
615 760
615 766
615 789
615 856
615 857
615 909
615 912
615 977
616 674
616 678
616 701
616 759
616 773
616 826
616 839
616 852
616 859
616 883
616 911
616 924
616 959
616 995
617 641
617 643
617 675
617 728
617 737
617 738
617 825
617 837
617 846
617 852
617 882
618 629
618 632
618 669
618 803
618 810
618 847
618 850
619 757
619 768
619 802
619 808
619 816
619 831
619 901
619 922
619 927
619 932
619 979
619 982
619 984
619 986
619 988
620 624
620 628
620 726
620 745
620 772
620 841
620 896
620 905
620 960
620 964
621 623
621 673
621 729
621 767
621 783
621 788
621 801
621 819
621 820
621 874
621 887
621 888
621 891
621 911
621 915
621 955
622 670
622 712
622 740
622 781
622 814
622 866
622 877
622 889
622 904
622 907
622 918
622 997
623 671
623 673
623 729
623 767
623 768
623 783
623 819
623 820
623 833
623 887
623 891
623 915
623 930
623 955
624 693
624 785
624 786
624 839
624 852
624 861
624 893
624 916
624 921
624 951
624 963
624 972
624 986
624 990
624 995
625 663
625 672
625 694
625 804
625 890
626 654
626 660
626 682
626 703
626 704
626 719
626 747
626 765
626 784
626 822
626 849
626 879
626 884
626 945
626 949
626 962
626 975
627 717
627 769
627 774
627 776
627 825
628 647
628 649
628 699
628 806
628 828
628 834
628 841
628 953
628 960
629 632
629 698
629 759
629 803
629 810
629 847
629 912
629 996
630 640
630 704
630 723
630 987
631 651
631 722
631 730
631 759
631 780
631 791
631 796
631 858
631 875
631 914
631 969
631 974
631 976
632 669
632 682
632 698
632 768
632 772
632 803
632 810
632 847
632 990
633 705
633 723
633 844
633 854
633 899
633 913
633 920
633 928
633 956
633 959
633 967
633 973
633 996
634 637
634 656
634 667
634 750
634 785
634 867
634 916
635 636
635 684
635 745
635 806
635 828
635 901
635 905
635 930
635 953
635 987
636 648
636 660
636 674
636 681
636 726
636 732
636 903
636 987
637 656
637 667
637 750
637 867
637 875
637 916
637 938
637 998
638 665
638 695
638 766
638 775
638 782
638 813
638 865
638 880
638 886
638 895
638 925
638 931
638 936
638 944
638 970
638 978
638 1000
639 680
639 686
639 700
639 736
639 741
639 761
639 789
639 829
639 929
640 649
640 699
640 732
640 772
640 828
640 834
640 938
640 955
640 964
640 985
640 987
641 643
641 675
641 728
641 737
641 837
641 846
641 882
641 966
642 668
642 690
642 706
642 725
642 840
642 907
642 909
642 934
642 964
643 644
643 675
643 728
643 737
643 837
643 846
643 848
643 882
644 661
644 757
644 768
644 799
644 802
644 816
644 831
644 835
644 922
644 927
644 932
644 982
644 984
644 988
645 655
645 688
645 694
645 771
645 881
645 885
645 944
645 952
645 1000
646 683
646 685
646 691
646 714
646 818
646 827
646 833
646 862
646 871
646 906
646 965
646 993
647 658
647 677
647 697
647 795
647 798
647 848
647 864
647 876
647 896
647 937
647 990
648 780
648 831
648 954
649 651
649 681
649 684
649 699
649 732
649 834
649 901
649 903
650 679
650 710
650 733
650 811
650 823
650 890
650 898
650 905
650 923
650 957
650 958
650 978
650 983
650 998
651 764
651 780
651 791
651 841
651 902
651 914
651 921
651 928
651 952
651 969
651 974
651 976
652 687
652 724
652 773
652 808
652 813
652 836
652 838
652 853
652 856
652 873
652 877
652 890
652 892
652 949
652 959
652 998
653 772
653 779
653 792
653 844
653 868
653 899
653 913
653 956
653 967
653 969
653 996
653 1000
654 660
654 703
654 704
654 718
654 822
654 832
654 841
654 849
654 879
654 884
654 945
654 957
654 962
654 971
654 975
655 656
655 867
655 881
655 885
655 940
655 944
655 973
656 667
656 750
656 831
656 867
656 916
656 929
657 703
657 748
657 763
657 807
657 833
657 843
657 858
657 870
657 917
657 939
657 950
657 989
658 677
658 702
658 750
658 795
658 798
658 845
658 848
658 864
658 896
658 937
658 940
658 967
659 664
659 665
659 708
659 721
659 735
659 755
659 757
659 832
659 865
659 880
659 904
659 931
659 945
659 946
659 970
659 1000
660 718
660 747
660 765
660 786
660 822
660 849
660 872
660 873
660 884
660 945
660 962
660 975
661 683
661 702
661 816
661 831
661 835
661 841
661 860
661 922
661 927
661 932
661 979
661 982
661 984
661 988
662 689
662 842
662 866
662 897
662 902
662 922
662 947
662 966
662 985
662 991
663 672
663 681
663 694
663 729
663 741
663 804
663 916
663 966
664 665
664 695
664 708
664 735
664 790
664 793
664 821
664 855
664 880
664 886
664 931
664 936
664 970
664 1000
665 670
665 694
665 755
665 782
665 790
665 832
665 855
665 863
665 880
665 925
665 936
665 946
665 970
665 978
665 1000
666 668
666 690
666 723
666 745
666 840
666 868
666 909
666 955
666 963
667 750
667 867
667 916
667 925
667 947
667 967
667 972
668 690
668 725
668 764
668 840
668 909
669 682
669 698
669 803
669 810
669 822
669 847
669 962
670 740
670 814
670 889
670 904
670 907
670 918
670 963
671 729
671 734
671 767
671 783
671 788
671 819
671 820
671 887
671 888
671 891
671 915
671 955
672 694
672 804
672 863
672 890
673 729
673 734
673 788
673 819
673 829
673 887
673 888
673 891
673 915
673 919
673 930
673 955
673 984
674 706
674 773
674 825
674 826
674 830
674 839
674 840
674 859
674 874
674 883
674 911
674 924
674 935
674 963
674 995
675 728
675 737
675 805
675 837
675 846
675 882
675 930
675 932
676 710
676 713
676 740
676 777
677 795
677 798
677 845
677 861
677 864
677 876
677 896
677 937
677 971
678 715
678 852
678 872
678 883
678 894
678 911
678 921
678 926
678 931
678 935
678 972
678 995
679 733
679 767
679 811
679 823
679 852
679 898
679 905
679 923
679 957
679 958
679 983
679 986
679 998
680 686
680 700
680 717
680 736
680 741
680 754
680 781
680 829
680 838
681 684
681 686
681 814
681 834
681 901
681 943
681 953
681 960
681 964
682 698
682 803
682 810
682 847
682 878
682 936
683 691
683 714
683 720
683 730
683 797
683 818
683 827
683 906
683 937
683 965
683 993
684 885
684 901
684 903
684 953
684 964
685 752
685 815
685 835
685 904
686 700
686 736
686 741
686 829
686 944
686 989
687 724
687 742
687 753
687 765
687 813
687 836
687 838
687 865
687 873
687 877
687 892
687 949
687 959
688 771
688 777
688 885
688 913
688 930
688 940
688 944
689 817
689 818
689 842
689 897
689 901
689 909
689 919
689 943
689 947
689 966
689 991
690 722
690 725
690 771
690 840
690 909
691 714
691 784
691 797
691 854
691 871
691 876
691 906
691 965
691 993
692 756
692 766
692 771
692 824
692 856
692 857
692 859
692 878
692 925
693 701
693 711
693 773
693 786
693 800
693 839
693 882
693 883
693 893
693 926
693 927
693 935
693 938
693 986
693 990
693 994
694 804
694 910
695 741
695 755
695 811
695 821
695 880
695 886
695 925
695 936
695 946
695 978
695 1000
696 746
696 885
697 795
697 798
697 845
697 848
697 864
697 876
697 896
697 910
697 937
697 985
698 750
698 803
698 810
698 847
698 934
698 944
698 971
699 739
699 806
699 901
699 917
699 960
699 964
700 736
700 741
700 829
700 891
701 711
701 825
701 834
701 839
701 872
701 874
701 921
701 924
701 930
701 938
701 959
701 963
701 972
701 978
701 994
702 757
702 799
702 802
702 816
702 835
702 903
702 920
702 922
702 927
702 979
702 982
702 984
702 988
703 704
703 706
703 747
703 765
703 784
703 822
703 842
703 849
703 879
703 884
703 945
703 952
703 962
703 975
704 718
704 747
704 753
704 784
704 822
704 849
704 879
704 884
704 945
704 962
704 975
705 715
705 860
705 891
705 910
706 707
706 825
706 852
706 883
706 921
706 926
706 935
706 972
706 990
707 720
707 721
707 742
707 743
707 744
707 763
707 807
707 833
707 862
707 895
707 900
707 917
707 934
707 966
707 968
707 999
708 755
708 775
708 790
708 821
708 832
708 855
708 865
708 880
708 931
708 936
708 946
708 978
708 1000
709 786
709 852
709 872
709 887
709 894
709 924
709 938
709 947
709 986
709 994
709 995
709 999
710 713
710 777
710 897
710 913
711 730
711 732
711 785
711 825
711 826
711 839
711 859
711 874
711 893
711 911
711 921
711 926
711 995
712 740
712 781
712 814
712 889
712 904
712 907
712 918
712 953
713 777
714 797
714 818
714 827
714 871
714 874
714 906
714 965
714 993
715 860
715 910
715 937
715 953
716 758
716 817
716 842
716 874
716 897
716 919
716 947
716 973
716 985
716 991
717 769
717 774
717 776
718 747
718 765
718 784
718 822
718 845
718 849
718 853
718 879
718 945
718 962
718 975
718 988
719 739
719 749
719 787
719 793
719 812
719 830
719 863
719 869
719 908
719 922
719 943
719 948
719 951
719 977
719 997
720 721
720 826
720 833
720 843
720 862
720 895
720 917
720 933
720 950
720 961
720 968
720 980
720 992
720 999
721 763
721 778
721 791
721 807
721 810
721 833
721 843
721 847
721 858
721 870
721 968
721 989
721 992
722 764
722 884
722 928
722 942
722 952
722 969
722 974
722 976
722 980
723 792
723 844
723 845
723 868
723 899
723 913
723 956
723 967
723 996
724 753
724 836
724 838
724 853
724 890
724 892
724 959
725 840
725 909
725 972
725 991
726 834
726 841
726 880
726 881
726 930
726 953
726 960
726 964
726 987
727 753
727 808
727 813
727 836
727 838
727 853
727 873
727 877
727 890
727 892
727 949
727 959
727 981
728 729
728 737
728 794
728 837
728 846
728 882
728 931
729 767
729 819
729 820
729 888
729 891
729 922
729 927
729 930
729 955
730 731
730 738
730 764
730 791
730 875
730 914
730 928
730 942
730 952
730 969
730 974
730 976
731 751
731 754
731 761
731 863
732 828
732 841
732 960
732 964
732 987
733 811
733 823
733 898
733 905
733 923
733 957
733 958
733 983
733 998
734 767
734 774
734 783
734 788
734 810
734 816
734 819
734 820
734 887
734 888
734 891
734 915
734 930
734 938
734 955
735 747
735 775
735 782
735 821
735 835
735 855
735 865
735 880
735 886
735 925
735 931
735 936
735 946
735 970
735 978
735 1000
736 783
736 829
737 742
737 837
737 846
737 859
737 882
738 764
738 780
738 791
738 875
738 914
738 917
738 928
738 942
738 950
739 749
739 762
739 787
739 793
739 812
739 830
739 863
739 869
739 908
739 940
739 943
739 948
739 951
739 969
739 977
739 997
740 781
740 814
740 862
740 889
740 904
740 907
740 918
741 765
741 829
742 743
742 774
742 807
742 850
742 858
742 870
742 895
742 917
742 933
742 934
742 980
742 983
742 989
742 992
742 999
743 763
743 770
743 800
743 850
743 864
743 900
743 917
743 933
743 948
743 961
743 992
744 748
744 759
744 770
744 778
744 800
744 809
744 812
744 858
744 862
744 881
744 900
744 917
744 934
744 985
744 989
744 992
745 841
745 901
745 903
745 953
745 960
745 987
746 781
746 793
746 811
747 765
747 784
747 822
747 879
747 884
747 945
747 962
747 975
748 770
748 800
748 807
748 858
748 862
748 870
748 933
748 934
748 968
748 989
748 999
749 751
749 752
749 762
749 787
749 793
749 830
749 852
749 863
749 869
749 908
749 948
749 977
749 997
750 865
750 867
750 916
751 754
751 761
751 766
751 949
751 964
752 807
752 815
753 808
753 813
753 836
753 838
753 853
753 873
753 877
753 890
753 892
753 949
753 959
754 761
754 776
754 943
755 775
755 782
755 855
755 865
755 893
755 903
755 925
755 931
755 946
755 970
755 978
755 1000
756 760
756 766
756 789
756 824
756 828
756 912
756 929
756 980
757 768
757 799
757 816
757 825
757 831
757 835
757 927
757 932
757 975
757 979
757 982
757 984
757 988
758 817
758 822
758 858
758 897
758 919
758 947
758 966
758 967
758 973
758 977
758 985
758 991
759 785
759 794
759 800
759 805
759 858
759 933
759 934
759 950
759 961
759 989
759 992
760 789
760 824
760 825
760 856
760 857
760 912
760 983
761 765
762 765
762 787
762 793
762 812
762 830
762 863
762 869
762 884
762 908
762 943
762 948
762 951
762 977
762 997
763 800
763 807
763 833
763 900
763 917
763 980
763 992
763 993
763 997
764 767
764 800
764 875
764 942
764 952
764 966
764 969
764 974
765 784
765 822
765 849
765 879
765 884
765 945
765 962
765 975
766 789
766 824
766 856
766 857
766 912
767 783
767 819
767 887
767 888
767 891
767 915
767 930
767 955
767 964
768 784
768 799
768 802
768 831
768 835
768 922
768 927
768 932
768 982
768 984
769 774
769 776
769 899
769 915
769 933
769 988
770 778
770 794
770 805
770 843
770 844
770 917
770 934
770 968
770 992
770 999
771 885
771 902
771 940
771 944
771 955
772 834
772 870
772 895
772 903
772 953
773 785
773 786
773 805
773 859
773 893
773 921
773 924
773 963
773 972
773 994
774 776
775 782
775 790
775 821
775 855
775 880
775 886
775 928
775 931
775 936
775 946
775 970
775 978
775 990
775 1000
776 809
776 940
777 881
777 956
778 800
778 805
778 858
778 870
778 917
778 929
778 961
778 968
778 974
778 992
778 999
779 854
779 868
779 899
779 913
779 920
779 945
779 956
779 967
779 995
779 996
780 858
780 914
780 928
780 952
780 969
780 974
780 976
781 814
781 889
781 904
781 907
781 918
782 821
782 832
782 865
782 868
782 886
782 925
782 931
782 933
782 936
782 946
782 951
782 978
783 788
783 819
783 820
783 887
783 888
783 891
783 896
783 915
783 930
783 932
783 955
784 822
784 879
784 884
784 945
784 962
784 975
785 859
785 861
785 894
785 911
785 924
785 926
785 972
785 990
785 994
785 995
786 835
786 859
786 874
786 893
786 894
786 921
786 926
786 935
786 944
786 963
786 990
786 994
786 995
787 793
787 812
787 830
787 869
787 881
787 908
787 915
787 943
787 946
787 951
787 977
787 997
788 819
788 820
788 887
788 888
788 891
788 899
788 915
788 930
788 931
788 955
788 964
788 997
789 824
789 852
789 856
789 857
789 874
789 912
790 795
790 821
790 832
790 865
790 880
790 886
790 925
790 931
790 936
790 946
790 969
790 970
790 978
790 1000
791 819
791 875
791 914
791 942
791 952
791 969
791 976
792 804
792 844
792 899
792 913
792 920
792 956
792 967
792 993
793 812
793 830
793 863
793 908
793 943
793 948
793 951
793 977
794 833
794 850
794 862
794 895
794 929
794 933
794 934
794 968
794 992
794 999
795 798
795 816
795 845
795 848
795 864
795 876
795 937
796 967
797 807
797 818
797 827
797 834
797 871
797 906
797 965
797 993
798 845
798 848
798 876
798 887
798 896
798 912
798 937
799 802
799 831
799 832
799 835
799 927
799 932
799 939
799 944
799 979
799 982
799 984
799 988
799 999
800 805
800 807
800 848
800 895
800 929
800 934
800 971
800 980
800 989
800 999
801 851
801 878
801 913
801 938
801 939
801 941
801 971
801 981
802 816
802 831
802 835
802 842
802 922
802 926
802 927
802 932
802 979
802 988
803 810
803 847
803 908
803 937
803 979
804 900
804 949
805 807
805 809
805 833
805 861
805 862
805 900
805 929
805 933
805 968
805 989
805 992
806 891
806 953
806 960
806 987
807 850
807 858
807 862
807 900
807 917
807 961
807 968
808 838
808 853
808 873
808 877
808 890
808 949
808 959
809 815
809 833
809 843
809 858
809 895
809 934
809 950
809 961
809 968
809 980
809 992
809 998
809 999
810 908
811 823
811 857
811 894
811 898
811 905
811 923
811 957
811 958
811 983
811 998
812 830
812 863
812 869
812 908
812 943
812 948
812 951
812 977
812 984
812 997
813 836
813 838
813 853
813 877
813 890
813 892
813 943
813 949
813 959
813 961
813 962
814 827
814 888
814 889
814 904
814 907
814 918
815 938
816 835
816 883
816 922
816 927
816 932
816 958
816 979
816 982
816 984
816 988
817 842
817 866
817 919
817 948
817 973
817 985
817 991
818 822
818 827
818 871
818 906
818 965
818 993
819 820
819 887
819 888
819 891
819 912
819 915
819 930
819 955
820 872
820 887
820 888
820 891
820 915
820 930
820 955
820 979
820 996
821 826
821 829
821 855
821 865
821 880
821 886
821 928
821 931
821 936
821 946
821 970
821 978
821 989
822 849
822 879
822 884
822 921
822 945
822 962
822 975
823 870
823 881
823 898
823 905
823 923
823 957
823 958
823 983
823 998
824 856
824 857
824 885
824 912
824 997
825 826
825 839
825 861
825 872
825 883
825 893
825 911
825 924
825 972
825 990
825 994
825 995
826 832
826 859
826 860
826 872
826 893
826 905
826 911
826 921
826 926
826 963
826 986
826 990
826 995
827 953
827 965
827 993
828 894
828 903
828 964
828 987
829 832
829 931
830 863
830 869
830 908
830 951
830 953
830 977
830 997
831 901
831 922
831 927
831 932
831 970
831 978
831 979
831 982
831 984
831 988
832 834
832 855
832 880
832 886
832 925
832 936
832 946
832 970
832 978
832 1000
833 850
833 862
833 866
833 870
833 917
833 961
833 968
833 980
833 992
834 901
834 953
834 960
835 840
835 922
835 927
835 932
835 979
835 982
835 984
835 988
836 838
836 863
836 873
836 877
836 890
836 892
836 925
836 949
836 950
836 959
837 846
837 882
837 936
837 991
838 853
838 877
838 890
838 892
838 949
838 959
839 849
839 852
839 857
839 859
839 861
839 872
839 883
839 893
839 921
839 935
839 972
839 990
839 994
839 995
840 909
840 960
840 982
841 943
841 960
841 987
842 866
842 897
842 929
842 947
842 973
842 985
843 858
843 870
843 917
843 929
843 933
843 934
843 950
843 989
843 999
843 1000
844 849
844 854
844 868
844 880
844 899
844 913
844 920
844 958
844 967
844 996
845 848
845 876
845 896
845 937
846 882
846 917
846 950
847 851
847 870
848 855
848 864
848 876
848 896
848 937
849 879
849 884
849 897
849 945
849 962
849 975
849 992
850 862
850 870
850 887
850 895
850 917
850 929
850 933
850 934
850 950
850 968
850 989
851 853
851 865
851 878
851 939
851 941
851 971
851 981
852 864
852 872
852 874
852 894
852 921
852 924
852 938
852 972
852 986
852 990
852 994
853 873
853 892
853 949
853 959
853 988
854 860
854 868
854 899
854 913
854 956
854 967
854 996
855 859
855 879
855 880
855 931
855 936
855 943
855 970
855 978
855 1000
856 857
856 950
857 867
857 912
858 900
858 929
858 950
858 961
858 968
858 992
858 999
859 883
859 893
859 894
859 924
859 926
859 938
859 963
859 990
860 864
860 910
861 872
861 874
861 883
861 894
861 911
861 918
861 921
861 924
861 926
861 935
861 938
861 963
861 972
861 986
861 990
862 870
862 884
862 895
862 917
862 933
862 961
862 968
862 992
862 999
863 869
863 943
863 948
863 951
863 977
863 994
863 997
864 876
864 888
864 896
864 937
865 880
865 886
865 918
865 925
865 931
865 946
865 970
865 978
865 1000
866 897
866 902
866 919
866 966
866 985
866 991
867 872
867 912
867 916
868 899
868 913
868 917
868 920
868 956
868 967
868 996
869 886
869 890
869 908
869 935
869 943
869 948
869 977
869 997
870 900
870 961
870 968
870 980
870 989
871 873
871 876
871 906
871 955
871 965
871 993
872 874
872 894
872 921
872 924
872 926
872 941
872 986
872 994
873 876
873 877
873 890
873 892
873 906
873 949
873 959
874 884
874 893
874 924
874 935
874 938
874 963
874 986
875 914
875 928
875 942
875 952
875 969
875 974
875 976
875 977
876 896
876 937
876 987
877 889
877 890
877 892
877 949
877 950
878 939
878 941
878 971
878 981
879 884
879 945
879 962
879 975
879 983
879 987
879 992
880 882
880 908
880 925
880 931
880 936
880 970
880 978
881 885
881 902
881 940
881 944
882 883
883 887
883 898
883 911
883 938
883 963
883 972
883 986
883 990
883 995
884 945
884 962
884 975
885 902
885 932
885 944
886 925
886 936
886 937
886 946
886 978
886 1000
887 888
887 891
887 915
887 930
887 955
888 891
888 915
888 916
888 930
888 955
889 904
889 907
889 918
890 892
890 910
890 959
891 895
891 915
891 930
891 955
892 897
892 949
892 959
893 894
893 908
893 911
893 924
893 938
893 963
893 965
893 972
894 910
894 921
894 924
894 931
894 935
894 938
894 962
894 972
894 986
894 990
894 994
894 995
895 900
895 917
895 934
895 950
895 992
896 937
897 919
897 947
897 973
897 985
897 988
897 991
898 905
898 923
898 952
898 957
898 958
898 983
898 998
899 913
899 956
899 967
899 982
899 996
900 904
900 934
900 961
900 980
900 989
900 992
900 999
901 903
901 960
901 987
902 940
902 944
902 986
902 999
903 946
903 953
903 964
903 987
903 994
904 907
904 918
904 995
905 923
905 957
905 958
905 983
905 998
906 965
906 971
906 993
907 915
907 918
908 914
908 936
908 943
908 948
908 951
908 977
908 997
909 961
911 926
911 935
911 938
911 972
911 982
911 986
911 995
913 920
913 956
913 967
914 928
914 942
914 952
914 969
914 974
914 976
915 930
915 955
916 946
916 961
917 937
917 968
917 989
918 921
919 947
919 955
919 966
919 973
919 985
919 991
920 956
920 967
920 990
920 996
921 924
921 963
921 986
922 927
922 979
922 982
922 984
922 985
922 988
923 931
923 932
923 957
923 958
923 983
923 998
924 963
924 986
924 992
924 994
925 931
925 936
925 946
925 970
925 978
925 994
925 1000
926 943
926 963
926 972
926 980
926 982
926 986
926 995
927 932
927 942
927 945
927 962
927 982
927 984
927 988
928 942
928 952
928 974
928 976
929 950
929 968
929 976
929 980
930 933
930 955
931 936
931 946
931 978
932 946
932 979
932 982
932 984
932 988
933 939
933 950
933 961
933 980
933 989
933 992
934 961
934 985
934 989
935 963
935 965
935 972
935 990
935 995
935 1000
936 940
936 942
936 978
936 1000
937 942
938 990
938 994
938 995
938 997
939 941
939 946
939 948
939 971
939 981
940 944
941 971
941 981
942 952
942 969
942 974
942 976
942 997
943 948
943 951
943 977
943 997
944 973
945 950
945 962
945 964
945 967
945 975
946 963
946 970
946 978
947 966
947 973
947 985
947 991
948 951
948 977
948 997
949 959
949 983
949 993
950 961
950 968
950 980
950 992
950 999
951 977
951 997
952 969
952 974
952 976
954 956
954 963
954 984
956 960
956 967
956 996
957 958
957 983
957 998
958 971
958 983
958 998
959 967
960 964
961 980
961 989
961 992
962 970
962 975
963 986
963 994
963 995
964 981
964 987
965 993
966 973
966 985
966 991
967 996
968 997
969 974
969 976
970 974
970 978
971 981
972 975
972 986
972 994
972 995
973 985
973 991
974 975
976 986
977 997
978 1000
979 982
979 984
979 988
979 998
980 999
981 990
981 991
982 984
982 988
982 991
983 988
983 998
984 988
985 991
986 990
986 994
988 989
989 992
989 999
990 994
990 995
990 998
993 998
994 995
994 996
