1 127
1 326
1 434
1 506
1 527
1 628
1 649
1 702
1 732
1 828
1 983
1 987
2 261
2 453
2 567
2 610
2 749
2 787
2 908
2 913
2 951
2 977
2 997
3 26
3 374
3 423
3 456
3 465
3 527
3 600
3 630
3 643
3 745
3 834
3 882
4 176
4 340
4 345
4 458
4 563
4 600
4 730
4 746
4 815
4 944
4 995
5 75
5 295
5 381
5 435
5 568
5 720
5 797
5 818
5 827
5 871
5 906
5 993
6 321
6 360
6 453
6 484
6 739
6 787
6 812
6 869
6 943
6 977
6 995
6 997
7 293
7 760
7 786
7 825
7 846
7 893
7 894
7 935
7 938
7 963
7 988
7 990
8 204
8 282
8 481
8 615
8 738
8 780
8 914
8 928
8 952
8 969
8 974
8 976
9 484
9 736
9 830
9 863
9 869
9 908
9 938
9 943
9 948
9 951
9 977
9 997
10 31
10 483
10 578
10 642
10 651
10 730
10 907
10 914
10 928
10 942
10 952
10 976
11 113
11 580
11 597
11 747
11 842
11 866
11 897
11 919
11 947
11 966
11 985
11 991
12 434
12 531
12 578
12 651
12 730
12 754
12 780
12 914
12 928
12 952
12 969
12 976
13 127
13 263
13 309
13 390
13 423
13 456
13 468
13 597
13 620
13 809
13 953
13 987
14 404
14 542
14 682
14 718
14 765
14 771
14 849
14 879
14 884
14 945
14 962
14 975
15 20
15 193
15 212
15 256
15 413
15 426
15 529
15 587
15 604
15 618
15 669
15 856
16 745
16 823
16 898
16 905
16 907
16 923
16 957
16 958
16 962
16 983
16 995
16 998
17 612
17 700
17 803
17 805
17 854
17 870
17 876
17 895
17 934
17 950
17 961
17 992
18 83
18 302
18 540
18 618
18 697
18 795
18 798
18 839
18 848
18 864
18 896
18 980
19 177
19 221
19 299
19 485
19 524
19 534
19 560
19 592
19 731
19 803
19 950
19 954
20 88
20 319
20 335
20 349
20 400
20 426
20 529
20 604
20 618
20 669
20 769
21 380
21 528
21 589
21 680
21 687
21 711
21 872
21 874
21 879
21 883
21 986
21 994
22 516
22 592
22 765
22 784
22 822
22 849
22 879
22 884
22 945
22 962
22 975
22 995
23 149
23 212
23 319
23 335
23 349
23 413
23 426
23 529
23 604
23 618
23 654
23 669
24 201
24 339
24 392
24 472
24 515
24 582
24 842
24 866
24 919
24 947
24 966
24 991
25 29
25 157
25 302
25 336
25 393
25 530
25 571
25 634
25 656
25 690
25 725
25 852
26 105
26 520
26 527
26 578
26 593
26 600
26 681
26 726
26 753
26 834
26 964
27 139
27 259
27 287
27 318
27 423
27 598
27 681
27 719
27 726
27 757
27 772
27 828
28 106
28 265
28 619
28 757
28 766
28 788
28 831
28 856
28 912
28 922
28 930
28 979
29 265
29 307
29 331
29 393
29 396
29 587
29 618
29 637
29 642
29 667
29 891
30 204
30 276
30 405
30 485
30 534
30 564
30 648
30 731
30 754
30 877
30 916
30 954
31 129
31 357
31 370
31 444
31 445
31 504
31 559
31 579
31 606
31 632
31 777
32 280
32 673
32 767
32 783
32 819
32 820
32 888
32 907
32 915
32 930
32 955
32 977
33 385
33 612
33 770
33 932
33 934
33 961
33 967
33 968
33 980
33 982
33 989
33 992
34 236
34 268
34 325
34 424
34 461
34 509
34 683
34 715
34 814
34 860
34 901
34 910
35 159
35 321
35 692
35 703
35 749
35 756
35 762
35 793
35 812
35 908
35 951
35 977
36 136
36 584
36 661
36 752
36 843
36 976
37 315
37 400
37 552
37 595
37 692
37 722
37 780
37 824
37 914
37 928
37 969
37 976
38 202
38 342
38 427
38 648
38 657
38 742
38 744
38 805
38 961
38 967
38 989
38 999
39 243
39 304
39 394
39 422
39 439
39 544
39 676
39 689
39 710
39 713
39 789
39 880
40 72
40 144
40 257
40 502
40 598
40 628
40 630
40 684
40 899
40 901
40 987
40 990
41 548
41 569
41 693
41 785
41 839
41 850
41 893
41 894
41 924
41 963
41 972
41 990
42 144
42 309
42 348
42 423
42 456
42 567
42 681
42 726
42 772
42 841
42 901
42 953
43 125
43 310
43 665
43 757
43 766
43 768
43 788
43 799
43 802
43 927
43 979
43 984
44 112
44 374
44 392
44 432
44 546
44 560
44 705
44 731
44 754
44 954
44 989
44 991
45 470
45 700
45 794
45 800
45 805
45 862
45 874
45 929
45 961
45 989
45 992
45 999
46 244
46 250
46 387
46 507
46 516
46 528
46 653
46 792
46 854
46 899
46 956
46 996
47 591
47 760
47 811
47 823
47 898
47 905
47 907
47 923
47 957
47 958
47 983
47 998
48 210
48 216
48 354
48 388
48 391
48 597
48 686
48 736
48 741
48 751
48 829
48 965
49 377
49 569
49 624
49 678
49 680
49 701
49 711
49 798
49 826
49 861
49 986
49 994
50 74
50 99
50 139
50 318
50 324
50 456
50 835
50 841
50 894
50 901
50 964
50 965
51 94
51 529
51 619
51 757
51 760
51 802
51 816
51 857
51 912
51 921
51 922
51 988
52 92
52 568
52 613
52 656
52 746
52 797
52 827
52 871
52 906
52 982
52 993
53 576
53 712
53 719
53 728
53 740
53 781
53 814
53 835
53 870
53 889
53 904
53 939
54 189
54 194
54 222
54 354
54 457
54 639
54 686
54 736
54 741
54 809
54 829
54 965
55 96
55 455
55 647
55 775
55 789
55 795
55 798
55 845
55 848
55 864
55 918
55 953
56 217
56 298
56 596
56 607
56 660
56 677
56 791
56 801
56 878
56 941
56 971
56 981
57 132
57 709
57 773
57 786
57 825
57 893
57 900
57 935
57 938
57 963
57 972
57 990
58 243
58 304
58 394
58 422
58 439
58 500
58 544
58 676
58 710
58 713
58 830
58 975
59 260
59 362
59 473
59 626
59 768
59 790
59 860
59 912
59 922
59 932
59 982
59 984
60 65
60 96
60 204
60 302
60 353
60 445
60 696
60 764
60 798
60 845
60 848
60 918
61 103
61 219
61 431
61 602
61 662
61 758
61 773
61 842
61 947
61 966
61 985
61 991
62 402
62 412
62 461
62 622
62 712
62 719
62 781
62 814
62 835
62 889
62 904
62 939
63 279
63 436
63 541
63 573
63 579
63 629
63 682
63 698
63 803
63 810
63 847
63 896
64 123
64 441
64 693
64 771
64 773
64 846
64 893
64 924
64 933
64 935
64 938
64 990
65 196
65 241
65 473
65 482
65 619
65 633
65 802
65 824
65 856
65 876
65 932
66 160
66 412
66 438
66 519
66 562
66 717
66 729
66 769
66 776
66 840
66 851
66 861
67 366
67 558
67 568
67 691
67 714
67 797
67 818
67 871
67 906
67 950
67 984
67 993
68 308
68 375
68 425
68 466
68 486
68 554
68 881
68 885
68 902
68 903
68 940
68 944
69 347
69 700
69 744
69 778
69 794
69 870
69 900
69 967
69 968
69 986
69 992
69 999
70 397
70 465
70 510
70 554
70 681
70 699
70 772
70 806
70 838
70 901
70 951
70 953
71 513
71 531
71 687
71 753
71 786
71 808
71 813
71 836
71 892
71 949
71 959
71 993
72 313
72 508
72 606
72 711
72 844
72 854
72 899
72 913
72 920
72 956
72 996
73 394
73 660
73 747
73 784
73 822
73 849
73 879
73 884
73 892
73 945
73 962
73 975
74 309
74 371
74 374
74 446
74 499
74 510
74 549
74 601
74 828
74 834
74 987
75 366
75 438
75 556
75 691
75 797
75 807
75 818
75 827
75 871
75 906
75 993
76 125
76 300
76 332
76 521
76 549
76 702
76 760
76 802
76 873
76 926
76 979
76 982
77 568
77 643
77 670
77 712
77 719
77 740
77 781
77 814
77 835
77 889
77 904
77 939
78 137
78 262
78 297
78 303
78 424
78 505
78 551
78 715
78 762
78 860
78 910
78 915
79 189
79 224
79 552
79 559
79 674
79 825
79 839
79 894
79 924
79 963
79 972
79 990
80 284
80 624
80 644
80 680
80 701
80 711
80 717
80 872
80 883
80 911
80 986
80 994
81 116
81 240
81 339
81 384
81 415
81 431
81 454
81 919
81 947
81 966
81 973
81 991
82 244
82 281
82 492
82 609
82 738
82 779
82 854
82 893
82 899
82 920
82 956
82 996
83 355
83 469
83 575
83 647
83 708
83 764
83 775
83 896
83 918
83 937
83 991
84 134
84 350
84 369
84 465
84 571
84 723
84 779
84 844
84 845
84 854
84 920
84 956
85 107
85 252
85 414
85 547
85 737
85 802
85 876
85 912
85 922
85 932
85 948
85 984
86 443
86 697
86 785
86 822
86 828
86 894
86 924
86 926
86 935
86 938
86 963
86 990
87 236
87 303
87 377
87 461
87 551
87 567
87 683
87 715
87 789
87 860
87 910
87 969
88 92
88 568
88 599
88 613
88 654
88 714
88 827
88 867
88 871
88 906
88 993
89 373
89 497
89 599
89 613
89 797
89 818
89 827
89 871
89 906
89 969
89 973
89 993
90 354
90 391
90 457
90 550
90 639
90 686
90 736
90 741
90 829
90 951
90 953
90 965
91 94
91 178
91 383
91 414
91 427
91 670
91 760
91 854
91 979
91 982
91 984
91 989
92 155
92 330
92 438
92 691
92 714
92 818
92 827
92 871
92 906
92 993
93 302
93 351
93 353
93 368
93 474
93 542
93 677
93 764
93 845
93 848
93 896
93 937
94 431
94 756
94 757
94 768
94 799
94 802
94 857
94 922
94 942
94 988
95 109
95 142
95 277
95 347
95 633
95 685
95 723
95 792
95 913
95 920
95 956
95 996
96 368
96 389
96 522
96 751
96 775
96 798
96 845
96 918
96 937
96 957
97 571
97 621
97 734
97 783
97 819
97 820
97 868
97 888
97 915
97 930
97 945
97 955
98 218
98 823
98 831
98 870
98 898
98 905
98 907
98 923
98 957
98 958
98 983
98 998
99 257
99 263
99 510
99 517
99 600
99 601
99 699
99 736
99 841
99 919
99 953
100 279
100 417
100 436
100 541
100 573
100 629
100 682
100 698
100 803
100 810
100 847
100 963
101 253
101 490
101 708
101 741
101 782
101 790
101 832
101 853
101 921
101 931
101 936
101 1000
102 104
102 111
102 537
102 622
102 740
102 781
102 814
102 835
102 889
102 904
102 939
102 947
103 466
103 700
103 721
103 778
103 833
103 852
103 899
103 900
103 917
103 934
103 992
103 999
104 537
104 622
104 670
104 712
104 740
104 809
104 814
104 835
104 889
104 904
104 905
104 939
105 117
105 196
105 452
105 468
105 502
105 506
105 630
105 640
105 699
105 732
105 806
105 953
106 164
106 459
106 532
106 644
106 743
106 756
106 912
106 922
106 932
106 969
106 982
106 984
107 164
107 252
107 334
107 760
107 764
107 824
107 831
107 876
107 932
107 979
107 982
107 992
108 367
108 498
108 552
108 578
108 583
108 595
108 631
108 674
108 692
108 722
108 780
108 875
108 969
109 134
109 154
109 220
109 285
109 347
109 475
109 653
109 844
109 858
109 913
109 956
109 996
110 263
110 322
110 446
110 527
110 593
110 630
110 664
110 738
110 828
110 872
110 901
110 964
110 987
111 316
111 381
111 444
111 554
111 596
111 607
111 791
111 878
111 941
111 971
111 981
111 997
112 221
112 292
112 299
112 392
112 534
112 546
112 564
112 576
112 648
112 703
112 731
112 832
113 121
113 151
113 152
113 197
113 291
113 588
113 736
113 833
113 917
113 967
113 989
113 992
114 182
114 205
114 234
114 406
114 410
114 565
114 688
114 710
114 771
114 885
114 903
114 940
114 944
115 196
115 410
115 616
115 773
115 785
115 846
115 926
115 935
115 938
115 963
115 972
115 990
115 996
116 341
116 489
116 515
116 550
116 561
116 716
116 842
116 846
116 919
116 966
116 973
116 991
117 118
117 206
117 257
117 288
117 517
117 554
117 620
117 763
117 772
117 828
117 901
117 960
118 352
118 502
118 517
118 596
118 598
118 640
118 732
118 828
118 841
118 860
118 894
118 987
119 239
119 357
119 370
119 445
119 504
119 559
119 579
119 606
119 614
119 632
119 703
119 777
119 829
120 142
120 226
120 393
120 503
120 647
120 672
120 677
120 694
120 761
120 775
120 845
120 864
120 937
121 249
121 278
121 490
121 742
121 778
121 787
121 961
121 964
121 968
121 989
121 992
121 999
122 254
122 436
122 503
122 541
122 573
122 629
122 682
122 698
122 785
122 803
122 810
122 847
122 999
123 288
123 543
123 595
123 617
123 641
123 643
123 675
123 728
123 837
123 882
123 895
123 929
124 246
124 252
124 308
124 420
124 438
124 489
124 491
124 553
124 655
124 881
124 902
124 940
124 944
125 427
125 459
125 643
125 661
125 684
125 831
125 888
125 912
125 922
125 927
125 982
126 367
126 540
126 575
126 677
126 696
126 697
126 764
126 795
126 845
126 848
126 896
126 918
126 943
127 204
127 496
127 502
127 533
127 726
127 834
127 841
127 918
127 953
127 964
127 987
128 200
128 348
128 462
128 483
128 651
128 660
128 730
128 780
128 914
128 928
128 942
128 952
128 974
129 239
129 357
129 370
129 445
129 504
129 559
129 577
129 579
129 606
129 632
129 777
129 912
130 569
130 589
130 678
130 701
130 812
130 859
130 861
130 874
130 883
130 909
130 911
130 986
130 994
131 502
131 570
131 660
131 704
131 784
131 879
131 883
131 884
131 945
131 962
131 973
131 975
132 351
132 444
132 480
132 596
132 607
132 801
132 878
132 941
132 959
132 971
132 981
132 994
133 303
133 332
133 383
133 386
133 547
133 619
133 756
133 816
133 827
133 856
133 922
133 982
133 984
134 166
134 586
134 609
134 660
134 723
134 792
134 899
134 913
134 944
134 956
134 996
135 175
135 256
135 348
135 358
135 483
135 651
135 692
135 741
135 780
135 875
135 942
135 969
135 976
136 540
136 584
136 752
136 843
136 863
137 222
137 263
137 465
137 554
137 557
137 600
137 635
137 681
137 699
137 828
137 940
137 953
138 164
138 368
138 459
138 532
138 549
138 619
138 644
138 702
138 751
138 802
138 824
138 856
138 988
139 140
139 142
139 510
139 557
139 597
139 635
139 636
139 640
139 810
139 953
139 960
140 186
140 273
140 749
140 773
140 793
140 830
140 863
140 908
140 943
140 948
140 951
140 977
141 147
141 197
141 212
141 337
141 466
141 514
141 657
141 809
141 858
141 870
141 887
141 900
141 980
142 492
142 507
142 779
142 792
142 840
142 854
142 899
142 913
142 956
142 996
143 269
143 271
143 312
143 562
143 627
143 717
143 769
143 774
143 776
143 800
143 840
143 851
143 905
144 183
144 206
144 293
144 456
144 598
144 620
144 649
144 681
144 684
144 732
144 964
145 218
145 301
145 460
145 473
145 605
145 646
145 685
146 337
146 378
146 588
146 755
146 763
146 862
146 870
146 871
146 887
146 917
146 950
146 980
146 999
147 208
147 305
147 378
147 701
147 732
147 743
147 759
147 807
147 809
147 892
147 950
147 961
148 165
148 223
148 321
148 408
148 749
148 812
148 830
148 893
148 943
148 948
148 951
148 977
148 997
149 174
149 194
149 388
149 457
149 639
149 686
149 736
149 741
149 766
149 829
149 965
149 973
150 231
150 341
150 602
150 604
150 614
150 689
150 716
150 816
150 840
150 866
150 897
150 973
150 985
151 574
151 623
151 657
151 744
151 759
151 807
151 833
151 850
151 870
151 950
151 976
151 999
152 463
152 670
152 719
152 740
152 768
152 781
152 814
152 835
152 889
152 904
152 909
152 939
153 168
153 178
153 268
153 303
153 331
153 424
153 461
153 505
153 551
153 567
153 715
153 860
153 910
154 508
154 633
154 706
154 723
154 779
154 800
154 844
154 899
154 911
154 913
154 956
154 996
155 272
155 382
155 513
155 687
155 715
155 724
155 813
155 853
155 873
155 890
155 932
155 959
156 160
156 223
156 610
156 739
156 787
156 812
156 830
156 863
156 869
156 948
156 965
156 977
156 997
157 182
157 258
157 337
157 495
157 500
157 688
157 771
157 881
157 885
157 902
157 940
157 944
158 342
158 360
158 417
158 472
158 577
158 826
158 861
158 872
158 874
158 911
158 955
158 986
158 994
159 248
159 408
159 703
159 767
159 787
159 812
159 830
159 886
159 908
159 948
159 958
159 997
160 293
160 412
160 519
160 562
160 627
160 769
160 774
160 776
160 840
160 851
160 940
161 500
161 546
161 612
161 657
161 696
161 742
161 900
161 933
161 934
161 950
161 968
161 980
161 999
162 373
162 474
162 594
162 599
162 632
162 691
162 714
162 797
162 818
162 827
162 871
162 906
162 993
163 337
163 748
163 750
163 849
163 862
163 887
163 898
163 917
163 933
163 934
163 950
163 961
163 999
164 433
164 520
164 549
164 766
164 802
164 824
164 849
164 979
164 984
164 988
165 236
165 381
165 410
165 480
165 596
165 607
165 791
165 801
165 878
165 941
165 971
165 981
166 350
166 387
166 469
166 633
166 653
166 702
166 723
166 792
166 844
166 920
166 993
166 996
167 605
167 708
167 755
167 782
167 821
167 855
167 865
167 886
167 925
167 936
167 946
167 973
167 1000
168 195
168 297
168 505
168 509
168 551
168 567
168 683
168 730
168 798
168 860
168 895
168 910
169 371
169 374
169 451
169 673
169 681
169 729
169 767
169 819
169 820
169 868
169 915
169 930
169 955
170 177
170 395
170 442
170 447
170 485
170 524
170 546
170 564
170 592
170 648
170 751
170 831
170 954
171 179
171 334
171 474
171 483
171 617
171 641
171 643
171 675
171 728
171 837
171 882
171 929
171 966
172 180
172 362
172 465
172 523
172 526
172 641
172 643
172 675
172 728
172 837
172 882
172 929
173 245
173 247
173 425
173 448
173 553
173 565
173 881
173 902
173 903
173 940
173 944
173 947
173 986
174 216
174 320
174 391
174 457
174 550
174 686
174 736
174 741
174 820
174 829
174 929
174 965
175 198
175 358
175 390
175 527
175 548
175 631
175 738
175 942
175 969
175 974
175 976
175 1000
176 201
176 340
176 345
176 458
176 563
176 746
176 815
176 828
176 995
177 358
177 395
177 405
177 432
177 482
177 485
177 524
177 592
177 650
177 790
177 954
178 401
178 532
178 549
178 619
178 756
178 760
178 831
178 849
178 857
178 917
178 984
179 265
179 341
179 343
179 427
179 547
179 619
179 661
179 766
179 768
179 857
179 979
179 988
180 380
180 585
180 678
180 680
180 787
180 826
180 861
180 872
180 874
180 911
180 986
180 994
181 209
181 290
181 346
181 386
181 398
181 411
181 430
181 566
181 583
181 796
181 804
181 889
181 993
182 491
182 525
182 553
182 565
182 771
182 885
182 887
182 902
182 903
182 917
182 940
183 428
183 501
183 664
183 735
183 790
183 865
183 880
183 886
183 925
183 936
183 946
183 1000
184 287
184 435
184 468
184 557
184 597
184 611
184 649
184 745
184 772
184 806
184 875
184 953
184 1000
185 189
185 266
185 283
185 318
185 326
185 468
185 533
185 640
185 684
185 699
185 732
185 950
185 960
186 272
186 327
186 419
186 453
186 572
186 589
186 652
186 836
186 838
186 873
186 877
186 959
187 449
187 503
187 556
187 664
187 665
187 755
187 832
187 886
187 916
187 921
187 946
187 970
187 978
188 261
188 358
188 453
188 540
188 610
188 737
188 739
188 794
188 908
188 943
188 948
188 977
188 997
189 308
189 375
189 406
189 447
189 491
189 500
189 525
189 771
189 885
189 902
190 407
190 598
190 610
190 737
190 769
190 793
190 812
190 863
190 943
190 948
190 951
190 977
190 997
191 317
191 465
191 466
191 506
191 517
191 611
191 636
191 699
191 732
191 748
191 772
191 901
191 953
192 277
192 298
192 480
192 607
192 681
192 749
192 791
192 801
192 878
192 941
192 971
192 981
193 260
193 300
193 401
193 615
193 756
193 760
193 802
193 824
193 927
193 928
193 938
193 988
194 213
194 354
194 391
194 435
194 550
194 561
194 639
194 686
194 829
194 936
194 965
195 262
195 297
195 303
195 377
195 461
195 492
195 505
195 683
195 715
195 860
195 910
195 968
196 615
196 757
196 766
196 768
196 775
196 799
196 816
196 856
196 922
196 982
197 319
197 395
197 588
197 721
197 759
197 763
197 789
197 858
197 917
197 933
197 992
198 225
198 317
198 404
198 642
198 656
198 667
198 750
198 818
198 867
198 877
198 891
198 916
199 209
199 290
199 346
199 386
199 411
199 430
199 566
199 583
199 609
199 794
199 796
199 804
199 887
200 278
200 283
200 434
200 692
200 738
200 766
200 897
200 928
200 942
200 952
200 974
200 976
201 320
201 460
201 515
201 639
201 716
201 758
201 897
201 919
201 947
201 985
201 991
202 512
202 612
202 748
202 794
202 817
202 832
202 850
202 933
202 961
202 968
202 980
202 999
203 341
203 667
203 811
203 823
203 873
203 898
203 905
203 907
203 923
203 957
203 958
203 983
203 998
204 226
204 368
204 591
204 658
204 697
204 795
204 848
204 864
204 918
204 937
205 234
205 247
205 447
205 486
205 495
205 611
205 688
205 771
205 877
205 902
205 936
205 940
205 944
206 506
206 517
206 527
206 630
206 718
206 745
206 806
206 828
206 864
206 953
206 987
206 996
207 228
207 230
207 393
207 396
207 399
207 467
207 493
207 640
207 656
207 667
207 668
207 852
207 909
207 916
208 512
208 574
208 621
208 742
208 778
208 850
208 858
208 862
208 863
208 887
208 934
208 967
208 989
209 290
209 328
209 346
209 386
209 388
209 411
209 430
209 524
209 566
209 583
209 796
209 804
210 213
210 289
210 386
210 435
210 457
210 533
210 550
210 639
210 686
210 736
210 815
210 829
210 965
211 284
211 360
211 363
211 528
211 538
211 585
211 697
211 826
211 859
211 872
211 890
211 946
211 986
211 994
212 256
212 319
212 349
212 400
212 413
212 426
212 529
212 604
212 618
212 669
212 981
213 216
213 222
213 457
213 512
213 519
213 639
213 686
213 736
213 741
213 829
213 965
213 970
214 496
214 533
214 557
214 597
214 600
214 611
214 628
214 649
214 699
214 772
214 841
214 948
214 974
214 987
215 217
215 298
215 381
215 410
215 440
215 590
215 607
215 791
215 801
215 843
215 878
215 941
215 971
215 981
216 289
216 435
216 448
216 476
216 550
216 639
216 736
216 741
216 829
216 965
216 998
217 277
217 316
217 351
217 378
217 599
217 791
217 801
217 878
217 941
217 962
217 971
217 981
218 301
218 646
218 647
218 685
218 703
219 221
219 431
219 437
219 515
219 580
219 614
219 704
219 758
219 781
219 897
219 947
219 973
219 985
220 586
220 598
220 671
220 734
220 767
220 783
220 819
220 820
220 868
220 888
220 915
220 930
220 955
221 299
221 370
221 432
221 454
221 534
221 566
221 648
221 650
221 751
221 754
221 954
222 289
222 354
222 388
222 391
222 435
222 491
222 639
222 741
222 777
222 829
222 965
223 254
223 434
223 659
223 703
223 739
223 762
223 793
223 830
223 863
223 951
223 977
223 997
224 413
224 545
224 785
224 786
224 839
224 846
224 924
224 926
224 938
224 963
224 972
224 990
224 993
225 396
225 450
225 496
225 525
225 530
225 634
225 642
225 666
225 667
225 690
225 750
225 814
225 852
226 275
226 300
226 368
226 425
226 625
226 647
226 658
226 677
226 697
226 761
226 918
226 937
227 402
227 576
227 670
227 712
227 740
227 754
227 781
227 814
227 835
227 876
227 889
227 904
227 939
227 987
228 296
228 311
228 492
228 530
228 571
228 587
228 656
228 666
228 667
228 891
228 909
228 916
228 987
229 392
229 654
229 704
229 718
229 747
229 765
229 825
229 849
229 879
229 884
229 936
229 945
229 962
229 975
230 542
230 609
230 626
230 654
230 660
230 715
230 822
230 849
230 879
230 884
230 945
230 962
230 975
231 487
231 561
231 580
231 581
231 582
231 779
231 817
231 842
231 897
231 911
231 919
231 947
231 973
232 383
232 433
232 521
232 532
232 549
232 608
232 702
232 768
232 824
232 857
232 927
232 935
232 982
232 988
233 443
233 653
233 786
233 825
233 835
233 893
233 894
233 924
233 926
233 935
233 953
233 963
233 972
233 990
234 375
234 486
234 525
234 565
234 651
234 688
234 771
234 859
234 881
234 885
234 903
234 940
235 323
235 359
235 393
235 470
235 571
235 607
235 667
235 668
235 690
235 852
235 867
235 891
235 909
235 931
236 424
236 461
236 505
236 509
236 567
236 683
236 715
236 860
236 862
236 910
236 918
237 390
237 442
237 526
237 543
237 546
237 617
237 641
237 643
237 675
237 728
237 837
237 882
237 908
237 929
238 376
238 385
238 531
238 581
238 687
238 808
238 813
238 836
238 873
238 877
238 890
238 892
238 949
238 959
239 353
239 357
239 370
239 445
239 504
239 559
239 579
239 606
239 632
239 743
239 777
239 934
240 487
240 572
240 599
240 652
240 693
240 724
240 836
240 853
240 873
240 890
240 892
240 949
240 959
241 306
241 343
241 414
241 521
241 549
241 711
241 799
241 802
241 878
241 890
241 927
241 984
241 988
242 382
242 385
242 409
242 476
242 488
242 655
242 709
242 808
242 836
242 838
242 890
242 892
242 926
242 949
243 294
243 304
243 394
243 422
243 439
243 544
243 676
243 710
243 713
243 924
243 925
244 281
244 418
244 419
244 475
244 633
244 653
244 707
244 723
244 797
244 844
244 956
244 996
245 448
245 500
245 553
245 565
245 645
245 655
245 658
245 881
245 887
245 903
245 940
245 944
245 972
246 277
246 281
246 375
246 525
246 542
246 565
246 645
246 655
246 881
246 885
246 902
246 940
246 944
247 377
247 420
247 448
247 495
247 565
247 737
247 771
247 865
247 881
247 885
247 902
247 903
248 297
248 453
248 527
248 749
248 787
248 793
248 830
248 863
248 908
248 948
248 951
248 962
248 997
249 610
249 612
249 743
249 763
249 823
249 850
249 858
249 862
249 870
249 933
249 934
249 943
249 992
250 350
250 369
250 599
250 609
250 723
250 844
250 847
250 854
250 899
250 913
250 920
250 956
250 996
251 373
251 501
251 556
251 558
251 613
251 691
251 698
251 714
251 818
251 827
251 871
251 884
251 906
251 993
252 499
252 644
252 661
252 766
252 767
252 815
252 856
252 876
252 932
252 982
252 988
253 528
253 535
253 554
253 615
253 695
253 855
253 865
253 886
253 921
253 925
253 936
253 978
253 1000
254 279
254 436
254 541
254 568
254 573
254 629
254 682
254 698
254 766
254 803
254 810
254 847
255 296
255 506
255 545
255 594
255 621
255 641
255 729
255 783
255 820
255 868
255 888
255 915
255 930
255 955
256 319
256 335
256 349
256 400
256 413
256 529
256 564
256 604
256 618
256 669
256 959
257 259
257 263
257 309
257 468
257 554
257 597
257 598
257 649
257 810
257 907
257 975
258 594
258 603
258 638
258 665
258 695
258 790
258 807
258 855
258 880
258 921
258 978
258 994
258 1000
259 322
259 371
259 382
259 681
259 726
259 735
259 781
259 828
259 834
259 953
259 960
259 964
260 306
260 362
260 499
260 755
260 757
260 760
260 799
260 816
260 857
260 912
260 985
260 988
261 425
261 610
261 762
261 812
261 863
261 869
261 908
261 921
261 943
261 951
261 977
261 997
262 303
262 424
262 509
262 514
262 551
262 567
262 683
262 715
262 860
262 910
262 992
262 997
263 343
263 352
263 597
263 601
263 619
263 635
263 724
263 841
263 901
264 416
264 434
264 733
264 811
264 823
264 898
264 905
264 907
264 923
264 957
264 958
264 965
264 983
264 998
265 702
265 712
265 760
265 799
265 831
265 856
265 857
265 912
265 927
265 937
265 979
266 371
266 439
266 506
266 533
266 601
266 611
266 679
266 726
266 806
266 816
266 828
266 953
266 987
267 284
267 289
267 585
267 589
267 680
267 711
267 770
267 859
267 861
267 872
267 874
267 911
267 986
267 994
268 377
268 424
268 450
268 505
268 509
268 567
268 683
268 715
268 825
268 860
268 910
268 926
269 396
269 403
269 438
269 464
269 497
269 501
269 769
269 774
269 776
269 835
269 840
269 851
269 893
270 424
270 490
270 503
270 664
270 678
270 695
270 782
270 878
270 886
270 921
270 925
270 931
270 936
270 978
271 293
271 403
271 407
271 412
271 459
271 562
271 717
271 774
271 776
271 840
271 851
271 902
271 989
272 572
272 713
272 727
272 753
272 791
272 808
272 838
272 853
272 889
272 890
272 949
272 959
273 375
273 703
273 737
273 793
273 837
273 863
273 869
273 943
273 948
273 951
273 959
273 977
273 997
274 367
274 390
274 434
274 498
274 710
274 713
274 818
274 875
274 928
274 942
274 952
274 969
274 974
274 976
275 472
275 511
275 522
275 669
275 677
275 761
275 764
275 775
275 798
275 864
275 896
275 937
275 945
276 299
276 364
276 415
276 449
276 485
276 524
276 564
276 705
276 751
276 754
276 830
276 954
276 961
277 381
277 596
277 607
277 609
277 791
277 801
277 878
277 941
277 971
277 981
278 452
278 720
278 770
278 794
278 801
278 807
278 845
278 850
278 858
278 917
278 950
278 980
278 989
279 436
279 541
279 573
279 629
279 649
279 682
279 698
279 803
279 810
279 847
279 862
279 973
280 400
280 623
280 729
280 767
280 783
280 788
280 799
280 819
280 820
280 888
280 915
280 930
280 955
280 988
281 347
281 418
281 475
281 508
281 653
281 723
281 759
281 792
281 833
281 899
281 920
281 996
282 390
282 595
282 706
282 722
282 738
282 808
282 875
282 928
282 942
282 950
282 952
282 969
282 974
282 976
283 481
283 552
283 651
283 730
283 731
283 738
283 875
283 914
283 942
283 969
283 974
283 976
283 996
284 641
284 701
284 739
284 741
284 826
284 859
284 861
284 872
284 874
284 911
284 986
284 994
285 446
285 510
285 540
285 647
285 658
285 672
285 694
285 775
285 798
285 845
285 864
285 896
285 918
285 937
286 479
286 700
286 707
286 748
286 762
286 763
286 820
286 879
286 887
286 900
286 917
286 934
286 950
286 989
286 999
287 324
287 401
287 446
287 500
287 557
287 598
287 635
287 732
287 806
287 841
287 901
287 942
287 953
288 360
288 442
288 474
288 523
288 617
288 641
288 643
288 675
288 728
288 837
288 882
288 929
288 992
289 368
289 388
289 435
289 457
289 550
289 639
289 736
289 741
289 829
289 936
289 965
290 328
290 346
290 364
290 386
290 411
290 430
290 566
290 583
290 729
290 796
290 804
290 999
291 325
291 333
291 337
291 588
291 721
291 743
291 760
291 778
291 805
291 827
291 933
291 967
291 989
291 992
292 299
292 364
292 415
292 546
292 592
292 648
292 705
292 731
292 751
292 754
292 763
292 865
292 869
292 954
293 497
293 501
293 520
293 562
293 627
293 717
293 774
293 776
293 804
293 840
293 851
294 304
294 394
294 422
294 439
294 544
294 578
294 676
294 696
294 710
294 713
294 836
295 330
295 556
295 558
295 568
295 714
295 744
295 797
295 818
295 827
295 840
295 871
295 906
295 943
295 993
296 545
296 643
296 673
296 767
296 788
296 819
296 820
296 868
296 888
296 900
296 915
296 930
296 955
297 377
297 424
297 509
297 551
297 567
297 683
297 695
297 715
297 716
297 860
297 910
298 356
298 403
298 410
298 440
298 444
298 791
298 801
298 878
298 891
298 941
298 971
298 981
299 534
299 648
299 650
299 705
299 751
299 754
299 779
299 918
299 948
299 954
300 343
300 756
300 761
300 802
300 816
300 824
300 831
300 835
300 857
300 927
300 932
300 982
301 328
301 488
301 646
301 685
301 870
302 469
302 511
302 533
302 575
302 694
302 761
302 795
302 848
302 864
302 874
302 918
303 424
303 433
303 461
303 505
303 509
303 683
303 778
303 860
303 910
304 345
304 394
304 422
304 439
304 544
304 676
304 710
304 713
304 940
304 967
305 479
305 700
305 720
305 805
305 809
305 813
305 814
305 858
305 862
305 895
305 900
305 913
305 917
305 934
306 312
306 427
306 539
306 547
306 652
306 661
306 666
306 789
306 856
306 932
306 982
306 984
306 988
307 493
307 530
307 634
307 667
307 725
307 750
307 852
307 867
307 891
307 895
307 909
307 916
307 920
307 995
308 448
308 491
308 655
308 771
308 881
308 885
308 895
308 902
308 905
308 940
308 944
308 964
309 322
309 326
309 519
309 557
309 619
309 628
309 636
309 684
309 844
309 960
309 964
310 339
310 408
310 424
310 431
310 489
310 561
310 608
310 689
310 716
310 758
310 817
310 897
310 973
310 985
311 336
311 404
311 441
311 493
311 496
311 557
311 634
311 656
311 852
311 867
311 891
311 909
311 916
311 984
312 400
312 412
312 438
312 501
312 520
312 627
312 717
312 769
312 774
312 776
312 840
312 851
312 978
313 350
313 471
313 492
313 653
313 723
313 742
313 779
313 792
313 821
313 854
313 899
313 913
313 920
313 996
314 476
314 572
314 724
314 741
314 783
314 808
314 836
314 853
314 873
314 877
314 890
314 892
314 949
314 959
314 976
315 422
315 423
315 631
315 651
315 722
315 738
315 780
315 826
315 875
315 914
315 942
315 952
315 969
315 976
316 341
316 410
316 440
316 480
316 607
316 754
316 791
316 801
316 878
316 941
316 971
316 981
316 990
317 493
317 496
317 634
317 637
317 641
317 656
317 667
317 691
317 725
317 867
317 891
317 909
317 916
318 367
318 369
318 423
318 468
318 533
318 536
318 611
318 726
318 745
318 834
318 841
318 901
319 335
319 349
319 413
319 426
319 529
319 543
319 604
319 618
319 669
319 855
320 515
320 662
320 706
320 758
320 817
320 842
320 866
320 919
320 955
320 966
320 973
320 985
320 991
321 615
321 739
321 762
321 787
321 812
321 830
321 848
321 943
321 948
321 977
321 984
321 997
322 467
322 533
322 600
322 628
322 636
322 649
322 772
322 828
322 834
322 960
322 980
322 993
323 329
323 359
323 493
323 513
323 530
323 637
323 666
323 667
323 668
323 713
323 750
323 852
323 867
323 909
324 423
324 451
324 533
324 554
324 570
324 620
324 635
324 658
324 681
324 684
324 699
324 828
324 964
325 342
325 452
325 637
325 707
325 720
325 742
325 743
325 759
325 844
325 858
325 870
325 980
325 999
326 502
326 517
326 593
326 620
326 636
326 662
326 772
326 779
326 834
326 844
326 953
326 960
327 409
327 476
327 507
327 605
327 652
327 687
327 727
327 853
327 870
327 877
327 892
327 949
327 959
327 973
328 346
328 386
328 411
328 430
328 523
328 555
328 566
328 583
328 796
328 804
329 405
329 589
329 624
329 678
329 711
329 826
329 859
329 861
329 874
329 883
329 911
329 986
329 994
329 996
330 366
330 537
330 556
330 599
330 613
330 714
330 797
330 827
330 856
330 871
330 906
330 955
330 993
331 334
331 577
331 638
331 695
331 735
331 865
331 880
331 925
331 931
331 936
331 946
331 970
331 1000
332 362
332 401
332 412
332 574
332 644
332 702
332 768
332 816
332 824
332 842
332 912
332 932
332 982
333 343
333 427
333 619
333 768
333 789
333 831
333 876
333 922
333 932
333 943
333 952
333 979
333 982
333 988
334 523
334 526
334 543
334 617
334 641
334 643
334 675
334 728
334 837
334 882
334 929
334 995
335 349
335 400
335 413
335 426
335 529
335 604
335 618
335 669
335 792
335 874
335 894
336 366
336 393
336 464
336 467
336 530
336 586
336 587
336 634
336 656
336 690
336 750
336 819
336 916
337 485
337 574
337 655
337 759
337 858
337 862
337 934
337 961
337 989
337 992
338 488
338 531
338 603
338 668
338 687
338 724
338 727
338 808
338 826
338 836
338 873
338 890
338 892
338 949
338 959
339 437
339 460
339 478
339 489
339 608
339 897
339 941
339 966
339 973
339 985
339 991
339 1000
340 345
340 458
340 517
340 563
340 663
340 714
340 746
340 815
340 995
341 515
341 581
341 602
341 662
341 758
341 817
341 842
341 866
341 897
341 991
342 452
342 800
342 834
342 858
342 862
342 900
342 909
342 917
342 934
342 989
342 992
342 999
343 427
343 539
343 615
343 756
343 757
343 792
343 799
343 857
343 912
343 960
344 491
344 706
344 709
344 839
344 846
344 861
344 881
344 894
344 924
344 926
344 935
344 938
344 963
344 972
344 990
345 367
345 458
345 563
345 575
345 746
345 815
345 995
346 386
346 411
346 430
346 566
346 583
346 796
346 804
346 849
346 937
346 998
347 492
347 507
347 588
347 609
347 677
347 854
347 899
347 913
347 920
347 956
347 996
348 390
348 498
348 631
348 646
348 692
348 780
348 791
348 875
348 928
348 969
348 974
348 976
349 400
349 413
349 426
349 529
349 604
349 618
349 669
349 687
349 795
349 975
350 492
350 609
350 844
350 854
350 899
350 913
350 920
350 936
350 956
350 961
350 962
350 996
351 440
351 444
351 480
351 596
351 607
351 791
351 801
351 878
351 891
351 915
351 941
351 971
351 981
352 371
352 510
352 553
352 554
352 557
352 699
352 732
352 745
352 834
352 841
352 881
352 901
352 960
352 974
353 469
353 540
353 625
353 647
353 663
353 674
353 694
353 696
353 764
353 824
353 845
353 864
353 937
354 388
354 427
354 530
354 550
354 554
354 639
354 686
354 736
354 741
354 829
354 965
355 455
355 522
355 575
355 582
355 677
355 696
355 697
355 761
355 764
355 848
355 864
355 881
355 896
355 899
355 937
356 403
356 407
356 464
356 497
356 520
356 548
356 562
356 717
356 769
356 774
356 776
356 840
356 851
356 906
356 994
357 370
357 445
357 504
357 559
357 579
357 585
357 606
357 632
357 634
357 777
357 790
358 367
358 481
358 498
358 552
358 651
358 730
358 914
358 928
358 944
358 952
358 974
358 976
359 518
359 586
359 634
359 637
359 661
359 666
359 667
359 668
359 725
359 837
359 867
359 891
359 909
359 916
360 528
360 538
360 589
360 701
360 711
360 826
360 833
360 872
360 911
360 975
360 986
360 994
361 463
361 537
361 622
361 633
361 668
361 670
361 712
361 719
361 740
361 781
361 814
361 835
361 857
361 889
361 904
361 939
362 433
362 473
362 532
362 622
362 756
362 757
362 789
362 800
362 831
362 857
362 922
362 932
363 380
363 472
363 538
363 569
363 585
363 624
363 651
363 678
363 701
363 826
363 861
363 869
363 925
363 986
363 994
364 392
364 426
364 432
364 534
364 546
364 592
364 648
364 650
364 705
364 725
364 748
364 751
364 954
365 445
365 476
365 487
365 508
365 652
365 724
365 727
365 753
365 808
365 813
365 836
365 853
365 877
365 890
365 949
365 992
366 568
366 599
366 613
366 691
366 714
366 782
366 818
366 827
366 866
366 871
366 906
366 993
367 434
367 578
367 595
367 651
367 906
367 928
367 942
367 952
367 969
367 976
368 540
368 663
368 775
368 795
368 848
368 864
368 896
368 918
368 937
368 978
369 418
369 494
369 605
369 712
369 779
369 792
369 844
369 854
369 899
369 913
369 920
369 956
369 996
370 433
370 445
370 504
370 559
370 579
370 606
370 632
370 777
370 862
371 514
371 517
371 554
371 593
371 601
371 611
371 649
371 745
371 806
371 893
371 964
372 460
372 671
372 673
372 734
372 767
372 783
372 788
372 806
372 819
372 820
372 868
372 888
372 915
372 930
372 941
372 955
373 400
373 558
373 599
373 677
373 691
373 714
373 797
373 818
373 827
373 871
373 906
373 959
373 993
374 378
374 510
374 593
374 620
374 635
374 636
374 649
374 806
374 841
374 960
374 964
374 987
375 553
375 645
375 655
375 688
375 799
375 881
375 885
375 902
375 940
375 941
375 944
376 570
376 654
376 660
376 704
376 722
376 765
376 784
376 822
376 849
376 879
376 884
376 945
376 962
376 975
376 978
377 424
377 461
377 509
377 551
377 683
377 686
377 715
377 734
377 860
377 910
378 379
378 512
378 657
378 743
378 744
378 800
378 807
378 811
378 933
378 950
378 968
378 980
379 612
379 668
379 720
379 765
379 778
379 802
379 807
379 858
379 933
379 950
379 967
379 968
379 980
379 992
379 999
380 417
380 528
380 569
380 621
380 678
380 859
380 872
380 874
380 883
380 932
380 979
380 986
380 994
381 410
381 440
381 596
381 638
381 791
381 801
381 878
381 920
381 941
381 971
381 981
382 547
382 605
382 652
382 687
382 782
382 813
382 838
382 853
382 877
382 890
382 892
382 949
382 959
383 409
383 427
383 459
383 615
383 644
383 757
383 766
383 803
383 857
383 932
383 954
383 979
383 982
384 581
384 602
384 608
384 614
384 710
384 758
384 819
384 866
384 897
384 919
384 947
384 973
384 975
384 985
384 991
385 488
385 513
385 596
385 605
385 753
385 813
385 836
385 838
385 877
385 892
385 927
385 944
385 949
386 411
386 417
386 430
386 566
386 583
386 796
386 804
387 418
387 478
387 492
387 508
387 543
387 609
387 633
387 655
387 723
387 844
387 913
387 920
387 956
387 996
388 391
388 435
388 457
388 686
388 727
388 736
388 741
388 829
388 920
388 965
389 442
389 522
389 625
389 647
389 672
389 697
389 753
389 775
389 795
389 798
389 845
389 896
389 901
389 918
389 937
390 631
390 722
390 780
390 863
390 914
390 928
390 952
390 969
390 974
390 976
391 429
391 435
391 550
391 654
391 736
391 741
391 829
391 923
391 965
391 988
392 454
392 482
392 485
392 524
392 546
392 592
392 705
392 731
392 742
392 751
392 954
393 470
393 482
393 642
393 656
393 671
393 750
393 852
393 867
393 891
393 909
394 422
394 439
394 544
394 676
394 710
394 713
394 825
394 999
395 405
395 432
395 454
395 482
395 524
395 546
395 560
395 614
395 648
395 731
395 754
395 878
395 954
396 404
396 467
396 579
396 586
396 656
396 668
396 673
396 690
396 750
396 852
396 867
396 891
397 423
397 465
397 477
397 510
397 554
397 611
397 620
397 628
397 684
397 726
397 806
397 897
397 903
397 960
397 964
398 590
398 679
398 709
398 733
398 811
398 823
398 893
398 898
398 905
398 907
398 923
398 957
398 958
398 983
398 998
399 477
399 594
399 659
399 719
399 782
399 821
399 855
399 865
399 886
399 921
399 925
399 931
399 936
399 970
399 986
400 413
400 426
400 529
400 604
400 618
400 669
400 821
401 427
401 539
401 702
401 724
401 789
401 799
401 824
401 858
401 927
401 979
401 984
401 988
402 576
402 622
402 670
402 712
402 719
402 781
402 791
402 814
402 835
402 889
402 890
402 899
402 904
402 939
403 412
403 438
403 464
403 494
403 501
403 717
403 769
403 770
403 774
403 840
403 851
403 898
404 450
404 467
404 470
404 490
404 496
404 551
404 587
404 634
404 637
404 690
404 852
404 909
405 449
405 454
405 482
405 524
405 560
405 564
405 648
405 650
405 751
405 939
405 954
405 971
406 420
406 475
406 486
406 495
406 525
406 553
406 559
406 616
406 645
406 655
406 881
406 902
406 903
406 944
407 501
407 519
407 520
407 562
407 627
407 717
407 769
407 774
407 776
407 783
407 819
407 840
407 851
408 518
408 722
408 734
408 749
408 762
408 787
408 793
408 863
408 869
408 908
408 943
408 951
408 977
409 488
409 531
409 572
409 605
409 652
409 727
409 813
409 836
409 873
409 877
409 959
409 982
409 983
410 440
410 444
410 791
410 801
410 841
410 878
410 941
410 971
410 981
411 418
411 430
411 566
411 583
411 631
411 700
411 709
411 796
411 804
412 497
412 520
412 627
412 717
412 769
412 776
412 840
412 851
412 969
413 426
413 529
413 604
413 618
413 669
413 842
413 869
414 490
414 549
414 644
414 751
414 756
414 789
414 802
414 839
414 857
414 876
414 927
414 932
414 979
414 984
415 449
415 454
415 485
415 532
415 546
415 560
415 564
415 625
415 648
415 650
415 705
415 731
415 751
415 954
416 648
416 674
416 706
416 773
416 786
416 825
416 839
416 846
416 893
416 924
416 926
416 935
416 938
416 956
416 972
416 990
417 569
417 585
417 614
417 624
417 701
417 826
417 859
417 861
417 872
417 874
417 883
417 986
417 994
418 494
418 609
418 633
418 779
418 844
418 853
418 899
418 907
418 913
418 956
418 988
418 996
419 516
419 660
419 704
419 747
419 765
419 784
419 822
419 827
419 849
419 879
419 884
419 945
419 962
419 975
419 992
420 432
420 447
420 491
420 645
420 688
420 718
420 765
420 881
420 885
420 902
420 903
420 940
420 944
420 974
421 503
421 507
421 664
421 676
421 708
421 735
421 821
421 832
421 850
421 855
421 886
421 925
421 931
421 936
421 946
421 978
421 992
422 439
422 544
422 676
422 710
422 713
422 794
422 846
423 506
423 593
423 598
423 601
423 684
423 726
423 841
423 860
423 957
424 551
424 567
424 629
424 715
424 860
424 910
425 491
425 495
425 565
425 645
425 655
425 771
425 881
425 885
425 902
425 903
425 940
425 944
425 1000
426 529
426 604
426 618
426 669
426 799
426 930
426 983
427 549
427 661
427 857
427 922
427 927
427 963
427 979
428 526
428 594
428 638
428 664
428 735
428 755
428 782
428 840
428 855
428 886
428 921
428 925
428 939
428 946
428 970
428 1000
429 461
429 490
429 594
429 627
429 640
429 708
429 755
429 790
429 832
429 855
429 865
429 880
429 946
429 970
429 978
429 1000
430 561
430 566
430 583
430 796
430 804
430 962
430 991
431 561
431 564
431 614
431 662
431 758
431 763
431 817
431 919
431 947
431 966
431 985
431 991
432 433
432 449
432 485
432 524
432 560
432 564
432 650
432 751
432 822
432 954
432 968
433 459
433 539
433 547
433 661
433 816
433 912
433 922
433 928
433 979
433 984
433 988
434 481
434 537
434 548
434 738
434 780
434 875
434 914
434 952
434 974
434 976
435 550
435 639
435 686
435 736
435 741
435 829
435 851
435 965
436 476
436 541
436 573
436 629
436 634
436 682
436 696
436 698
436 803
436 810
436 847
436 980
437 581
437 582
437 602
437 608
437 689
437 817
437 866
437 920
437 947
437 948
437 966
437 973
437 985
437 991
437 998
438 464
438 497
438 501
438 519
438 520
438 627
438 769
438 774
438 840
438 851
439 544
439 676
439 710
439 713
439 764
439 854
439 931
440 480
440 596
440 684
440 737
440 791
440 801
440 878
440 888
440 941
440 971
440 981
441 519
441 536
441 646
441 674
441 785
441 839
441 846
441 894
441 924
441 926
441 935
441 938
441 972
441 990
441 991
442 474
442 523
442 526
442 543
442 617
442 641
442 643
442 665
442 675
442 728
442 837
442 882
442 929
443 447
443 536
443 616
443 675
443 709
443 785
443 786
443 806
443 825
443 894
443 924
443 926
443 935
443 963
443 972
444 596
444 607
444 791
444 796
444 801
444 805
444 878
444 941
444 960
444 971
444 981
445 493
445 504
445 559
445 579
445 606
445 632
445 777
445 959
446 517
446 527
446 598
446 600
446 681
446 706
446 726
446 745
446 828
446 841
446 890
446 953
446 964
447 486
447 491
447 500
447 525
447 553
447 645
447 655
447 688
447 771
447 785
447 881
447 903
448 486
448 655
448 688
448 731
448 771
448 786
448 881
448 885
448 902
448 903
448 940
448 944
449 454
449 482
449 534
449 564
449 592
449 650
449 700
449 705
449 751
449 754
449 954
449 968
450 470
450 493
450 540
450 571
450 586
450 587
450 634
450 637
450 642
450 648
450 852
450 909
450 916
450 920
451 621
451 655
451 673
451 729
451 767
451 783
451 788
451 819
451 820
451 868
451 888
451 915
451 930
451 955
451 995
452 464
452 743
452 744
452 759
452 794
452 807
452 895
452 902
452 933
452 967
452 980
452 989
452 999
453 518
453 673
453 737
453 739
453 749
453 762
453 863
453 943
453 948
453 951
453 986
453 997
454 485
454 560
454 564
454 608
454 648
454 650
454 705
454 754
454 954
454 967
455 458
455 465
455 497
455 522
455 625
455 658
455 672
455 694
455 696
455 764
455 786
455 798
455 864
455 896
455 937
456 587
456 611
456 628
456 630
456 636
456 637
456 797
456 806
456 834
456 901
456 960
456 987
457 639
457 686
457 736
457 741
457 829
457 934
457 942
457 944
457 965
458 463
458 542
458 563
458 746
458 815
458 995
459 473
459 499
459 547
459 604
459 613
459 650
459 768
459 912
459 927
459 932
459 984
460 515
460 580
460 581
460 667
460 689
460 842
460 866
460 897
460 919
460 947
460 966
460 973
460 991
461 478
461 551
461 558
461 567
461 683
461 715
461 860
461 910
462 623
462 652
462 671
462 729
462 734
462 767
462 772
462 788
462 819
462 820
462 837
462 868
462 888
462 915
462 930
462 955
463 552
463 576
463 622
463 670
463 712
463 719
463 740
463 764
463 781
463 814
463 835
463 889
463 904
463 939
464 492
464 497
464 501
464 511
464 520
464 627
464 717
464 774
464 776
464 840
464 851
465 502
465 600
465 601
465 628
465 681
465 726
465 806
465 848
465 953
466 479
466 493
466 794
466 807
466 833
466 895
466 897
466 917
466 950
466 961
466 967
466 968
466 980
467 571
467 586
467 634
467 637
467 656
467 666
467 810
467 834
467 852
467 867
467 916
467 970
468 499
468 510
468 593
468 684
468 745
468 772
468 834
468 901
468 952
468 977
468 987
469 540
469 549
469 574
469 575
469 591
469 625
469 647
469 658
469 795
469 802
469 848
469 896
469 937
470 488
470 530
470 571
470 586
470 637
470 668
470 690
470 750
470 852
470 909
470 916
470 953
471 705
471 720
471 794
471 805
471 807
471 838
471 841
471 850
471 862
471 870
471 917
471 928
471 961
471 967
471 980
471 989
471 992
472 569
472 585
472 678
472 680
472 701
472 708
472 711
472 826
472 861
472 874
472 883
472 911
472 986
472 994
473 499
473 521
473 607
473 768
473 802
473 856
473 857
473 876
473 927
473 979
473 982
473 988
473 989
474 521
474 523
474 526
474 543
474 617
474 641
474 643
474 675
474 728
474 837
474 882
474 929
474 955
475 492
475 494
475 507
475 653
475 723
475 792
475 793
475 844
475 854
475 913
475 930
475 945
475 956
475 996
476 487
476 531
476 605
476 680
476 724
476 727
476 808
476 838
476 877
476 890
476 892
476 959
477 478
477 578
477 590
477 679
477 733
477 811
477 823
477 898
477 905
477 907
477 923
477 947
477 957
477 958
477 983
477 998
478 590
478 679
478 733
478 801
478 811
478 823
478 898
478 905
478 907
478 923
478 957
478 958
478 983
478 998
479 482
479 579
479 588
479 602
479 657
479 696
479 748
479 770
479 887
479 917
479 933
479 961
479 968
479 980
479 992
480 596
480 607
480 660
480 661
480 727
480 791
480 801
480 832
480 878
480 941
480 971
480 981
481 483
481 548
481 552
481 583
481 595
481 692
481 722
481 738
481 780
481 875
481 917
481 942
481 974
481 997
482 524
482 546
482 560
482 592
482 648
482 705
482 751
482 754
482 950
482 954
483 552
483 595
483 631
483 691
483 692
483 722
483 724
483 738
483 800
483 928
483 942
483 974
483 976
484 644
484 703
484 737
484 739
484 743
484 787
484 793
484 808
484 812
484 830
484 863
484 869
484 908
484 948
484 951
484 977
485 489
485 534
485 564
485 590
485 650
485 731
485 954
485 972
486 495
486 500
486 601
486 655
486 863
486 885
486 902
486 903
486 928
486 940
486 944
486 989
487 488
487 572
487 652
487 727
487 747
487 753
487 838
487 853
487 873
487 877
487 890
487 892
487 895
487 949
488 569
488 657
488 724
488 808
488 838
488 873
488 877
488 890
488 892
488 949
488 959
489 580
489 582
489 689
489 716
489 842
489 854
489 866
489 897
489 947
489 973
489 983
489 985
489 991
490 603
490 659
490 665
490 695
490 782
490 790
490 899
490 931
490 936
490 970
490 978
490 1000
491 500
491 525
491 704
491 771
491 885
491 903
491 940
491 944
491 987
492 609
492 653
492 779
492 854
492 899
492 956
492 996
492 998
493 571
493 582
493 642
493 668
493 690
493 725
493 750
493 867
493 872
493 916
494 609
494 633
494 723
494 748
494 756
494 779
494 792
494 825
494 844
494 899
494 913
494 920
494 956
494 996
495 500
495 553
495 590
495 688
495 716
495 771
495 781
495 885
495 902
495 903
495 940
495 944
496 586
496 587
496 642
496 654
496 656
496 666
496 668
496 725
496 867
496 891
496 911
496 916
497 562
497 580
497 627
497 717
497 749
497 769
497 774
497 776
497 840
497 851
498 552
498 578
498 630
498 651
498 722
498 730
498 738
498 767
498 780
498 914
498 921
498 952
498 969
498 974
499 539
499 547
499 600
499 619
499 706
499 756
499 757
499 766
499 876
499 912
499 982
499 988
500 553
500 565
500 645
500 688
500 771
500 881
500 940
500 944
501 519
501 562
501 627
501 769
501 774
501 776
501 840
501 844
501 851
502 527
502 593
502 611
502 620
502 640
502 745
502 793
502 806
502 841
502 919
502 960
503 588
503 659
503 730
503 755
503 832
503 855
503 865
503 880
503 886
503 925
503 931
503 970
503 1000
504 559
504 579
504 606
504 632
504 777
504 826
504 852
504 985
505 509
505 551
505 567
505 683
505 715
505 756
505 768
505 805
505 860
505 880
505 910
506 541
506 577
506 593
506 600
506 611
506 636
506 699
506 732
506 828
506 953
506 987
507 723
507 779
507 792
507 809
507 844
507 854
507 864
507 899
507 913
507 920
507 956
507 996
508 536
508 609
508 633
508 688
508 723
508 779
508 792
508 854
508 881
508 899
508 913
508 920
508 996
509 551
509 567
509 666
509 683
509 715
509 860
509 910
509 935
509 952
510 635
510 745
510 761
510 772
510 806
510 828
510 834
510 901
510 947
511 540
511 647
511 658
511 672
511 677
511 689
511 694
511 775
511 795
511 848
511 864
511 894
511 918
511 937
511 979
512 588
512 638
512 699
512 742
512 743
512 794
512 809
512 833
512 862
512 870
512 895
512 933
512 961
512 980
513 531
513 572
513 627
513 687
513 724
513 808
513 813
513 831
513 838
513 873
513 877
513 890
513 954
513 959
514 603
514 708
514 755
514 782
514 790
514 796
514 855
514 865
514 880
514 886
514 925
514 936
514 946
514 970
514 1000
515 532
515 553
515 581
515 582
515 689
515 758
515 879
515 919
515 947
515 966
515 991
516 570
516 651
516 718
516 725
516 747
516 765
516 784
516 822
516 849
516 872
516 879
516 884
516 945
516 962
516 975
517 527
517 554
517 681
517 700
517 732
517 833
517 960
517 964
517 987
518 610
518 703
518 737
518 739
518 804
518 830
518 863
518 869
518 908
518 943
518 948
518 951
518 977
518 997
518 998
519 520
519 562
519 627
519 717
519 769
519 774
519 776
519 840
519 851
519 975
520 562
520 627
520 717
520 769
520 774
520 840
520 979
520 991
521 548
521 661
521 757
521 823
521 824
521 831
521 894
521 912
521 922
521 927
521 932
521 979
521 984
522 535
522 575
522 647
522 663
522 672
522 694
522 696
522 744
522 798
522 845
522 896
522 937
522 943
523 526
523 543
523 617
523 629
523 641
523 643
523 671
523 675
523 728
523 837
523 882
523 929
524 546
524 646
524 650
524 704
524 731
524 751
524 954
524 963
525 553
525 565
525 593
525 655
525 688
525 837
525 881
525 903
525 940
525 944
526 543
526 617
526 641
526 643
526 675
526 728
526 804
526 837
526 876
526 882
526 929
527 620
527 635
527 642
527 727
527 834
527 960
527 964
527 987
528 624
528 649
528 678
528 826
528 841
528 859
528 861
528 872
528 874
528 883
528 911
528 986
528 994
529 592
529 604
529 618
529 669
529 767
530 666
530 668
530 725
530 750
530 817
530 852
530 867
530 891
530 901
530 909
530 954
531 572
531 605
531 675
531 727
531 753
531 777
531 813
531 890
531 892
531 912
531 949
531 959
532 539
532 615
532 702
532 789
532 816
532 856
532 912
532 932
532 974
532 982
532 984
532 990
533 597
533 630
533 636
533 649
533 699
533 732
533 738
533 806
533 808
533 834
534 560
534 564
534 592
534 648
534 692
534 694
534 705
534 754
534 775
534 954
534 965
535 577
535 638
535 659
535 664
535 727
535 790
535 821
535 832
535 855
535 921
535 922
535 925
535 936
535 937
535 946
535 978
535 1000
536 674
536 693
536 706
536 761
536 774
536 785
536 825
536 839
536 893
536 924
536 926
536 938
536 963
536 972
536 990
537 576
537 622
537 670
537 712
537 719
537 740
537 777
537 781
537 814
537 835
537 889
537 904
537 929
537 939
538 569
538 585
538 589
538 639
538 680
538 701
538 758
538 826
538 859
538 861
538 872
538 883
538 902
538 972
538 986
538 994
539 644
539 694
539 756
539 762
539 768
539 772
539 857
539 876
539 932
539 933
539 979
539 984
539 988
540 591
540 663
540 677
540 697
540 705
540 761
540 764
540 795
540 918
541 573
541 622
541 629
541 682
541 698
541 803
541 810
541 847
541 853
541 956
542 555
542 626
542 654
542 660
542 704
542 718
542 748
542 765
542 784
542 822
542 849
542 945
542 962
542 975
543 617
543 641
543 643
543 675
543 728
543 837
543 882
543 911
543 929
543 994
544 656
544 676
544 710
544 713
544 904
544 947
544 964
545 621
545 623
545 671
545 673
545 717
545 734
545 783
545 788
545 811
545 819
545 865
545 868
545 888
545 915
545 930
545 955
546 564
546 705
546 731
546 736
546 751
546 954
546 1000
547 549
547 615
547 644
547 650
547 735
547 756
547 768
547 816
547 927
547 970
547 988
548 578
548 595
548 631
548 635
548 692
548 738
548 914
548 928
548 942
548 952
548 969
548 974
548 976
549 757
549 802
549 816
549 856
549 859
549 876
549 911
549 979
550 639
550 686
550 736
550 741
550 829
550 890
550 965
550 980
550 998
551 567
551 583
551 715
551 720
551 860
551 910
551 914
552 589
552 620
552 738
552 875
552 914
552 928
552 942
552 952
552 969
552 974
553 586
553 645
553 877
553 885
553 903
553 940
553 944
554 593
554 620
554 640
554 649
554 745
554 772
555 570
555 626
555 653
555 654
555 704
555 718
555 747
555 765
555 784
555 796
555 829
555 849
555 879
555 884
555 945
555 962
555 975
556 568
556 599
556 613
556 669
556 691
556 714
556 736
556 792
556 797
556 818
556 827
556 871
556 906
556 993
557 593
557 628
557 630
557 684
557 726
557 744
557 828
557 893
557 901
557 953
557 983
558 568
558 599
558 613
558 691
558 701
558 714
558 797
558 818
558 827
558 871
558 894
558 906
558 975
558 993
559 579
559 606
559 632
559 777
559 948
560 592
560 705
560 731
560 751
560 754
560 871
560 912
560 929
560 954
560 997
561 582
561 602
561 716
561 817
561 842
561 897
561 917
561 919
561 947
561 966
561 973
561 985
561 991
562 614
562 717
562 769
562 776
562 801
562 840
562 851
562 901
562 908
563 571
563 673
563 746
563 771
563 782
563 815
563 995
564 705
564 731
564 754
564 816
564 839
564 954
565 617
565 619
565 688
565 771
565 819
565 881
565 902
565 903
565 931
565 940
566 570
566 583
566 723
566 796
566 804
566 926
567 683
567 715
567 792
567 860
567 891
567 910
568 599
568 714
568 797
568 818
568 827
568 871
568 885
568 906
568 964
568 993
569 711
569 826
569 859
569 872
569 874
569 883
569 911
569 927
569 957
569 986
569 994
570 626
570 660
570 704
570 718
570 747
570 781
570 784
570 822
570 844
570 879
570 884
570 945
570 962
570 975
571 587
571 667
571 668
571 686
571 725
571 750
571 867
571 891
571 909
571 916
572 611
572 687
572 753
572 789
572 792
572 813
572 838
572 853
572 858
572 873
572 877
572 890
573 629
573 682
573 698
573 707
573 803
573 810
573 847
573 920
573 946
573 971
574 707
574 748
574 778
574 800
574 809
574 833
574 850
574 862
574 878
574 884
574 887
574 900
574 934
574 980
574 992
575 589
575 591
575 625
575 672
575 696
575 697
575 761
575 775
575 805
575 845
575 864
575 918
575 924
576 622
576 636
576 670
576 688
576 712
576 719
576 740
576 781
576 814
576 835
576 889
576 904
576 919
576 939
577 594
577 612
577 638
577 659
577 664
577 832
577 855
577 865
577 880
577 886
577 925
577 931
577 936
577 946
577 970
578 631
578 692
578 722
578 738
578 858
578 875
578 914
578 928
578 942
578 952
578 969
579 606
579 632
579 777
579 797
579 832
580 581
580 614
580 662
580 716
580 740
580 817
580 842
580 866
580 919
580 949
580 966
580 973
580 985
580 991
581 716
581 735
581 758
581 817
581 866
581 915
581 919
581 966
581 973
581 985
581 986
581 991
582 608
582 689
582 729
582 758
582 884
582 897
582 919
582 947
582 966
582 973
582 985
582 991
583 796
583 804
583 974
584 747
584 752
584 828
584 843
584 883
584 886
584 913
585 652
585 680
585 826
585 859
585 861
585 872
585 874
585 883
585 911
585 946
585 950
585 994
586 587
586 634
586 666
586 667
586 668
586 725
586 750
586 909
586 916
586 947
587 588
587 634
587 666
587 668
587 690
587 750
587 891
587 909
587 916
587 941
588 623
588 721
588 742
588 770
588 794
588 805
588 833
588 850
588 900
588 950
588 980
589 624
589 678
589 680
589 740
589 859
589 861
589 874
589 883
589 911
589 986
589 994
590 679
590 733
590 811
590 823
590 867
590 898
590 905
590 907
590 923
590 957
590 958
590 983
590 998
591 672
591 677
591 690
591 694
591 696
591 697
591 761
591 764
591 795
591 798
591 836
591 859
591 864
591 918
591 937
592 650
592 705
592 731
592 751
592 754
592 846
592 914
592 954
593 601
593 605
593 620
593 636
593 707
593 719
593 772
593 901
594 604
594 754
594 790
594 821
594 832
594 855
594 865
594 880
594 925
594 936
594 946
594 970
594 978
595 631
595 651
595 780
595 875
595 881
595 914
595 934
595 942
595 952
595 974
595 976
595 989
596 607
596 801
596 828
596 878
596 923
596 941
596 971
596 981
597 598
597 611
597 630
597 640
597 663
597 684
597 732
597 772
597 834
597 901
597 937
598 601
598 635
598 649
598 745
598 753
598 828
598 960
598 972
598 987
599 613
599 691
599 714
599 783
599 797
599 818
599 871
599 906
599 993
600 601
600 620
600 698
600 726
600 732
600 745
600 772
600 897
600 960
600 987
601 628
601 681
601 684
601 686
601 739
601 834
601 884
601 901
601 953
601 964
602 608
602 661
602 662
602 689
602 817
602 842
602 866
602 873
602 897
602 949
602 966
602 973
602 985
602 991
603 695
603 708
603 718
603 735
603 755
603 790
603 827
603 843
603 880
603 921
603 925
603 931
603 936
603 946
603 970
603 978
603 1000
604 618
604 669
604 696
605 666
605 687
605 724
605 727
605 753
605 808
605 813
605 853
605 877
605 892
605 959
606 632
606 640
606 777
606 836
606 970
607 630
607 791
607 878
607 924
607 941
607 971
607 981
608 662
608 689
608 758
608 776
608 817
608 842
608 866
608 919
608 947
608 966
608 973
608 981
608 985
609 721
609 779
609 844
609 854
609 913
609 920
609 963
609 996
610 703
610 749
610 762
610 793
610 812
610 830
610 868
610 869
610 896
610 908
610 943
610 948
610 969
610 997
611 619
611 630
611 684
611 828
611 946
611 953
611 964
611 987
612 616
612 721
612 743
612 769
612 809
612 834
612 850
612 858
612 900
612 933
612 967
612 968
612 989
612 992
613 691
613 711
613 797
613 818
613 827
613 841
613 871
613 906
613 943
613 946
613 993
614 689
614 716
614 817
614 866
614 897
614 912
614 919
614 947
614 966
614 973
614 985
614 991
615 702
615 766
615 789
615 813
615 816
615 824
615 856
615 857
615 900
615 927
615 984
615 988
616 618
616 674
616 706
616 773
616 785
616 825
616 839
616 846
616 893
616 894
616 917
616 926
616 935
616 938
616 963
616 972
616 990
617 629
617 641
617 643
617 656
617 675
617 728
617 787
617 837
617 882
617 929
618 669
618 933
619 661
619 702
619 757
619 856
619 876
619 927
619 984
619 988
620 628
620 757
620 796
620 841
620 889
620 960
620 964
620 987
621 623
621 637
621 671
621 673
621 729
621 767
621 783
621 788
621 820
621 868
621 888
621 902
621 915
621 930
621 955
622 670
622 719
622 740
622 781
622 814
622 835
622 888
622 889
622 904
622 928
622 939
623 632
623 671
623 673
623 729
623 733
623 734
623 767
623 788
623 819
623 820
623 868
623 888
623 915
623 930
623 955
624 642
624 680
624 692
624 701
624 826
624 859
624 861
624 874
624 880
624 911
624 938
624 967
624 986
624 994
625 663
625 694
625 764
625 775
625 798
625 807
625 829
625 845
625 848
625 864
625 896
625 918
625 937
625 956
626 627
626 654
626 704
626 718
626 747
626 765
626 784
626 790
626 822
626 849
626 879
626 884
626 945
626 949
626 962
626 975
627 717
627 721
627 774
627 776
627 840
627 851
628 640
628 649
628 699
628 723
628 745
628 781
628 898
628 951
628 960
628 964
629 682
629 698
629 803
629 810
629 847
629 924
630 635
630 684
630 726
630 772
630 834
630 885
630 901
630 960
630 988
631 692
631 701
631 722
631 730
631 793
631 914
631 928
631 952
631 974
631 976
631 982
632 714
632 777
632 870
633 653
633 779
633 844
633 854
633 873
633 899
633 913
633 919
633 920
633 956
633 996
634 690
634 811
634 830
634 852
634 867
634 891
634 909
635 636
635 640
635 649
635 684
635 694
635 806
635 872
635 880
635 960
635 964
636 639
636 640
636 684
636 772
636 826
636 901
636 921
636 953
636 960
637 656
637 666
637 668
637 674
637 750
637 852
637 867
637 891
637 909
637 916
638 659
638 665
638 735
638 755
638 782
638 821
638 832
638 865
638 880
638 896
638 931
638 942
638 946
638 970
638 978
639 645
639 686
639 741
639 829
639 837
639 965
640 649
640 681
640 732
640 772
640 806
640 841
640 918
640 964
640 987
641 643
641 675
641 680
641 728
641 837
641 882
641 929
642 656
642 662
642 666
642 668
642 690
642 725
642 750
642 867
642 891
642 909
642 916
642 954
643 675
643 728
643 837
643 882
643 929
644 671
644 760
644 789
644 816
644 831
644 837
644 856
644 876
644 927
644 982
644 984
644 988
645 655
645 688
645 731
645 774
645 821
645 881
645 885
645 902
645 903
645 940
645 944
645 974
646 685
646 882
647 672
647 677
647 696
647 697
647 699
647 775
647 845
647 864
647 868
647 937
647 952
648 650
648 731
648 751
648 754
648 812
648 954
649 744
649 745
649 834
649 876
649 904
649 960
650 705
650 731
650 751
650 754
650 795
650 879
650 954
651 730
651 746
651 866
651 875
651 914
651 928
651 969
651 974
651 976
652 685
652 724
652 753
652 808
652 836
652 838
652 853
652 873
652 890
652 892
652 949
652 959
653 723
653 733
653 779
653 792
653 844
653 854
653 899
653 913
653 920
653 956
653 996
654 658
654 704
654 718
654 747
654 765
654 822
654 849
654 879
654 884
654 945
654 962
654 975
655 688
655 881
655 902
655 903
655 940
655 944
656 690
656 725
656 838
656 867
656 909
656 916
657 664
657 684
657 686
657 707
657 720
657 721
657 748
657 759
657 770
657 809
657 900
657 934
657 961
657 968
657 999
658 663
658 677
658 694
658 751
658 761
658 764
658 775
658 845
658 848
658 864
658 871
658 896
658 918
659 663
659 695
659 821
659 832
659 855
659 880
659 911
659 921
659 925
659 931
659 936
659 958
659 970
659 978
659 1000
660 704
660 718
660 747
660 765
660 822
660 849
660 879
660 884
660 945
660 962
660 975
661 757
661 768
661 789
661 799
661 831
661 856
661 927
661 932
661 984
661 989
662 689
662 716
662 817
662 839
662 842
662 866
662 897
662 919
662 947
662 957
662 966
662 973
662 985
663 677
663 691
663 694
663 697
663 703
663 761
663 789
663 798
663 848
663 864
663 896
663 918
663 937
664 665
664 695
664 755
664 782
664 787
664 802
664 821
664 921
664 925
664 931
664 946
664 978
664 1000
665 695
665 735
665 776
665 782
665 790
665 821
665 865
665 880
665 921
665 925
665 931
665 936
665 946
665 970
665 990
666 750
666 840
666 852
666 867
666 891
666 909
666 916
666 971
667 690
667 723
667 725
667 867
667 891
667 909
667 932
667 937
668 725
668 852
668 867
668 891
668 909
669 779
669 780
670 712
670 719
670 740
670 781
670 814
670 835
670 848
670 889
670 904
670 910
670 939
671 673
671 729
671 734
671 767
671 783
671 788
671 819
671 868
671 877
671 888
671 915
671 930
671 955
672 682
672 694
672 696
672 761
672 763
672 764
672 775
672 798
672 832
672 864
672 896
672 937
672 966
673 729
673 734
673 788
673 820
673 825
673 868
673 888
673 915
673 930
673 955
674 706
674 709
674 733
674 785
674 786
674 839
674 846
674 893
674 894
674 924
674 938
674 963
674 972
674 990
675 679
675 728
675 745
675 837
675 882
675 929
676 680
676 685
676 710
676 713
676 722
676 747
677 761
677 764
677 794
677 795
677 845
677 864
677 896
677 918
678 701
678 711
678 765
678 826
678 859
678 861
678 872
678 883
678 911
678 954
678 964
678 986
678 994
679 733
679 811
679 823
679 898
679 905
679 907
679 923
679 941
679 955
679 957
679 958
679 983
679 998
680 701
680 711
680 826
680 859
680 874
680 883
680 911
680 972
680 986
680 988
681 791
681 806
681 841
681 901
681 960
681 985
681 987
681 994
682 698
682 785
682 803
682 810
682 847
682 958
683 715
683 813
683 860
683 865
683 896
683 910
683 948
683 978
683 996
684 745
684 753
684 841
684 964
684 987
685 771
685 903
686 736
686 741
686 829
686 869
686 965
687 690
687 753
687 808
687 838
687 853
687 873
687 877
687 890
687 892
687 949
687 959
687 986
688 771
688 885
688 898
688 903
688 931
688 944
688 976
689 776
689 842
689 897
689 919
689 947
689 949
689 966
689 973
689 980
689 991
690 725
690 745
690 750
690 852
690 861
690 891
690 909
690 916
691 714
691 797
691 818
691 827
691 842
691 871
691 906
691 972
691 993
692 730
692 823
692 831
692 875
692 914
692 928
692 942
692 952
692 969
692 974
693 706
693 709
693 773
693 785
693 786
693 808
693 838
693 839
693 846
693 893
693 894
693 916
693 924
693 926
693 935
693 938
693 963
693 972
693 990
694 709
694 739
694 761
694 764
694 845
694 848
694 896
694 918
695 708
695 721
695 790
695 795
695 865
695 886
695 921
695 925
695 945
695 946
695 970
695 978
695 1000
696 697
696 761
696 795
696 845
696 848
696 896
696 918
696 937
697 775
697 784
697 795
697 798
697 848
697 864
697 896
697 918
697 953
698 737
698 740
698 803
698 810
698 831
698 847
698 955
699 722
699 732
699 772
699 806
699 828
699 903
699 953
699 964
699 987
700 707
700 743
700 748
700 794
700 833
700 850
700 887
700 921
700 950
700 961
700 968
700 980
700 989
700 999
701 711
701 826
701 859
701 874
701 883
701 911
701 974
701 994
702 749
702 756
702 766
702 799
702 818
702 856
702 857
702 876
702 912
702 922
702 979
702 984
703 728
703 787
703 793
703 812
703 830
703 863
703 869
703 908
703 943
703 948
703 951
703 997
704 712
704 718
704 747
704 784
704 822
704 879
704 884
704 945
704 962
704 975
705 731
705 754
705 830
705 954
705 995
706 785
706 786
706 839
706 893
706 894
706 924
706 926
706 935
706 938
706 963
706 972
706 990
707 720
707 743
707 744
707 759
707 763
707 794
707 800
707 809
707 862
707 870
707 895
707 917
707 923
707 934
707 950
708 721
708 782
708 855
708 880
708 886
708 892
708 913
708 921
708 925
708 931
708 946
708 970
708 978
708 1000
709 773
709 786
709 825
709 839
709 846
709 893
709 924
709 926
709 935
709 938
709 963
709 972
709 983
709 990
710 713
710 898
710 957
711 859
711 861
711 872
711 874
711 883
711 886
711 911
711 985
711 986
711 994
712 719
712 740
712 769
712 781
712 814
712 835
712 889
712 904
712 939
712 981
713 808
713 817
714 797
714 818
714 827
714 834
714 871
714 906
714 922
714 993
715 823
715 860
715 910
715 939
715 957
716 755
716 758
716 816
716 817
716 842
716 866
716 919
716 949
716 966
716 973
716 985
716 991
717 769
717 774
717 776
717 839
717 851
717 883
717 991
718 747
718 784
718 822
718 849
718 879
718 884
718 921
718 937
718 945
718 962
718 975
719 740
719 781
719 809
719 810
719 814
719 835
719 889
719 904
719 939
720 721
720 742
720 770
720 794
720 807
720 870
720 873
720 895
720 917
720 931
720 933
720 950
720 967
720 989
720 992
721 744
721 763
721 807
721 833
721 887
721 895
721 900
721 910
721 961
721 967
721 968
721 980
721 992
722 730
722 738
722 875
722 914
722 928
722 942
722 952
722 969
722 974
722 976
723 727
723 844
723 854
723 913
723 945
723 956
724 727
724 753
724 792
724 813
724 836
724 838
724 853
724 873
724 877
724 949
724 959
725 750
725 774
725 852
725 867
725 891
725 902
725 916
725 967
726 761
726 806
726 841
726 875
726 953
726 960
726 964
726 971
726 974
726 997
727 753
727 813
727 836
727 853
727 873
727 877
727 890
727 949
727 959
728 782
728 837
728 882
728 887
728 929
728 973
729 734
729 783
729 788
729 819
729 820
729 861
729 868
729 888
729 915
729 930
729 945
729 955
730 738
730 780
730 875
730 914
730 928
730 942
730 952
730 969
730 976
730 982
730 999
731 751
731 754
731 768
731 834
732 772
732 828
732 834
732 843
732 901
732 912
732 987
732 996
733 811
733 823
733 871
733 898
733 905
733 907
733 923
733 939
733 957
733 958
733 983
733 998
734 767
734 783
734 788
734 803
734 819
734 820
734 868
734 888
734 915
734 930
734 951
734 955
734 966
735 755
735 757
735 790
735 821
735 832
735 855
735 865
735 880
735 886
735 921
735 970
735 978
735 999
735 1000
736 741
736 829
736 965
737 749
737 762
737 793
737 812
737 830
737 851
737 863
737 869
737 908
737 943
737 948
737 951
737 977
737 997
738 780
738 788
738 791
738 942
738 969
738 974
739 762
739 787
739 812
739 830
739 863
739 869
739 908
739 918
739 943
739 951
739 977
739 993
739 997
740 781
740 783
740 814
740 835
740 856
740 889
740 904
740 939
741 743
741 829
741 965
742 770
742 805
742 817
742 850
742 858
742 861
742 870
742 872
742 895
742 900
742 934
742 950
742 961
742 967
742 968
743 770
743 778
743 800
743 846
743 850
743 933
743 967
743 968
743 980
743 992
743 999
744 748
744 763
744 778
744 800
744 858
744 862
744 870
744 887
744 925
744 934
744 961
744 967
744 980
744 999
745 798
745 834
745 918
745 953
745 960
745 964
746 757
746 815
746 831
746 995
746 997
747 765
747 784
747 817
747 822
747 849
747 879
747 884
747 945
747 962
747 975
748 763
748 800
748 805
748 807
748 862
748 870
748 895
748 900
748 934
748 935
748 961
748 967
748 980
749 762
749 787
749 830
749 863
749 869
749 908
749 930
749 943
749 948
749 951
749 956
749 977
749 997
750 752
750 846
750 852
750 891
750 904
750 970
751 754
752 811
752 843
752 876
752 944
752 979
753 802
753 808
753 836
753 838
753 853
753 873
753 892
753 949
753 959
754 954
754 993
755 782
755 821
755 832
755 865
755 880
755 936
755 946
755 963
755 970
755 978
755 979
755 1000
756 757
756 790
756 824
756 831
756 876
756 912
756 964
756 982
756 988
757 760
757 768
757 857
757 875
757 979
757 982
758 863
758 866
758 897
758 932
758 942
758 947
758 966
758 973
758 984
758 985
758 991
759 777
759 778
759 800
759 809
759 858
759 887
759 895
759 917
759 933
759 934
759 950
759 964
759 978
759 989
759 991
759 999
760 766
760 768
760 799
760 856
760 876
760 888
760 912
760 922
760 932
760 950
760 979
760 984
761 764
761 775
761 795
761 798
761 845
761 864
761 870
762 780
762 787
762 793
762 812
762 863
762 869
762 908
762 924
762 943
762 948
762 951
762 997
763 805
763 809
763 833
763 862
763 870
763 887
763 895
763 912
763 933
763 950
763 967
763 989
763 992
764 775
764 795
764 856
764 896
764 931
764 937
765 784
765 822
765 849
765 879
765 883
765 884
765 887
765 945
765 962
765 975
766 768
766 789
766 799
766 814
766 824
766 912
766 922
766 976
766 982
766 984
766 988
767 783
767 788
767 819
767 820
767 868
767 888
767 915
767 930
767 955
767 966
768 789
768 801
768 816
768 845
768 922
768 927
768 979
769 774
769 776
769 840
769 851
769 852
769 919
770 794
770 805
770 807
770 833
770 836
770 850
770 870
770 900
770 918
770 933
770 934
770 939
770 967
770 968
770 992
770 999
771 881
771 885
771 903
771 905
771 940
771 944
772 841
772 899
772 910
772 994
773 783
773 785
773 786
773 793
773 825
773 839
773 846
773 893
773 894
773 924
773 926
773 935
773 938
773 963
773 972
773 988
773 990
774 776
774 840
774 851
774 904
774 914
775 795
775 805
775 815
775 845
775 848
775 854
775 896
776 840
776 851
776 883
776 933
777 869
778 780
778 809
778 833
778 887
778 891
778 895
778 900
778 917
778 933
778 961
778 968
778 972
778 976
778 992
778 999
779 792
779 844
779 899
779 913
779 920
779 956
779 967
779 996
780 782
780 875
780 914
780 928
780 929
780 952
780 969
780 974
781 814
781 835
781 889
781 904
781 939
782 790
782 880
782 921
782 931
782 936
782 946
782 970
782 978
782 1000
783 788
783 819
783 821
783 868
783 888
783 915
783 930
783 955
784 812
784 822
784 849
784 879
784 884
784 886
784 943
784 945
784 962
784 975
784 980
785 787
785 825
785 894
785 924
785 926
785 935
785 938
785 963
785 971
785 972
785 990
786 839
786 846
786 892
786 893
786 894
786 924
786 926
786 927
786 935
786 963
786 972
786 990
787 793
787 812
787 869
787 908
787 943
787 948
787 951
787 977
787 997
788 801
788 819
788 820
788 868
788 885
788 888
788 915
788 930
788 955
789 802
789 831
789 856
789 876
789 922
789 927
789 932
789 979
789 982
790 832
790 880
790 886
790 921
790 925
790 931
790 946
790 978
791 801
791 878
791 941
791 971
791 981
792 854
792 899
792 913
792 920
792 956
792 996
793 812
793 830
793 866
793 908
793 943
793 948
793 951
793 977
793 997
794 800
794 807
794 809
794 833
794 850
794 862
794 885
794 967
794 968
795 845
795 847
795 848
795 873
795 896
795 918
796 804
796 847
796 882
797 798
797 818
797 827
797 871
797 906
797 916
797 993
798 824
798 845
798 848
798 864
798 874
798 896
798 918
798 937
799 809
799 816
799 831
799 856
799 922
799 927
799 932
799 978
799 979
799 982
799 984
799 988
800 804
800 805
800 830
800 833
800 862
800 870
800 917
800 950
800 961
800 967
800 989
800 992
800 999
801 878
801 941
801 942
801 971
801 981
802 816
802 824
802 831
802 876
802 912
802 932
802 984
802 987
803 810
803 833
803 847
803 933
804 811
804 994
805 806
805 807
805 833
805 850
805 895
805 900
805 934
805 961
805 980
805 989
805 999
806 841
806 901
806 961
806 981
806 987
807 842
807 858
807 895
807 900
807 911
807 934
807 961
807 967
807 968
807 989
808 813
808 838
808 853
808 873
808 887
808 892
808 949
808 959
809 850
809 887
809 895
809 900
809 917
809 933
809 950
809 967
809 999
810 847
810 970
811 823
811 825
811 898
811 905
811 907
811 923
811 957
811 958
811 983
811 998
812 813
812 863
812 869
812 878
812 943
812 951
812 977
812 997
813 818
813 836
813 838
813 853
813 873
813 890
813 892
813 949
813 959
814 835
814 889
814 904
814 926
814 939
815 855
815 884
815 995
816 831
816 912
816 922
816 927
816 976
816 979
816 982
816 988
817 842
817 866
817 874
817 897
817 947
817 966
817 973
817 985
817 991
818 822
818 827
818 866
818 871
818 906
818 993
819 820
819 868
819 888
819 890
819 915
819 930
819 955
820 859
820 868
820 888
820 903
820 915
820 930
820 955
820 958
821 832
821 836
821 855
821 865
821 880
821 886
821 921
821 931
821 936
821 970
821 978
821 987
821 1000
822 849
822 868
822 879
822 884
822 935
822 945
822 961
822 962
822 975
823 849
823 898
823 905
823 907
823 923
823 957
823 958
823 983
823 998
824 831
824 852
824 856
824 867
824 876
824 897
824 912
824 922
824 927
824 932
824 984
825 839
825 846
825 893
825 894
825 924
825 926
825 935
825 938
825 963
825 972
825 990
826 872
826 883
826 968
826 977
826 986
826 994
827 871
827 906
827 988
827 993
828 857
828 953
828 964
828 987
829 928
829 952
829 965
829 968
830 832
830 869
830 908
830 943
830 948
830 977
830 997
831 857
831 876
831 912
831 922
831 984
832 855
832 880
832 921
832 931
832 936
832 970
832 978
832 1000
833 845
833 858
833 870
833 895
833 917
833 934
833 950
833 961
833 968
834 841
834 960
834 987
835 889
835 904
835 922
835 939
835 970
836 838
836 853
836 873
836 877
836 890
836 892
836 927
836 949
836 959
837 882
837 929
838 853
838 873
838 877
838 888
838 892
838 940
838 949
838 959
839 893
839 894
839 924
839 926
839 935
839 938
839 963
839 972
839 990
840 851
840 892
841 914
841 964
841 987
842 855
842 866
842 919
842 934
842 947
842 966
842 985
842 991
843 887
843 906
844 854
844 899
844 913
844 920
844 996
845 896
845 916
845 937
845 961
846 893
846 894
846 924
846 926
846 935
846 938
846 939
846 963
846 972
846 990
847 848
847 851
847 910
848 855
848 896
848 907
848 918
848 937
849 852
849 879
849 884
849 945
849 962
849 975
850 862
850 883
850 894
850 908
850 933
850 934
850 950
850 961
850 968
850 989
850 992
851 867
851 879
851 927
852 867
852 916
852 938
853 873
853 877
853 892
853 913
853 915
853 938
853 949
853 959
854 862
854 899
854 913
854 920
854 956
855 860
855 865
855 880
855 886
855 924
855 931
855 936
855 946
855 978
856 864
856 922
856 927
856 929
856 979
856 988
857 876
857 912
857 914
857 934
857 942
857 958
857 979
857 982
857 984
858 887
858 897
858 900
858 917
858 950
858 959
858 968
858 980
858 989
858 999
859 861
859 862
859 872
859 874
859 883
859 911
859 978
859 986
859 994
860 910
860 937
860 979
861 867
861 872
861 874
861 883
861 911
861 986
861 994
862 917
862 923
862 933
862 950
862 968
862 989
862 999
863 869
863 908
863 948
863 951
863 954
863 977
863 997
864 937
864 956
864 965
864 967
865 886
865 925
865 931
865 936
865 946
865 964
865 978
865 980
865 1000
866 867
866 897
866 917
866 947
866 966
866 985
866 991
867 916
868 876
868 888
868 915
868 930
868 947
868 955
868 984
869 901
869 908
869 943
869 948
869 951
869 977
869 997
870 895
870 917
870 933
870 950
870 961
870 967
870 989
871 895
871 905
871 906
871 993
872 874
872 883
872 911
872 952
872 960
872 986
872 994
873 877
873 890
873 949
873 959
874 883
874 911
874 986
874 994
874 996
875 886
875 914
875 928
875 942
875 952
875 960
875 969
875 974
875 976
875 985
875 986
876 912
876 927
876 982
876 984
876 988
877 885
877 890
877 892
877 949
877 959
878 925
878 941
878 971
878 981
879 884
879 933
879 945
879 962
879 975
880 884
880 886
880 931
880 970
880 977
880 978
880 1000
881 885
881 900
881 902
881 903
881 944
882 885
882 900
882 925
882 929
882 953
883 911
883 963
883 986
883 994
884 945
884 962
884 975
885 902
885 903
885 940
885 944
886 921
886 931
886 946
886 965
886 970
886 978
886 1000
887 895
887 917
887 934
887 950
887 961
887 968
887 980
887 992
887 999
888 907
888 915
888 930
888 955
889 891
889 896
889 904
889 939
889 961
890 892
890 949
890 959
891 909
891 916
891 975
892 949
892 973
893 894
893 924
893 926
893 935
893 938
893 963
893 972
893 990
894 926
894 935
894 938
894 963
894 972
894 990
895 900
895 910
895 950
895 967
895 980
895 992
895 999
896 976
897 919
897 947
897 966
897 973
897 985
897 991
898 905
898 907
898 923
898 957
898 958
898 966
898 983
898 998
899 920
899 956
899 996
900 908
900 933
900 934
900 950
900 968
900 989
901 904
901 960
901 964
901 987
902 903
902 909
902 923
902 940
902 944
903 906
903 944
903 990
904 908
904 939
905 907
905 923
905 936
905 957
905 958
905 983
905 998
906 942
906 952
906 965
906 993
907 923
907 957
907 958
907 983
907 998
908 913
908 943
908 948
908 951
908 977
908 997
909 910
909 916
909 931
909 993
910 949
911 958
911 986
911 994
912 932
912 997
913 920
913 956
914 915
914 942
914 952
914 969
914 974
914 976
915 927
915 930
915 955
916 971
916 972
917 933
917 967
917 992
917 997
918 937
919 947
919 966
919 973
919 985
919 987
919 991
920 956
920 996
920 1000
921 925
921 931
921 936
921 946
921 977
921 978
921 1000
922 930
922 957
922 960
922 979
922 981
922 982
922 988
923 940
923 957
923 958
923 983
923 992
923 998
924 926
924 935
924 938
924 963
924 972
924 990
925 931
925 933
925 936
925 945
925 946
925 970
925 1000
926 934
926 935
926 938
926 963
926 972
926 990
926 999
927 932
927 979
927 982
928 942
928 952
928 969
928 974
928 976
928 987
929 962
930 934
930 935
930 955
931 936
931 946
931 970
931 1000
932 956
932 968
932 982
932 984
932 988
933 934
933 961
933 980
933 989
934 967
934 992
935 938
935 962
935 963
935 972
935 990
935 996
936 968
936 970
936 978
936 1000
938 939
938 960
938 963
938 972
938 990
940 941
940 944
940 958
941 971
941 981
941 992
942 952
942 969
942 974
942 976
943 948
943 951
943 977
943 997
944 962
945 955
945 962
945 975
946 951
946 970
946 978
946 991
946 1000
947 966
947 973
947 985
947 991
948 951
948 958
948 970
948 977
948 997
949 951
949 959
950 968
951 960
951 977
951 997
952 969
952 974
952 976
953 960
953 964
953 979
953 987
954 959
955 989
956 996
956 1000
957 958
957 983
957 998
958 983
958 998
960 964
960 987
961 963
961 968
961 980
962 975
963 972
963 990
966 969
966 973
966 985
966 999
967 968
967 980
967 984
967 989
968 989
968 999
969 974
969 976
969 999
970 978
970 1000
971 977
971 981
971 998
972 990
973 985
973 991
974 976
977 982
977 995
977 997
978 985
978 1000
979 982
979 988
980 989
980 990
980 992
980 999
981 982
981 985
981 990
982 985
983 986
983 990
983 998
984 988
984 998
985 991
986 994
989 992
992 999
994 1000
