1 110
1 184
1 193
1 394
1 644
1 762
1 824
1 826
1 876
1 922
1 964
1 982
2 123
2 307
2 590
2 668
2 830
2 867
2 869
2 891
2 916
2 936
2 966
2 991
3 94
3 138
3 438
3 499
3 539
3 598
3 661
3 816
3 834
3 912
3 975
3 987
4 176
4 238
4 340
4 386
4 402
4 422
4 458
4 736
4 746
4 815
4 928
4 995
5 162
5 373
5 430
5 556
5 613
5 797
5 827
5 871
5 882
5 906
5 958
5 993
6 231
6 370
6 437
6 496
6 548
6 581
6 656
6 662
6 793
6 897
6 947
6 991
7 691
7 735
7 807
7 832
7 880
7 886
7 890
7 930
7 936
7 946
7 970
7 978
8 179
8 200
8 261
8 348
8 453
8 569
8 780
8 854
8 928
8 942
8 969
8 974
9 78
9 148
9 198
9 201
9 307
9 686
9 737
9 897
9 943
9 947
9 977
9 997
10 358
10 434
10 453
10 498
10 610
10 617
10 631
10 914
10 942
10 952
10 974
10 995
11 150
11 248
11 501
11 587
11 741
11 757
11 763
11 891
11 916
11 919
11 977
11 997
12 37
12 108
12 282
12 390
12 548
12 630
12 780
12 854
12 875
12 900
12 928
12 969
13 28
13 105
13 168
13 260
13 416
13 427
13 549
13 557
13 601
13 649
13 816
13 901
14 376
14 419
14 541
14 549
14 660
14 704
14 718
14 747
14 822
14 849
14 863
14 884
15 349
15 395
15 413
15 463
15 529
15 604
15 618
15 669
15 727
15 771
15 919
15 960
16 285
16 678
16 684
16 823
16 905
16 907
16 923
16 945
16 957
16 958
16 983
16 998
17 343
17 378
17 441
17 471
17 763
17 770
17 807
17 857
17 870
17 950
17 961
17 992
18 402
18 511
18 522
18 666
18 672
18 778
18 832
18 845
18 848
18 864
18 904
18 918
19 190
19 225
19 263
19 273
19 404
19 737
19 823
19 908
19 947
19 966
19 973
19 977
20 212
20 395
20 400
20 413
20 426
20 529
20 604
20 618
20 669
20 771
20 815
20 876
21 130
21 589
21 652
21 678
21 711
21 720
21 826
21 859
21 872
21 911
21 975
21 986
22 131
22 376
22 419
22 660
22 704
22 718
22 747
22 822
22 849
22 884
23 242
23 256
23 315
23 319
23 349
23 463
23 529
23 604
23 618
23 669
23 771
24 116
24 207
24 217
24 235
24 265
24 634
24 689
24 739
24 762
24 858
24 919
24 951
25 223
25 225
25 231
25 396
25 489
25 582
25 762
25 817
25 825
25 891
25 901
25 973
26 58
26 326
26 745
26 834
26 841
26 857
26 925
26 953
26 961
26 964
26 970
26 982
27 125
27 259
27 539
27 690
27 772
27 799
27 802
27 831
27 939
27 979
27 984
27 987
28 336
28 367
28 414
28 459
28 510
28 521
28 649
28 927
28 953
28 982
28 984
29 126
29 181
29 209
29 328
29 359
29 430
29 566
29 599
29 652
29 804
30 73
30 449
30 454
30 511
30 514
30 560
30 592
30 608
30 656
30 761
30 915
30 954
31 108
31 255
31 431
31 552
31 595
31 651
31 730
31 738
31 875
31 914
31 942
31 974
32 462
32 485
32 671
32 767
32 788
32 796
32 820
32 840
32 868
32 885
32 888
32 955
33 70
33 247
33 611
33 615
33 640
33 699
33 759
33 772
33 912
33 964
33 984
33 998
34 86
34 195
34 258
34 268
34 461
34 505
34 567
34 683
34 712
34 840
34 860
34 910
35 61
35 496
35 571
35 586
35 653
35 716
35 793
35 807
35 863
35 867
35 919
35 947
36 385
36 468
36 687
36 724
36 813
36 833
36 838
36 847
36 853
36 877
36 949
36 959
37 200
37 453
37 538
37 548
37 780
37 854
37 897
37 914
37 942
37 952
37 974
38 113
38 700
38 720
38 744
38 749
38 850
38 860
38 895
38 917
38 933
38 963
38 967
39 92
39 243
39 394
39 427
39 439
39 544
39 676
39 710
39 713
39 792
39 898
39 999
40 286
40 343
40 510
40 532
40 816
40 828
40 856
40 874
40 927
40 943
40 953
40 960
41 673
41 674
41 693
41 773
41 786
41 825
41 839
41 846
41 936
41 938
41 972
41 990
42 191
42 193
42 362
42 371
42 664
42 679
42 702
42 922
42 964
42 982
42 987
42 988
43 184
43 214
43 232
43 309
43 324
43 533
43 549
43 721
43 787
43 806
43 847
43 922
44 120
44 482
44 546
44 563
44 592
44 608
44 650
44 657
44 731
44 754
44 838
44 954
45 103
45 272
45 571
45 655
45 720
45 770
45 778
45 800
45 862
45 963
45 967
45 980
46 100
46 109
46 281
46 313
46 323
46 334
46 442
46 492
46 603
46 675
46 913
46 996
47 132
47 206
47 811
47 823
47 905
47 907
47 923
47 945
47 957
47 958
47 983
47 998
48 90
48 174
48 194
48 216
48 287
48 354
48 540
48 639
48 686
48 741
48 953
48 965
49 417
49 499
49 528
49 569
49 678
49 859
49 872
49 874
49 923
49 975
49 986
49 994
50 362
50 491
50 510
50 596
50 635
50 731
50 756
50 757
50 806
50 836
50 964
50 988
51 91
51 128
51 397
51 446
51 517
51 619
51 702
51 756
51 869
51 912
51 922
51 927
52 295
52 370
52 373
52 558
52 568
52 605
52 714
52 797
52 871
52 906
52 935
52 993
53 104
53 152
53 304
53 361
53 622
53 670
53 814
53 842
53 862
53 889
53 939
54 174
54 216
54 263
54 388
54 391
54 540
54 550
54 639
54 668
54 686
54 741
54 965
55 204
55 224
55 469
55 591
55 677
55 785
55 795
55 845
55 864
55 896
55 904
55 918
56 139
56 192
56 381
56 410
56 477
56 791
56 794
56 801
56 878
56 941
56 971
56 981
57 416
57 441
57 536
57 616
57 706
57 741
57 785
57 893
57 900
57 924
57 926
57 935
58 345
58 473
58 504
58 506
58 510
58 615
58 732
58 922
58 978
58 984
58 988
59 79
59 99
59 593
59 636
59 701
59 816
59 824
59 836
59 841
59 922
59 939
59 984
60 275
60 469
60 575
60 697
60 775
60 789
60 805
60 845
60 848
60 896
60 904
60 937
61 258
61 437
61 573
61 581
61 750
61 784
61 787
61 897
61 966
61 980
61 991
62 227
62 402
62 537
62 600
62 712
62 719
62 740
62 781
62 835
62 890
63 145
63 163
63 289
63 301
63 646
63 929
63 969
64 309
64 344
64 536
64 616
64 706
64 785
64 893
64 913
64 924
64 926
64 935
64 943
65 196
65 521
65 619
65 726
65 732
65 734
65 757
65 901
65 924
65 963
65 964
65 982
66 191
66 356
66 403
66 412
66 438
66 520
66 627
66 685
66 717
66 774
66 851
66 947
67 89
67 329
67 346
67 613
67 698
67 714
67 797
67 818
67 827
67 871
67 906
67 993
68 447
68 458
68 486
68 525
68 553
68 645
68 655
68 679
68 688
68 689
68 881
68 902
69 141
69 432
69 720
69 742
69 850
69 861
69 895
69 917
69 934
69 968
69 980
69 999
70 164
70 371
70 539
70 549
70 702
70 726
70 757
70 854
70 857
70 977
70 979
71 84
71 265
71 476
71 724
71 808
71 838
71 873
71 875
71 890
71 894
71 949
71 959
72 244
72 523
72 526
72 641
72 653
72 812
72 837
72 882
72 926
72 954
72 955
72 956
73 432
73 470
73 485
73 608
73 650
73 705
73 731
73 737
73 806
73 915
73 954
74 142
74 257
74 324
74 423
74 502
74 601
74 635
74 644
74 876
74 901
74 922
74 947
75 251
75 313
75 366
75 472
75 691
75 714
75 797
75 818
75 827
75 871
75 906
75 993
76 110
76 129
76 206
76 517
76 611
76 684
76 776
76 806
76 824
76 979
76 987
76 988
77 621
77 673
77 717
77 734
77 783
77 796
77 819
77 820
77 876
77 885
77 888
77 955
78 87
78 129
78 268
78 297
78 505
78 615
78 683
78 840
78 860
78 910
78 925
79 214
79 693
79 773
79 786
79 825
79 833
79 839
79 846
79 938
79 972
79 990
80 519
80 585
80 678
80 680
80 701
80 758
80 859
80 861
80 883
80 911
80 986
80 994
81 155
81 159
81 356
81 530
81 571
81 586
81 587
81 739
81 866
81 869
81 879
81 919
82 171
82 310
82 418
82 475
82 492
82 534
82 653
82 669
82 779
82 925
82 956
82 996
83 120
83 226
83 326
83 355
83 575
83 591
83 625
83 775
83 864
83 904
83 907
83 918
84 327
84 382
84 390
84 531
84 572
84 681
84 853
84 892
84 894
84 911
84 949
85 106
85 185
85 414
85 502
85 593
85 597
85 644
85 649
85 676
85 681
85 927
85 956
86 367
86 416
86 536
86 616
86 706
86 785
86 893
86 924
86 926
86 935
86 944
87 129
87 236
87 262
87 461
87 567
87 715
87 840
87 860
87 910
87 977
87 979
88 235
88 295
88 499
88 556
88 568
88 691
88 797
88 827
88 832
88 871
88 906
88 993
89 92
89 118
89 295
89 691
89 714
89 818
89 827
89 871
89 906
89 976
89 993
90 222
90 388
90 391
90 435
90 441
90 450
90 540
90 550
90 686
90 741
90 965
91 241
91 423
91 598
91 766
91 789
91 824
91 841
91 895
91 921
91 987
91 993
92 198
92 556
92 558
92 568
92 818
92 827
92 871
92 906
92 993
93 164
93 368
93 496
93 522
93 672
93 694
93 696
93 775
93 798
93 832
93 904
93 918
94 333
94 402
94 499
94 601
94 640
94 732
94 772
94 834
94 857
94 953
94 988
95 154
95 210
95 244
95 556
95 653
95 675
95 723
95 779
95 882
95 899
95 913
95 997
96 522
96 569
96 647
96 677
96 694
96 696
96 763
96 775
96 845
96 904
96 918
96 937
97 451
97 493
97 545
97 673
97 729
97 752
97 767
97 819
97 820
97 885
97 888
97 955
98 275
98 322
98 423
98 477
98 610
98 614
98 662
98 817
98 858
98 916
98 991
98 997
99 427
99 499
99 595
99 600
99 630
99 674
99 790
99 816
99 912
99 953
99 988
100 436
100 541
100 629
100 682
100 698
100 782
100 803
100 810
100 821
100 952
100 985
101 214
101 598
101 659
101 695
101 855
101 880
101 886
101 930
101 931
101 936
101 970
101 1000
102 437
102 515
102 561
102 571
102 576
102 637
102 662
102 750
102 829
102 866
102 869
102 932
103 369
103 454
103 466
103 479
103 661
103 759
103 763
103 805
103 917
103 933
103 961
103 963
104 152
104 304
104 361
104 508
104 622
104 670
104 691
104 814
104 889
104 939
105 374
105 414
105 468
105 517
105 640
105 666
105 699
105 702
105 726
105 727
105 745
105 836
106 300
106 343
106 355
106 465
106 600
106 635
106 661
106 766
106 768
106 827
106 932
106 960
107 193
107 268
107 414
107 468
107 593
107 630
107 740
107 768
107 771
107 806
107 901
107 987
107 988
108 128
108 552
108 578
108 620
108 631
108 854
108 913
108 952
108 966
108 969
108 974
109 250
109 313
109 508
109 543
109 609
109 844
109 882
109 883
109 956
109 989
109 996
109 999
110 144
110 232
110 324
110 446
110 532
110 576
110 717
110 760
110 806
110 841
110 997
111 192
111 444
111 455
111 480
111 643
111 777
111 791
111 801
111 878
111 932
111 941
111 971
111 981
112 221
112 364
112 392
112 399
112 470
112 485
112 564
112 648
112 754
112 851
112 915
112 929
112 954
113 278
113 479
113 685
113 721
113 744
113 778
113 895
113 901
113 908
113 933
113 950
113 980
114 116
114 205
114 234
114 245
114 375
114 448
114 495
114 497
114 500
114 532
114 903
114 940
114 944
115 200
115 416
115 441
115 536
115 616
115 706
115 785
115 790
115 893
115 924
115 926
115 935
115 987
116 341
116 515
116 587
116 642
116 656
116 758
116 817
116 826
116 909
116 951
116 991
117 218
117 322
117 506
117 532
117 630
117 756
117 766
117 768
117 831
117 836
117 898
117 901
117 960
118 294
118 326
118 346
118 468
118 601
118 722
118 802
118 816
118 831
118 841
118 927
118 988
119 350
119 494
119 504
119 559
119 579
119 606
119 628
119 632
119 761
119 777
119 829
119 906
119 976
120 226
120 355
120 465
120 575
120 625
120 658
120 848
120 896
120 904
120 937
120 975
121 452
121 466
121 602
121 636
121 657
121 742
121 748
121 753
121 870
121 900
121 917
121 934
121 961
122 193
122 436
122 541
122 601
122 629
122 657
122 682
122 698
122 782
122 803
122 810
122 821
122 985
123 134
123 172
123 245
123 281
123 308
123 347
123 728
123 812
123 913
123 920
123 956
123 996
124 166
124 173
124 389
124 426
124 447
124 525
124 565
124 641
124 655
124 679
124 688
124 881
124 902
125 206
125 214
125 309
125 318
125 383
125 414
125 547
125 601
125 644
125 829
125 956
125 965
126 275
126 469
126 575
126 658
126 694
126 764
126 775
126 795
126 845
126 896
126 918
126 991
127 164
127 352
127 446
127 476
127 533
127 587
127 745
127 757
127 766
127 768
127 790
127 960
127 969
128 165
128 315
128 548
128 595
128 631
128 738
128 780
128 854
128 875
128 914
128 969
129 168
129 303
129 424
129 505
129 509
129 715
129 764
129 840
129 860
129 910
130 585
130 678
130 701
130 711
130 859
130 872
130 874
130 911
130 963
130 986
130 994
130 996
131 216
131 241
131 376
131 419
131 510
131 660
131 704
131 718
131 747
131 822
131 849
131 884
132 416
132 441
132 536
132 616
132 622
132 706
132 755
132 785
132 893
132 924
132 926
132 935
133 257
133 260
133 433
133 597
133 640
133 644
133 816
133 843
133 867
133 964
133 976
133 984
133 988
134 237
134 442
134 475
134 560
134 641
134 837
134 844
134 850
134 899
134 920
134 983
134 996
135 315
135 552
135 631
135 692
135 730
135 798
135 854
135 875
135 914
135 923
135 928
135 969
135 974
136 291
136 416
136 474
136 584
136 712
136 752
136 843
137 396
137 541
137 629
137 682
137 698
137 782
137 803
137 810
137 821
137 951
137 985
137 995
138 252
138 326
138 372
138 401
138 465
138 533
138 586
138 636
138 732
138 828
138 872
138 979
139 165
139 310
139 375
139 444
139 643
139 791
139 801
139 878
139 885
139 941
139 971
139 981
140 148
140 248
140 320
140 515
140 551
140 634
140 690
140 703
140 725
140 758
140 787
140 965
140 969
141 471
141 700
141 742
141 770
141 800
141 862
141 881
141 934
141 950
141 961
141 983
141 989
142 199
142 288
142 350
142 400
142 492
142 507
142 617
142 779
142 812
142 862
142 899
142 996
143 269
143 293
143 407
143 519
143 520
143 562
143 717
143 751
143 769
143 774
143 851
143 861
143 886
144 206
144 401
144 510
144 557
144 628
144 768
144 816
144 857
144 861
144 936
144 953
144 987
145 289
145 301
145 333
145 646
145 894
145 929
145 950
146 305
146 325
146 351
146 720
146 721
146 807
146 850
146 870
146 961
146 973
146 980
146 989
146 999
147 232
147 605
147 695
147 743
147 794
147 833
147 917
147 933
147 961
147 963
147 967
147 989
147 999
148 159
148 231
148 261
148 561
148 580
148 637
148 652
148 662
148 690
148 739
148 778
149 194
149 215
149 222
149 354
149 540
149 550
149 639
149 686
149 741
149 761
149 785
149 904
149 965
150 159
150 288
150 323
150 384
150 460
150 580
150 587
150 656
150 690
150 947
150 978
150 991
151 249
151 612
151 635
151 700
151 805
151 807
151 809
151 833
151 854
151 862
151 917
151 950
151 968
152 155
152 304
152 361
152 448
152 622
152 670
152 814
152 889
152 899
152 939
153 168
153 195
153 424
153 461
153 509
153 551
153 683
153 709
153 715
153 840
153 860
153 871
153 910
154 288
154 334
154 461
154 492
154 655
154 675
154 713
154 728
154 812
154 913
154 956
154 996
155 338
155 372
155 605
155 658
155 687
155 727
155 753
155 873
155 890
155 892
155 894
156 223
156 431
156 514
156 530
156 602
156 716
156 762
156 869
156 902
156 916
156 951
156 973
156 977
157 176
157 340
157 386
157 422
157 458
157 535
157 736
157 746
157 800
157 815
157 889
157 995
158 410
158 472
158 538
158 624
158 826
158 859
158 872
158 883
158 908
158 919
158 975
158 986
158 994
159 219
159 306
159 634
159 830
159 908
159 948
159 949
159 977
159 988
159 991
160 239
160 312
160 464
160 520
160 562
160 685
160 717
160 751
160 769
160 774
160 851
160 915
160 971
161 286
161 325
161 574
161 655
161 705
161 721
161 766
161 917
161 934
161 950
161 967
161 992
161 999
162 231
162 437
162 556
162 558
162 613
162 797
162 818
162 827
162 871
162 906
162 909
162 993
163 249
163 286
163 612
163 781
163 794
163 805
163 809
163 933
163 959
163 961
163 980
163 992
164 318
164 474
164 598
164 766
164 768
164 789
164 836
164 876
164 927
164 932
165 217
165 277
165 381
165 607
165 791
165 801
165 813
165 878
165 941
165 971
165 981
166 210
166 250
166 270
166 384
166 442
166 543
166 609
166 723
166 779
166 837
166 882
166 913
167 332
167 577
167 708
167 754
167 855
167 865
167 886
167 921
167 931
167 936
167 946
167 970
167 978
168 262
168 303
168 320
168 424
168 461
168 683
168 824
168 840
168 860
168 910
169 545
169 671
169 729
169 734
169 767
169 788
169 796
169 838
169 868
169 885
169 955
169 990
169 996
170 299
170 364
170 432
170 514
170 573
170 592
170 601
170 608
170 650
170 671
170 731
170 754
170 915
171 334
171 350
171 532
171 593
171 633
171 653
171 812
171 882
171 899
171 913
171 956
171 962
172 347
172 459
172 492
172 508
172 523
172 728
172 844
172 882
172 899
172 958
172 973
172 996
173 425
173 447
173 553
173 565
173 645
173 655
173 679
173 688
173 798
173 848
173 881
173 902
174 194
174 216
174 435
174 550
174 551
174 639
174 686
174 741
174 847
174 941
174 965
175 358
175 367
175 391
175 481
175 595
175 730
175 738
175 752
175 816
175 854
175 914
175 952
175 969
176 320
176 340
176 386
176 422
176 458
176 592
176 736
176 746
176 815
176 995
177 299
177 392
177 405
177 449
177 485
177 514
177 560
177 705
177 754
177 821
177 915
177 935
177 954
178 214
178 289
178 549
178 744
178 760
178 824
178 828
178 834
178 856
178 864
178 922
178 932
178 982
179 200
179 282
179 358
179 367
179 481
179 692
179 914
179 951
179 952
179 968
179 969
179 974
180 380
180 569
180 678
180 680
180 711
180 861
180 862
180 872
180 883
180 909
180 975
180 986
180 994
181 209
181 328
181 375
181 430
181 507
181 566
181 599
181 804
181 975
182 425
182 447
182 525
182 553
182 565
182 645
182 655
182 679
182 688
182 816
182 881
182 902
182 967
183 638
183 665
183 695
183 778
183 832
183 844
183 865
183 880
183 886
183 921
183 931
183 936
183 1000
184 547
184 593
184 625
184 681
184 772
184 786
184 790
184 831
184 841
184 852
184 960
185 214
185 309
185 434
185 456
185 684
185 765
185 772
185 790
185 824
185 828
185 979
185 980
186 372
186 385
186 605
186 687
186 758
186 808
186 813
186 847
186 890
186 949
186 959
186 979
186 989
187 376
187 490
187 577
187 664
187 808
187 842
187 855
187 886
187 921
187 925
187 930
187 978
187 1000
188 307
188 359
188 501
188 548
188 784
188 817
188 842
188 891
188 897
188 914
188 916
188 923
188 991
189 234
189 308
189 375
189 420
189 448
189 485
189 491
189 497
189 639
189 774
189 903
189 940
189 944
190 498
190 530
190 565
190 642
190 716
190 750
190 781
190 784
190 909
190 919
190 977
190 991
191 318
191 473
191 568
191 600
191 635
191 681
191 696
191 768
191 857
191 964
191 982
192 440
192 478
192 480
192 607
192 791
192 811
192 878
192 941
192 971
192 981
193 343
193 401
193 465
193 628
193 800
193 853
193 856
193 964
193 987
194 388
194 391
194 435
194 491
194 540
194 639
194 686
194 698
194 741
194 965
195 297
195 377
195 509
195 551
195 683
195 715
195 747
195 812
195 840
195 860
195 910
196 533
196 692
196 702
196 726
196 752
196 799
196 802
196 828
196 938
196 953
196 964
196 984
197 537
197 805
197 837
197 870
197 895
197 950
197 963
197 967
197 968
197 989
197 992
197 995
197 999
198 219
198 431
198 456
198 511
198 573
198 787
198 858
198 863
198 867
198 947
198 973
199 310
199 334
199 347
199 387
199 442
199 711
199 715
199 728
199 779
199 804
199 812
199 996
200 362
200 692
200 780
200 864
200 875
200 928
200 952
200 969
200 974
201 396
201 460
201 581
201 689
201 784
201 830
201 867
201 904
201 966
201 973
201 984
201 997
202 720
202 721
202 759
202 795
202 805
202 887
202 934
202 956
202 967
202 968
202 989
202 992
202 999
203 327
203 505
203 811
203 823
203 905
203 907
203 923
203 945
203 957
203 958
203 983
203 997
203 998
204 522
204 576
204 591
204 647
204 672
204 680
204 694
204 697
204 775
204 798
204 808
204 864
204 937
205 245
205 308
205 420
205 491
205 495
205 497
205 500
205 539
205 703
205 839
205 903
205 940
205 944
206 306
206 309
206 362
206 401
206 465
206 517
206 547
206 804
206 960
206 991
207 342
207 493
207 496
207 689
207 716
207 793
207 926
207 943
207 948
207 951
207 977
207 982
207 997
208 314
208 411
208 488
208 513
208 605
208 652
208 748
208 753
208 813
208 838
208 853
208 873
208 894
208 959
209 328
209 430
209 566
209 599
209 737
209 804
209 906
210 460
210 507
210 526
210 534
210 609
210 641
210 675
210 812
210 817
210 844
210 900
210 913
211 329
211 472
211 559
211 585
211 808
211 859
211 861
211 872
211 874
211 911
211 933
211 975
211 986
211 994
212 256
212 281
212 319
212 335
212 349
212 413
212 426
212 529
212 604
212 618
212 669
212 771
212 983
213 243
213 293
213 360
213 394
213 439
213 544
213 640
213 676
213 710
213 713
213 792
213 898
214 306
214 521
214 619
214 724
214 745
214 789
214 831
214 979
215 216
215 222
215 248
215 354
215 388
215 435
215 540
215 550
215 639
215 686
215 741
215 804
215 965
216 222
216 435
216 550
216 639
216 686
216 741
216 805
216 940
216 965
217 227
217 277
217 440
217 596
217 628
217 643
217 791
217 801
217 878
217 941
217 971
217 981
218 321
218 404
218 460
218 467
218 509
218 561
218 580
218 689
218 716
218 738
218 842
218 869
218 943
219 235
219 477
219 586
219 725
219 801
219 811
219 836
219 867
219 869
219 897
219 951
219 997
220 222
220 621
220 623
220 671
220 783
220 788
220 796
220 819
220 824
220 868
220 885
220 888
220 930
220 955
221 454
221 470
221 560
221 563
221 608
221 650
221 705
221 706
221 731
221 759
221 848
221 915
221 954
222 354
222 540
222 550
222 639
222 671
222 686
222 741
222 841
222 965
223 273
223 405
223 485
223 530
223 602
223 668
223 758
223 847
223 909
223 919
223 948
223 991
224 241
224 497
224 674
224 693
224 709
224 773
224 786
224 825
224 839
224 846
224 938
224 972
224 990
225 450
225 634
225 637
225 668
225 690
225 701
225 703
225 716
225 793
225 866
225 897
225 930
226 285
226 549
226 647
226 677
226 735
226 775
226 798
226 845
226 848
226 864
226 896
226 904
227 402
227 537
227 712
227 719
227 740
227 776
227 781
227 835
227 898
228 341
228 408
228 602
228 651
228 662
228 684
228 805
228 817
228 852
228 863
228 891
228 897
228 977
228 991
229 230
229 516
229 542
229 555
229 570
229 626
229 654
229 765
229 780
229 879
229 881
229 950
229 962
230 267
230 516
230 542
230 555
230 570
230 626
230 654
230 725
230 765
230 879
230 962
230 989
231 244
231 610
231 690
231 776
231 814
231 817
231 897
231 908
231 909
231 977
232 243
232 352
232 510
232 726
232 756
232 799
232 806
232 831
232 953
232 960
232 988
233 674
233 693
233 709
233 773
233 786
233 825
233 839
233 846
233 868
233 877
233 922
233 938
233 972
233 990
234 360
234 406
234 420
234 448
234 495
234 497
234 500
234 571
234 681
234 903
234 940
234 944
235 321
235 518
235 614
235 737
235 793
235 908
235 915
235 916
235 943
235 947
235 966
236 268
236 297
236 364
236 424
236 446
236 461
236 505
236 567
236 715
236 840
236 860
236 910
236 948
237 347
237 350
237 475
237 507
237 526
237 633
237 739
237 752
237 844
237 882
237 920
237 956
237 970
238 338
238 487
238 488
238 513
238 572
238 724
238 787
238 838
238 847
238 853
238 873
238 877
238 890
239 269
239 293
239 356
239 438
239 642
239 685
239 717
239 751
239 753
239 769
239 774
239 851
239 876
240 314
240 338
240 342
240 372
240 513
240 572
240 687
240 724
240 843
240 873
240 890
240 894
240 949
240 962
241 252
241 260
241 628
241 661
241 681
241 702
241 799
241 806
241 951
241 982
241 988
242 272
242 365
242 476
242 555
242 577
242 724
242 813
242 838
242 853
242 873
242 877
242 892
242 959
243 394
243 439
243 544
243 638
243 676
243 710
243 713
243 792
243 898
244 310
244 387
244 418
244 502
244 507
244 526
244 609
244 842
244 844
244 913
244 996
245 375
245 406
245 448
245 495
245 497
245 500
245 802
245 893
245 903
245 940
245 944
246 247
246 486
246 553
246 565
246 631
246 645
246 655
246 679
246 688
246 840
246 881
246 902
246 971
247 389
247 425
247 525
247 565
247 645
247 655
247 679
247 688
247 858
247 881
247 902
247 974
248 561
248 581
248 602
248 610
248 703
248 783
248 798
248 852
248 867
248 919
248 947
249 291
249 325
249 379
249 748
249 759
249 763
249 800
249 803
249 947
249 967
249 980
249 986
250 347
250 617
250 675
250 728
250 779
250 836
250 844
250 882
250 899
250 956
250 982
250 996
251 346
251 366
251 610
251 613
251 714
251 767
251 797
251 818
251 827
251 871
251 906
251 989
251 993
252 397
252 517
252 581
252 597
252 772
252 789
252 790
252 806
252 816
252 885
252 927
252 976
253 371
253 490
253 494
253 507
253 659
253 755
253 855
253 865
253 880
253 925
253 930
253 931
253 946
253 970
254 279
254 316
254 541
254 629
254 656
254 682
254 698
254 782
254 803
254 804
254 810
254 821
254 916
254 985
255 280
255 476
255 673
255 734
255 767
255 783
255 788
255 820
255 868
255 885
255 888
255 951
255 955
256 319
256 335
256 413
256 443
256 463
256 529
256 604
256 618
256 669
256 771
256 926
256 937
257 279
257 287
257 427
257 593
257 615
257 726
257 884
257 912
257 927
257 932
257 944
257 984
258 399
258 603
258 638
258 755
258 832
258 880
258 886
258 925
258 931
258 936
258 946
258 957
259 322
259 352
259 539
259 652
259 661
259 699
259 732
259 757
259 840
259 857
259 979
259 982
259 999
260 326
260 428
260 572
260 732
260 828
260 912
260 932
260 953
260 960
260 982
260 988
261 321
261 341
261 396
261 493
261 515
261 602
261 656
261 662
261 787
261 866
261 955
261 977
262 297
262 387
262 424
262 505
262 520
262 551
262 567
262 667
262 683
262 840
262 860
262 910
263 266
263 398
263 401
263 527
263 547
263 593
263 745
263 901
263 927
263 979
263 984
263 988
264 388
264 733
264 811
264 822
264 823
264 905
264 907
264 923
264 945
264 957
264 958
264 959
264 983
264 998
265 456
265 521
265 615
265 628
265 636
265 756
265 806
265 828
265 834
265 841
265 923
265 964
266 388
266 554
266 611
266 640
266 687
266 726
266 756
266 766
266 789
266 834
266 912
266 932
266 938
267 538
267 569
267 680
267 701
267 826
267 859
267 861
267 872
267 910
267 911
267 975
267 986
267 994
268 505
268 509
268 551
268 670
268 683
268 715
268 840
268 860
268 910
268 937
269 271
269 412
269 438
269 627
269 631
269 717
269 751
269 769
269 774
269 851
269 859
269 866
270 603
270 664
270 665
270 690
270 755
270 832
270 865
270 925
270 930
270 970
270 978
270 991
270 1000
271 286
271 312
271 412
271 464
271 520
271 562
271 570
271 627
271 751
271 769
271 774
271 793
271 851
272 365
272 476
272 531
272 703
272 727
272 808
272 813
272 833
272 873
272 890
272 892
272 949
273 290
273 385
273 521
273 571
273 580
273 634
273 725
273 739
273 756
273 891
273 909
273 919
274 588
274 733
274 756
274 798
274 811
274 823
274 905
274 907
274 923
274 945
274 957
274 958
274 983
274 998
275 285
275 355
275 638
275 663
275 672
275 677
275 694
275 765
275 798
275 848
275 896
276 364
276 405
276 464
276 470
276 524
276 564
276 592
276 648
276 705
276 731
276 754
276 915
276 954
276 1000
277 351
277 410
277 596
277 791
277 801
277 871
277 876
277 878
277 941
277 971
277 980
277 981
278 479
278 512
278 643
278 770
278 778
278 850
278 862
278 870
278 903
278 917
278 954
278 963
278 967
278 989
279 316
279 345
279 436
279 541
279 581
279 629
279 682
279 698
279 782
279 803
279 810
279 821
279 985
280 344
280 598
280 623
280 626
280 671
280 729
280 783
280 788
280 819
280 820
280 868
280 885
280 888
280 955
281 347
281 475
281 609
281 641
281 648
281 779
281 812
281 837
281 899
281 913
281 956
281 960
282 486
282 595
282 651
282 730
282 750
282 875
282 914
282 928
282 941
282 942
282 952
282 969
282 974
283 367
283 498
283 595
283 620
283 642
283 651
283 707
283 722
283 780
283 928
283 942
283 952
283 969
283 974
283 975
284 589
284 678
284 680
284 826
284 859
284 861
284 872
284 874
284 911
284 932
284 951
284 975
284 986
284 988
284 994
285 522
285 561
285 575
285 647
285 658
285 663
285 677
285 696
285 764
285 904
285 937
285 980
286 744
286 759
286 800
286 833
286 887
286 895
286 933
286 963
286 968
286 980
286 981
287 289
287 326
287 532
287 538
287 615
287 630
287 684
287 702
287 757
287 856
287 857
287 927
287 984
288 633
288 723
288 728
288 734
288 779
288 837
288 844
288 893
288 913
288 920
288 956
288 996
289 301
289 633
289 646
289 929
290 320
290 384
290 484
290 633
290 749
290 758
290 793
290 867
290 902
290 912
290 943
290 966
290 973
290 997
291 305
291 379
291 512
291 707
291 768
291 778
291 800
291 894
291 917
291 950
291 968
291 980
291 992
292 364
292 392
292 415
292 432
292 454
292 514
292 533
292 546
292 592
292 705
292 731
292 909
292 915
292 922
292 954
293 356
293 438
293 517
293 519
293 562
293 685
293 717
293 751
293 769
293 774
293 851
293 878
294 309
294 506
294 644
294 702
294 720
294 729
294 732
294 736
294 766
294 772
294 834
294 912
294 964
294 988
295 470
295 568
295 691
295 714
295 797
295 818
295 827
295 859
295 871
295 906
295 960
295 993
296 545
296 671
296 729
296 734
296 767
296 791
296 792
296 796
296 819
296 820
296 868
296 885
296 888
296 955
296 968
297 421
297 489
297 505
297 509
297 551
297 606
297 683
297 715
297 840
297 860
297 910
298 351
298 411
298 440
298 465
298 480
298 607
298 643
298 783
298 791
298 801
298 878
298 941
298 956
298 971
298 981
299 405
299 482
299 485
299 514
299 549
299 563
299 592
299 648
299 705
299 712
299 731
299 920
299 954
300 333
300 401
300 414
300 465
300 468
300 547
300 619
300 644
300 702
300 734
300 745
300 866
300 984
300 989
301 545
301 646
301 745
301 908
301 929
302 368
302 575
302 591
302 694
302 696
302 754
302 775
302 845
302 848
302 864
302 872
302 896
302 918
302 937
302 988
303 377
303 424
303 505
303 509
303 551
303 567
303 715
303 797
303 840
303 860
303 910
303 955
303 965
304 361
304 401
304 622
304 670
304 773
304 814
304 889
304 939
304 996
305 342
305 429
305 574
305 612
305 765
305 778
305 870
305 900
305 917
305 959
305 967
305 989
305 999
306 401
306 423
306 506
306 566
306 598
306 640
306 641
306 661
306 702
306 799
306 802
306 912
307 583
307 602
307 635
307 700
307 749
307 758
307 787
307 909
307 917
307 947
307 948
307 991
308 346
308 360
308 375
308 420
308 491
308 495
308 500
308 634
308 903
308 940
308 944
309 352
309 557
309 615
309 636
309 644
309 768
309 808
309 876
309 991
310 492
310 507
310 534
310 617
310 673
310 675
310 753
310 779
310 812
310 882
310 899
311 450
311 530
311 545
311 580
311 634
311 665
311 703
311 758
311 793
311 909
311 916
311 948
311 970
311 977
311 991
312 368
312 403
312 519
312 585
312 627
312 668
312 685
312 717
312 751
312 769
312 774
312 787
312 851
313 507
313 508
313 523
313 597
313 609
313 723
313 728
313 779
313 844
313 920
313 955
313 956
314 327
314 487
314 488
314 505
314 605
314 616
314 652
314 687
314 724
314 812
314 873
314 890
314 959
315 348
315 651
315 722
315 730
315 780
315 875
315 901
315 914
315 942
315 948
315 969
315 974
316 436
316 541
316 629
316 682
316 698
316 782
316 803
316 810
316 821
316 863
316 967
316 968
316 985
317 320
317 501
317 576
317 634
317 637
317 674
317 703
317 716
317 737
317 739
317 768
317 810
317 858
317 897
317 991
318 414
318 423
318 564
318 600
318 619
318 649
318 760
318 828
318 844
318 856
318 976
318 982
319 335
319 395
319 400
319 463
319 529
319 604
319 618
319 669
319 771
319 855
319 952
319 962
320 463
320 571
320 576
320 667
320 690
320 737
320 749
320 817
320 947
320 951
321 582
321 644
321 662
321 784
321 787
321 802
321 830
321 880
321 891
321 897
321 948
321 973
322 517
322 539
322 636
322 698
322 768
322 783
322 828
322 834
322 901
322 960
322 984
322 987
323 387
323 442
323 568
323 617
323 633
323 647
323 723
323 837
323 882
323 899
323 920
323 956
323 996
324 435
324 532
324 635
324 733
324 745
324 802
324 828
324 836
324 868
324 922
324 960
324 979
325 452
325 466
325 479
325 539
325 707
325 748
325 794
325 809
325 920
325 937
325 989
325 992
326 663
326 760
326 790
326 799
326 802
326 857
326 866
326 912
326 932
327 372
327 483
327 513
327 724
327 808
327 813
327 847
327 853
327 877
327 894
327 959
327 985
328 430
328 566
328 599
328 656
328 739
328 804
328 984
329 380
329 511
329 711
329 826
329 861
329 862
329 872
329 874
329 883
329 911
329 975
329 986
329 994
330 373
330 556
330 558
330 568
330 605
330 613
330 677
330 691
330 714
330 797
330 818
330 871
330 906
330 928
330 993
331 525
331 535
331 590
331 733
331 811
331 823
331 828
331 905
331 907
331 923
331 945
331 957
331 958
331 983
331 998
332 499
332 547
332 619
332 630
332 688
332 760
332 768
332 802
332 812
332 836
332 856
332 922
332 960
332 982
333 343
333 465
333 699
333 751
333 756
333 760
333 857
333 927
333 964
333 984
333 987
333 999
334 369
334 416
334 418
334 609
334 641
334 808
334 837
334 844
334 913
334 956
334 985
335 395
335 400
335 413
335 426
335 529
335 604
335 618
335 669
335 682
335 771
335 979
335 987
336 357
336 445
336 494
336 504
336 535
336 559
336 579
336 606
336 632
336 636
336 761
336 777
336 829
336 976
337 548
337 632
337 657
337 662
337 721
337 759
337 805
337 807
337 862
337 933
337 934
337 963
337 967
337 992
337 999
338 507
338 652
338 687
338 706
338 724
338 727
338 873
338 877
338 879
338 890
338 892
338 894
339 460
339 586
339 668
339 689
339 703
339 730
339 776
339 842
339 906
339 909
339 948
339 963
339 966
339 977
339 991
340 386
340 422
340 458
340 486
340 659
340 736
340 746
340 815
340 949
340 995
341 354
341 396
341 453
341 561
341 578
341 581
341 690
341 716
341 867
341 891
341 916
341 943
342 404
342 748
342 809
342 870
342 933
342 934
342 950
342 963
342 967
342 968
342 992
342 999
343 433
343 527
343 539
343 635
343 725
343 790
343 799
343 836
343 977
343 984
344 416
344 441
344 469
344 536
344 616
344 706
344 743
344 785
344 893
344 924
344 926
344 935
345 410
345 411
345 441
345 480
345 596
345 607
345 643
345 791
345 801
345 878
345 941
345 971
345 981
346 373
346 568
346 691
346 714
346 797
346 818
346 827
346 871
346 880
346 906
346 993
347 369
347 383
347 464
347 543
347 663
347 837
347 899
347 956
347 996
348 434
348 513
348 585
348 620
348 631
348 692
348 725
348 730
348 875
348 914
348 942
348 969
348 974
349 395
349 400
349 413
349 426
349 450
349 463
349 488
349 529
349 604
349 608
349 618
349 669
349 771
350 418
350 475
350 617
350 628
350 633
350 641
350 653
350 837
350 844
350 891
350 899
350 920
351 381
351 411
351 596
351 607
351 643
351 784
351 791
351 801
351 878
351 941
351 968
351 971
351 981
352 434
352 502
352 533
352 649
352 757
352 799
352 825
352 876
352 923
352 953
352 979
352 987
353 368
353 625
353 658
353 663
353 672
353 697
353 764
353 775
353 848
353 850
353 864
353 896
353 897
353 904
353 918
353 966
354 388
354 391
354 435
354 540
354 550
354 594
354 639
354 686
354 741
354 794
354 965
355 357
355 361
355 522
355 658
355 663
355 677
355 694
355 696
355 764
355 795
355 864
355 937
356 407
356 438
356 519
356 562
356 627
356 685
356 717
356 769
356 774
356 776
356 851
356 873
357 370
357 445
357 494
357 504
357 559
357 579
357 606
357 632
357 749
357 761
357 777
357 829
357 868
357 976
358 483
358 498
358 620
358 680
358 722
358 760
358 850
358 875
358 914
358 928
358 942
358 952
358 969
359 396
359 404
359 571
359 583
359 668
359 680
359 737
359 750
359 762
359 769
359 867
359 909
359 951
359 997
360 375
360 406
360 420
360 448
360 454
360 491
360 495
360 497
360 760
360 903
360 940
360 944
360 979
361 452
361 622
361 639
361 670
361 814
361 889
361 939
362 468
362 510
362 549
362 557
362 597
362 598
362 619
362 684
362 710
362 718
362 772
362 824
363 417
363 569
363 585
363 624
363 670
363 784
363 859
363 861
363 872
363 874
363 883
363 911
363 921
363 975
363 986
363 994
364 415
364 449
364 470
364 563
364 608
364 667
364 705
364 729
364 915
364 929
364 954
365 487
365 531
365 605
365 647
365 652
365 727
365 853
365 877
365 890
365 894
365 949
365 959
365 961
365 982
366 373
366 556
366 613
366 643
366 691
366 714
366 754
366 769
366 797
366 818
366 827
366 871
366 906
366 993
367 434
367 453
367 498
367 519
367 637
367 738
367 854
367 914
367 928
367 942
367 952
368 497
368 511
368 658
368 666
368 677
368 696
368 697
368 798
368 806
368 864
368 896
368 904
369 507
369 534
369 653
369 723
369 730
369 812
369 837
369 844
369 913
369 920
369 956
369 992
369 996
370 445
370 494
370 504
370 559
370 579
370 606
370 632
370 672
370 761
370 777
370 829
370 862
370 976
371 481
371 517
371 549
371 611
371 628
371 702
371 831
371 836
371 876
371 922
371 953
371 956
371 960
372 409
372 569
372 724
372 753
372 766
372 813
372 838
372 853
372 877
372 949
372 959
373 464
373 489
373 558
373 568
373 622
373 797
373 818
373 827
373 871
373 906
373 993
374 401
374 427
374 433
374 597
374 598
374 618
374 677
374 732
374 757
374 836
374 841
374 898
374 953
374 979
374 988
375 406
375 448
375 491
375 495
375 500
375 888
375 903
375 940
375 944
376 419
376 660
376 704
376 716
376 718
376 747
376 822
376 849
376 884
376 964
377 461
377 482
377 505
377 509
377 551
377 567
377 624
377 658
377 683
377 715
377 840
377 860
377 910
377 989
378 439
378 588
378 720
378 742
378 870
378 878
378 900
378 924
378 933
378 934
378 963
378 968
378 980
378 989
378 999
379 473
379 574
379 699
379 700
379 716
379 720
379 807
379 850
379 887
379 900
379 933
379 950
379 989
379 999
380 523
380 678
380 680
380 711
380 818
380 822
380 826
380 859
380 861
380 872
380 883
380 911
380 986
380 994
381 410
381 444
381 572
381 607
381 643
381 791
381 801
381 878
381 907
381 915
381 941
381 971
381 981
382 409
382 488
382 687
382 727
382 753
382 782
382 808
382 838
382 847
382 873
382 877
382 881
382 892
382 925
382 949
383 389
383 397
383 414
383 427
383 459
383 529
383 630
383 702
383 726
383 799
383 802
383 828
383 856
383 932
384 467
384 583
384 586
384 656
384 676
384 716
384 750
384 776
384 863
384 897
384 916
384 947
384 968
385 411
385 476
385 487
385 496
385 727
385 808
385 838
385 847
385 852
385 853
385 892
385 949
385 959
386 422
386 458
386 539
386 736
386 746
386 815
386 837
386 964
386 995
387 415
387 418
387 508
387 523
387 580
387 617
387 641
387 653
387 899
387 913
387 956
387 996
388 391
388 435
388 540
388 550
388 639
388 686
388 741
388 965
388 969
389 425
389 486
389 525
389 553
389 565
389 645
389 655
389 679
389 688
389 834
389 881
389 894
389 902
390 481
390 548
390 631
390 651
390 692
390 730
390 780
390 814
390 854
390 928
390 942
390 952
390 969
390 993
391 435
391 540
391 550
391 639
391 686
391 741
391 786
391 816
391 931
391 965
392 415
392 454
392 485
392 524
392 546
392 563
392 648
392 650
392 703
392 749
392 754
392 875
392 954
393 501
393 537
393 576
393 581
393 582
393 610
393 690
393 703
393 741
393 750
393 762
393 817
393 908
393 916
393 919
393 928
394 439
394 544
394 581
394 676
394 710
394 713
394 758
394 792
394 898
395 400
395 426
395 463
395 529
395 604
395 618
395 669
395 742
395 771
395 992
395 994
396 582
396 583
396 621
396 637
396 762
396 842
396 866
396 887
396 891
396 991
397 533
397 557
397 630
397 631
397 640
397 764
397 768
397 803
397 816
397 831
397 876
397 932
397 984
398 478
398 590
398 635
398 733
398 811
398 823
398 905
398 907
398 923
398 926
398 945
398 957
398 958
398 983
398 998
399 490
399 554
399 573
399 642
399 659
399 735
399 832
399 855
399 865
399 886
399 921
399 925
399 931
399 946
400 426
400 463
400 604
400 618
400 669
400 771
400 813
400 875
400 935
400 952
401 446
401 782
401 802
401 831
401 857
401 943
401 960
402 537
402 712
402 719
402 740
402 781
402 835
403 407
403 420
403 464
403 473
403 519
403 520
403 562
403 627
403 717
403 762
403 769
403 774
403 851
403 879
404 493
404 501
404 739
404 784
404 794
404 817
404 830
404 840
404 869
404 916
404 966
404 977
405 415
405 432
405 482
405 546
405 560
405 564
405 591
405 608
405 754
405 801
405 915
405 954
406 420
406 448
406 491
406 495
406 497
406 500
406 718
406 828
406 903
406 940
406 944
406 993
407 412
407 438
407 464
407 519
407 578
407 627
407 685
407 717
407 751
407 774
407 851
407 962
407 964
408 450
408 477
408 493
408 518
408 573
408 581
408 582
408 679
408 762
408 891
408 916
408 919
408 937
408 941
408 973
409 501
409 605
409 726
409 808
409 813
409 847
409 853
409 873
409 877
409 890
409 892
409 897
409 949
409 959
410 440
410 480
410 520
410 596
410 674
410 791
410 801
410 878
410 941
410 971
410 981
411 444
411 480
411 596
411 607
411 643
411 653
411 676
411 878
411 941
411 971
411 981
412 438
412 464
412 520
412 548
412 627
412 664
412 685
412 715
412 717
412 751
412 769
412 851
413 426
413 463
413 529
413 604
413 618
413 669
413 771
413 803
413 818
413 831
414 423
414 568
414 582
414 597
414 635
414 745
414 856
414 894
414 964
415 449
415 514
415 546
415 560
415 563
415 564
415 648
415 650
415 754
415 882
415 887
415 915
416 441
416 536
416 616
416 706
416 785
416 893
416 924
416 926
416 935
417 538
417 585
417 589
417 624
417 802
417 859
417 872
417 874
417 883
417 911
417 940
417 975
417 986
417 988
417 994
418 419
418 508
418 526
418 529
418 617
418 640
418 641
418 694
418 728
418 844
418 913
418 996
419 522
419 660
419 704
419 718
419 747
419 822
419 844
419 849
419 865
419 884
420 491
420 495
420 497
420 500
420 604
420 853
420 903
420 940
420 944
420 962
421 535
421 661
421 664
421 702
421 832
421 855
421 865
421 878
421 925
421 930
421 931
421 936
421 946
421 970
421 978
421 1000
422 458
422 466
422 555
422 736
422 746
422 806
422 815
422 995
423 527
423 539
423 598
423 608
423 630
423 681
423 757
423 768
423 847
423 927
423 988
424 509
424 551
424 567
424 603
424 683
424 715
424 774
424 840
424 860
424 910
424 999
425 447
425 486
425 525
425 553
425 645
425 647
425 655
425 679
425 688
425 881
425 885
425 902
425 953
426 463
426 529
426 604
426 618
426 669
426 771
426 897
426 954
426 971
427 533
427 636
427 723
427 766
427 772
427 818
427 824
427 876
427 901
427 979
427 987
428 535
428 567
428 594
428 664
428 696
428 855
428 880
428 921
428 925
428 930
428 936
428 945
428 946
428 970
428 978
428 1000
429 459
429 503
429 594
429 708
429 755
429 819
429 865
429 886
429 893
429 921
429 930
429 936
429 946
429 970
429 978
429 1000
430 526
430 566
430 599
430 804
430 810
431 484
431 518
431 546
431 581
431 586
431 610
431 703
431 749
431 750
431 776
431 829
431 916
431 947
431 966
432 436
432 454
432 514
432 524
432 564
432 592
432 608
432 705
432 915
432 935
432 954
432 984
433 465
433 502
433 510
433 527
433 699
433 700
433 744
433 760
433 772
433 795
433 876
433 927
433 974
433 987
434 453
434 459
434 578
434 651
434 738
434 780
434 812
434 854
434 942
434 952
434 969
434 974
435 540
435 550
435 639
435 686
435 741
435 760
435 872
435 965
436 444
436 500
436 541
436 629
436 682
436 698
436 782
436 803
436 810
436 821
436 973
436 985
437 460
437 496
437 575
437 665
437 750
437 787
437 817
437 830
437 863
437 891
437 948
437 966
437 991
438 618
438 625
438 627
438 685
438 717
438 751
438 769
438 774
438 851
439 544
439 676
439 694
439 695
439 710
439 713
439 792
439 898
439 953
440 442
440 444
440 480
440 596
440 607
440 643
440 701
440 801
440 853
440 878
440 941
440 971
440 981
441 536
441 579
441 616
441 706
441 785
441 893
441 924
441 926
441 935
442 523
442 526
442 534
442 638
442 653
442 728
442 872
442 882
442 913
442 920
442 956
443 674
443 693
443 709
443 773
443 786
443 825
443 839
443 846
443 931
443 938
443 972
443 990
444 474
444 480
444 607
444 643
444 764
444 791
444 878
444 928
444 941
444 971
444 981
445 455
445 494
445 504
445 514
445 559
445 579
445 606
445 632
445 761
445 777
445 799
445 829
445 934
445 976
446 554
446 580
446 598
446 640
446 760
446 789
446 790
446 838
446 922
446 953
446 964
446 987
447 486
447 553
447 565
447 584
447 645
447 655
447 679
447 688
447 881
447 902
447 905
447 914
448 491
448 495
448 497
448 500
448 852
448 903
448 940
448 944
448 998
449 470
449 560
449 563
449 564
449 608
449 648
449 650
449 659
449 705
449 731
449 754
449 909
449 948
450 583
450 602
450 739
450 758
450 784
450 809
450 820
450 863
450 867
450 891
450 948
450 966
451 462
451 671
451 699
451 729
451 740
451 767
451 783
451 788
451 796
451 819
451 820
451 868
451 885
451 888
451 955
451 991
452 479
452 512
452 610
452 700
452 743
452 763
452 764
452 778
452 800
452 862
452 933
452 950
452 961
452 968
453 498
453 548
453 578
453 631
453 692
453 709
453 780
453 796
453 875
453 914
453 974
454 470
454 524
454 546
454 564
454 608
454 648
454 650
454 754
454 770
454 915
455 647
455 658
455 666
455 694
455 696
455 710
455 764
455 795
455 845
455 864
455 896
455 904
455 918
455 937
455 967
456 473
456 499
456 502
456 527
456 593
456 611
456 699
456 766
456 790
456 816
456 867
456 932
456 960
456 996
457 465
457 478
457 584
457 590
457 733
457 811
457 823
457 905
457 907
457 923
457 945
457 957
457 958
457 983
457 988
457 998
458 464
458 611
458 736
458 746
458 815
458 995
459 506
459 517
459 593
459 681
459 699
459 790
459 831
459 841
459 922
459 932
459 959
459 982
460 614
460 642
460 737
460 863
460 891
460 919
460 926
460 943
460 951
460 992
460 997
461 505
461 567
461 619
461 683
461 715
461 840
461 860
461 870
461 910
461 980
462 545
462 645
462 673
462 734
462 755
462 783
462 788
462 819
462 820
462 868
462 885
462 888
462 926
462 955
462 993
463 494
463 529
463 598
463 604
463 618
463 669
463 771
464 520
464 562
464 685
464 717
464 751
464 769
464 774
464 851
465 499
465 549
465 554
465 756
465 789
465 903
465 960
466 479
466 573
466 612
466 669
466 743
466 778
466 862
466 870
466 880
466 917
466 934
466 950
466 967
467 489
467 515
467 614
467 629
467 656
467 703
467 776
467 793
467 800
467 884
467 938
467 966
467 973
467 977
467 997
468 510
468 547
468 600
468 636
468 661
468 681
468 788
468 790
468 927
468 958
468 960
469 575
469 625
469 647
469 672
469 694
469 764
469 792
469 798
469 896
469 901
469 918
469 937
469 988
470 485
470 524
470 560
470 650
470 705
470 906
470 915
470 942
470 954
471 742
471 805
471 807
471 842
471 849
471 895
471 900
471 933
471 934
471 959
471 961
471 963
471 967
471 968
471 994
471 999
472 528
472 569
472 585
472 680
472 701
472 720
472 826
472 859
472 872
472 874
472 883
472 975
472 976
472 986
472 994
473 557
473 615
473 628
473 661
473 684
473 799
473 806
473 831
473 856
473 901
473 944
473 979
473 988
474 584
474 717
474 752
474 843
474 899
475 492
475 507
475 508
475 600
475 617
475 633
475 650
475 723
475 837
475 899
475 920
475 975
475 983
476 572
476 687
476 753
476 833
476 838
476 847
476 873
476 877
476 890
476 892
476 894
476 959
477 614
477 633
477 642
477 662
477 716
477 749
477 784
477 863
477 877
477 895
477 947
477 948
477 977
477 997
478 590
478 733
478 811
478 823
478 865
478 905
478 907
478 911
478 923
478 945
478 957
478 958
478 983
478 986
478 998
479 612
479 660
479 708
479 744
479 800
479 825
479 828
479 917
479 950
479 963
479 992
479 999
480 596
480 626
480 726
480 727
480 776
480 801
480 878
480 941
480 971
480 981
481 483
481 498
481 578
481 595
481 651
481 690
481 713
481 722
481 730
481 914
481 928
481 942
481 952
481 974
482 546
482 560
482 563
482 564
482 574
482 627
482 648
482 650
482 705
482 731
482 754
482 896
482 915
482 954
483 503
483 578
483 595
483 620
483 651
483 669
483 691
483 692
483 730
483 738
483 780
483 854
483 928
483 952
483 969
484 518
484 530
484 637
484 649
484 689
484 762
484 817
484 842
484 844
484 866
484 891
484 909
484 911
484 951
484 966
484 973
485 524
485 563
485 585
485 648
485 650
485 705
485 731
485 915
485 954
486 488
486 525
486 553
486 565
486 645
486 655
486 679
486 688
486 772
486 881
486 902
487 488
487 652
487 745
487 808
487 838
487 847
487 873
487 877
487 890
487 892
487 894
487 928
487 948
487 949
488 531
488 537
488 613
488 727
488 753
488 808
488 813
488 838
488 890
488 892
488 959
489 530
489 571
489 610
489 622
489 725
489 739
489 776
489 846
489 863
489 908
489 909
489 977
489 991
489 997
490 496
490 664
490 695
490 712
490 735
490 786
490 832
490 880
490 886
490 916
490 921
490 925
490 930
490 936
490 978
491 495
491 497
491 500
491 790
491 903
491 940
491 944
491 967
492 534
492 543
492 567
492 641
492 675
492 837
492 846
492 882
492 920
492 964
492 990
493 496
493 518
493 580
493 610
493 667
493 690
493 830
493 852
493 866
493 885
493 922
493 943
493 949
494 504
494 559
494 579
494 606
494 632
494 742
494 761
494 777
494 829
494 965
494 976
495 500
495 813
495 861
495 903
495 940
495 944
495 997
496 614
496 667
496 749
496 762
496 852
496 890
496 891
496 908
496 943
496 991
497 500
497 507
497 756
497 903
497 940
497 944
498 595
498 780
498 854
498 875
498 879
498 914
498 928
498 942
498 952
498 974
498 992
499 502
499 530
499 539
499 684
499 696
499 824
499 831
499 841
499 982
499 988
500 833
500 903
500 940
500 941
500 944
501 542
501 576
501 602
501 643
501 793
501 842
501 867
501 869
501 897
501 908
501 919
501 951
502 532
502 557
502 724
502 734
502 768
502 799
502 806
502 857
502 927
502 964
502 987
503 603
503 638
503 665
503 695
503 850
503 855
503 865
503 878
503 921
503 930
503 931
503 936
503 970
503 978
503 981
503 1000
504 559
504 579
504 606
504 632
504 751
504 761
504 777
504 829
504 896
504 976
505 567
505 715
505 840
505 860
505 874
505 910
506 532
506 557
506 558
506 601
506 611
506 644
506 645
506 802
506 836
506 888
506 922
506 960
506 982
507 633
507 675
507 728
507 920
507 956
507 996
508 523
508 526
508 581
508 609
508 675
508 723
508 899
508 913
508 974
508 975
508 996
509 537
509 551
509 567
509 683
509 715
509 840
509 860
509 875
509 910
510 600
510 735
510 828
510 856
510 914
510 927
510 964
510 987
511 522
511 557
511 575
511 591
511 658
511 672
511 775
511 798
511 845
511 848
511 864
511 896
511 937
512 681
512 683
512 705
512 707
512 742
512 763
512 807
512 850
512 862
512 887
512 900
512 961
512 963
512 967
512 968
513 527
513 572
513 604
513 605
513 652
513 724
513 727
513 808
513 847
513 853
513 890
513 959
513 990
514 560
514 592
514 608
514 648
514 650
514 672
514 731
514 754
514 811
515 518
515 546
515 581
515 637
515 689
515 703
515 776
515 787
515 893
515 916
515 937
515 966
515 997
516 542
516 555
516 570
516 619
516 626
516 654
516 732
516 765
516 856
516 879
516 962
516 980
517 644
517 681
517 684
517 836
517 901
517 908
517 912
517 922
517 950
518 662
518 668
518 677
518 689
518 762
518 773
518 817
518 877
518 919
518 943
518 966
518 973
519 562
519 611
519 627
519 685
519 717
519 751
519 769
519 774
519 851
519 873
520 556
520 562
520 627
520 685
520 751
520 769
520 774
520 851
520 987
521 532
521 554
521 613
521 635
521 732
521 750
521 756
521 771
521 824
521 876
521 953
521 979
521 982
522 647
522 697
522 764
522 775
522 845
522 896
522 904
522 918
522 963
522 981
523 525
523 526
523 609
523 728
523 779
523 837
523 843
523 844
523 882
523 920
523 956
524 544
524 546
524 564
524 566
524 592
524 614
524 648
524 650
524 754
524 877
524 915
524 954
525 553
525 565
525 645
525 655
525 679
525 688
525 851
525 881
525 902
526 534
526 543
526 590
526 617
526 653
526 728
526 920
526 988
526 996
527 615
527 619
527 689
527 700
527 816
527 836
527 857
527 864
527 932
527 960
527 979
527 987
528 530
528 538
528 589
528 680
528 701
528 711
528 826
528 831
528 861
528 874
528 883
528 911
528 913
528 950
528 975
528 986
528 994
529 604
529 618
529 669
529 771
529 944
530 573
530 582
530 749
530 758
530 793
530 836
530 908
530 916
530 918
530 973
531 572
531 605
531 652
531 720
531 727
531 753
531 778
531 808
531 813
531 847
531 853
531 892
531 894
531 952
531 967
532 543
532 554
532 646
532 684
532 745
532 841
532 876
532 912
532 932
533 608
533 619
533 682
533 726
533 755
533 790
533 824
533 836
533 927
533 979
533 982
534 617
534 641
534 653
534 723
534 728
534 863
534 899
534 920
534 925
534 954
534 986
534 996
535 575
535 638
535 659
535 708
535 832
535 886
535 921
535 925
535 931
535 936
535 946
535 970
535 978
535 1000
536 609
536 616
536 706
536 741
536 785
536 868
536 893
536 907
536 924
536 926
536 935
537 712
537 719
537 740
537 781
537 835
538 624
538 649
538 660
538 680
538 711
538 859
538 861
538 872
538 883
538 911
538 975
538 990
538 994
539 681
539 806
539 824
539 836
539 901
539 927
539 960
539 981
540 544
540 639
540 643
540 686
540 710
540 727
540 741
540 965
541 629
541 682
541 698
541 749
541 782
541 803
541 810
541 821
541 841
541 862
541 985
542 555
542 570
542 626
542 654
542 765
542 879
542 949
542 952
542 962
542 989
543 641
543 675
543 723
543 737
543 740
543 812
543 837
543 882
543 899
543 913
543 920
543 956
543 1000
544 676
544 710
544 713
544 792
544 815
544 898
544 983
545 621
545 623
545 767
545 783
545 788
545 819
545 820
545 868
545 885
545 888
545 891
545 955
546 563
546 564
546 648
546 705
546 711
546 731
546 915
546 954
546 979
547 550
547 597
547 611
547 619
547 621
547 636
547 732
547 868
547 892
547 922
547 932
547 987
548 552
548 578
548 620
548 722
548 875
548 914
548 928
548 942
548 952
548 969
549 557
549 598
549 636
549 726
549 760
549 856
549 922
549 957
549 979
550 572
550 639
550 686
550 741
550 762
550 923
550 965
551 567
551 683
551 715
551 840
551 860
551 863
551 910
551 919
552 578
552 620
552 651
552 667
552 692
552 710
552 730
552 875
552 914
552 928
552 942
552 952
552 974
552 994
552 1000
553 565
553 645
553 655
553 679
553 688
553 822
553 881
553 902
553 931
553 946
554 598
554 630
554 692
554 756
554 772
554 802
554 809
554 901
554 927
554 932
554 964
554 979
554 995
555 570
555 626
555 654
555 765
555 865
555 879
555 925
555 962
556 558
556 613
556 691
556 714
556 746
556 818
556 827
556 856
556 871
556 906
556 993
557 630
557 766
557 767
557 790
557 802
557 865
557 932
557 953
557 976
558 568
558 613
558 691
558 714
558 743
558 783
558 818
558 827
558 871
558 892
558 906
558 993
559 579
559 606
559 632
559 761
559 777
559 821
559 829
559 976
559 982
560 564
560 608
560 614
560 731
560 754
560 800
560 915
560 954
560 957
561 573
561 581
561 632
561 637
561 689
561 750
561 842
561 863
561 866
561 903
561 966
561 977
561 997
562 627
562 685
562 717
562 751
562 769
562 774
562 810
562 851
562 930
562 947
562 958
563 592
563 650
563 731
563 754
563 758
563 801
563 838
563 915
563 954
563 971
564 592
564 608
564 648
564 779
564 880
564 915
564 917
564 954
565 645
565 655
565 679
565 688
565 770
565 881
565 902
565 945
565 962
566 599
566 761
566 766
566 804
567 683
567 715
567 775
567 840
567 860
567 910
567 991
568 691
568 714
568 728
568 797
568 818
568 827
568 871
568 906
568 993
569 589
569 678
569 711
569 826
569 861
569 874
569 883
569 911
569 975
569 986
569 994
569 997
570 626
570 654
570 703
570 755
570 765
570 879
570 921
570 962
571 582
571 605
571 662
571 742
571 749
571 758
571 858
571 867
571 948
571 977
571 997
572 652
572 724
572 838
572 853
572 873
572 877
572 890
572 892
572 894
572 949
572 969
573 634
573 668
573 725
573 749
573 776
573 784
573 787
573 842
573 863
573 909
573 948
573 971
574 673
574 742
574 743
574 748
574 805
574 807
574 848
574 887
574 912
574 917
574 933
574 934
574 961
574 980
574 989
574 992
575 647
575 670
575 677
575 696
575 697
575 745
575 764
575 845
575 864
575 937
576 580
576 582
576 586
576 668
576 784
576 798
576 852
576 869
576 948
576 966
576 973
576 981
576 997
577 602
577 603
577 638
577 664
577 735
577 755
577 852
577 865
577 880
577 921
577 931
577 934
577 936
577 946
577 970
577 978
577 1000
578 620
578 631
578 692
578 716
578 722
578 780
578 854
578 912
578 928
578 969
578 974
579 606
579 632
579 761
579 777
579 829
579 869
579 891
579 892
579 976
580 587
580 602
580 642
580 668
580 696
580 787
580 852
580 943
580 951
580 964
580 991
581 602
581 703
581 750
581 908
581 948
581 997
582 656
582 703
582 716
582 727
582 803
582 866
582 867
582 908
582 943
582 969
582 997
583 637
583 662
583 695
583 725
583 739
583 776
583 782
583 916
583 943
583 947
583 973
583 977
583 988
583 994
583 997
584 612
584 752
584 825
584 843
585 589
585 607
585 624
585 680
585 861
585 874
585 883
585 911
585 975
585 986
585 994
586 589
586 634
586 683
586 725
586 749
586 793
586 842
586 856
586 947
586 966
586 973
586 977
587 602
587 610
587 614
587 615
587 751
587 758
587 776
587 793
587 858
587 897
587 966
587 972
587 973
587 997
588 612
588 627
588 629
588 657
588 742
588 744
588 748
588 770
588 801
588 809
588 887
588 934
588 961
588 963
588 967
588 968
588 980
588 999
589 692
589 701
589 711
589 826
589 848
589 859
589 861
589 871
589 874
589 883
589 911
589 975
589 994
590 733
590 811
590 823
590 831
590 905
590 907
590 923
590 945
590 957
590 958
590 968
590 983
590 998
591 625
591 647
591 658
591 663
591 696
591 729
591 764
591 775
591 795
591 864
591 881
591 896
591 923
591 937
592 608
592 708
592 731
592 754
592 915
592 935
592 949
592 954
593 598
593 635
593 636
593 796
593 834
593 841
593 856
593 857
593 922
593 977
593 1000
594 615
594 638
594 665
594 709
594 755
594 865
594 886
594 921
594 925
594 930
594 931
594 936
594 941
594 946
594 970
594 978
594 1000
595 649
595 654
595 722
595 738
595 769
595 780
595 854
595 875
595 914
595 952
595 969
596 600
596 607
596 643
596 791
596 801
596 878
596 920
596 941
596 948
596 971
596 981
597 600
597 649
597 681
597 726
597 745
597 799
597 841
597 858
597 895
597 924
597 979
597 988
598 699
598 772
598 828
598 912
598 975
598 982
599 612
599 792
599 804
599 918
599 947
600 601
600 628
600 661
600 684
600 726
600 789
600 790
600 826
600 828
600 984
600 987
601 615
601 628
601 681
601 699
601 708
601 745
601 795
601 816
601 901
601 960
601 984
601 988
602 610
602 642
602 662
602 769
602 772
602 908
602 947
602 973
603 638
603 664
603 665
603 708
603 832
603 855
603 864
603 925
603 931
603 936
603 946
603 970
603 978
603 983
603 1000
604 618
604 669
604 682
604 771
604 860
605 687
605 727
605 753
605 838
605 846
605 877
605 892
605 949
605 959
606 632
606 723
606 757
606 761
606 777
606 829
606 889
606 976
607 620
607 643
607 724
607 791
607 801
607 878
607 940
607 941
607 971
607 981
608 648
608 650
608 809
608 954
609 653
609 675
609 699
609 779
609 829
609 842
609 844
609 913
609 920
609 930
609 996
610 613
610 637
610 662
610 737
610 830
610 867
610 943
610 948
610 951
611 640
611 644
611 699
611 737
611 757
611 799
611 802
611 844
611 857
611 960
611 979
611 984
612 686
612 707
612 748
612 759
612 833
612 887
612 900
612 924
612 934
612 950
612 980
612 989
612 999
613 691
613 714
613 797
613 818
613 827
613 871
613 906
613 952
613 991
613 993
614 642
614 656
614 690
614 710
614 725
614 728
614 817
614 852
614 863
614 908
614 909
614 962
615 645
615 699
615 702
615 772
615 819
615 828
615 876
615 901
615 927
616 617
616 706
616 721
616 785
616 893
616 924
616 926
616 935
616 993
617 641
617 779
617 812
617 844
617 846
617 882
617 913
617 915
617 956
618 669
618 672
618 744
618 771
619 708
619 760
619 799
619 816
619 817
619 824
619 857
619 927
619 932
620 722
620 733
620 738
620 854
620 875
620 889
620 914
620 928
620 952
620 969
620 974
620 990
621 625
621 671
621 673
621 729
621 734
621 739
621 767
621 783
621 788
621 796
621 819
621 820
621 868
621 885
621 888
621 955
622 670
622 814
622 879
622 889
622 939
623 671
623 673
623 680
623 729
623 734
623 767
623 783
623 788
623 796
623 819
623 820
623 868
623 885
623 888
623 939
623 946
623 955
623 1000
624 678
624 701
624 711
624 811
624 826
624 855
624 861
624 872
624 883
624 911
624 956
624 975
624 986
624 994
624 997
625 663
625 666
625 677
625 697
625 775
625 795
625 848
625 864
625 896
625 904
625 914
625 918
625 937
626 639
626 654
626 730
626 765
626 846
626 879
626 962
627 685
627 751
627 769
627 774
627 831
627 851
627 977
628 636
628 649
628 745
628 768
628 799
628 856
628 876
628 912
628 945
628 953
629 682
629 698
629 782
629 793
629 803
629 810
629 821
629 906
629 985
630 649
630 702
630 732
630 759
630 789
630 876
630 908
630 912
630 932
630 961
631 722
631 738
631 780
631 854
631 914
631 928
631 942
631 943
631 969
631 974
632 642
632 761
632 777
632 829
632 883
632 976
633 653
633 675
633 728
633 755
633 812
633 844
633 882
633 899
633 920
633 956
633 996
634 656
634 690
634 708
634 751
634 758
634 842
634 899
634 909
634 919
634 966
634 973
635 644
635 684
635 772
635 782
635 789
635 799
635 831
635 984
635 988
636 757
636 845
636 856
636 857
636 878
636 912
636 922
636 979
637 645
637 656
637 697
637 737
637 750
637 806
637 858
637 916
637 919
637 991
638 659
638 695
638 708
638 760
638 880
638 921
638 931
638 936
638 946
638 970
638 978
638 1000
639 686
639 741
639 749
639 791
639 965
640 649
640 702
640 726
640 756
640 760
640 816
640 824
640 884
640 898
640 901
640 953
641 653
641 779
641 799
641 812
641 920
641 938
641 956
641 996
642 716
642 817
642 830
642 866
642 867
642 869
642 907
642 943
642 951
642 966
642 997
643 791
643 801
643 878
643 941
643 971
643 981
644 678
644 732
644 756
644 757
644 785
644 789
644 913
644 984
644 987
645 655
645 679
645 688
645 881
645 902
645 954
646 709
646 796
646 855
646 929
647 663
647 672
647 697
647 780
647 795
647 798
647 848
647 904
647 918
647 937
648 649
648 705
648 754
648 811
648 905
648 915
648 954
649 760
649 766
649 790
649 802
649 806
649 834
649 921
649 982
649 988
650 705
650 731
650 830
650 845
650 854
650 954
651 662
651 663
651 692
651 738
651 780
651 854
651 856
651 884
651 928
651 942
651 952
651 974
652 727
652 753
652 808
652 813
652 838
652 847
652 877
652 894
652 949
652 959
653 675
653 779
653 837
653 854
653 899
653 948
653 996
654 712
654 765
654 790
654 827
654 839
654 879
654 962
655 679
655 685
655 688
655 881
655 902
656 668
656 700
656 703
656 762
656 784
656 867
656 943
656 948
656 997
657 688
657 700
657 720
657 731
657 743
657 748
657 833
657 870
657 887
657 895
657 917
657 933
657 963
657 968
657 980
657 992
657 999
658 666
658 688
658 750
658 764
658 795
658 848
658 864
658 896
658 901
658 918
658 937
659 692
659 695
659 708
659 865
659 880
659 886
659 921
659 925
659 930
659 931
659 946
659 953
659 970
659 978
659 1000
660 662
660 704
660 718
660 747
660 822
660 849
660 884
660 922
661 726
661 745
661 756
661 760
661 810
661 824
661 834
661 856
661 857
661 873
661 899
661 901
662 667
662 749
662 750
662 830
662 882
662 977
663 666
663 697
663 743
663 775
663 795
663 798
663 845
663 861
663 864
663 904
663 918
663 937
664 665
664 694
664 735
664 745
664 832
664 855
664 880
664 930
664 931
664 936
664 970
664 978
664 1000
665 695
665 748
665 755
665 830
665 832
665 855
665 880
665 925
665 930
665 931
665 946
665 970
665 978
665 1000
666 672
666 677
666 690
666 694
666 733
666 775
666 795
666 798
666 845
666 848
666 904
666 918
666 937
666 974
666 996
667 668
667 748
667 758
667 762
667 776
667 784
667 830
667 858
667 866
667 891
667 909
667 943
667 951
667 965
667 991
668 690
668 748
668 784
668 877
668 897
668 916
668 919
668 951
668 973
669 747
669 771
670 814
670 889
670 931
670 939
671 718
671 734
671 767
671 783
671 788
671 796
671 819
671 820
671 868
671 888
671 916
671 955
672 677
672 697
672 795
672 798
672 817
672 845
672 896
672 904
672 918
672 937
673 729
673 734
673 767
673 768
673 783
673 788
673 796
673 819
673 820
673 868
673 885
673 888
673 955
674 693
674 709
674 773
674 786
674 825
674 839
674 846
674 919
674 938
674 972
674 990
675 713
675 716
675 723
675 779
675 844
675 882
675 897
675 899
675 954
675 956
676 685
676 710
676 713
676 792
676 898
676 966
677 684
677 696
677 697
677 795
677 798
677 864
677 896
677 904
677 918
678 711
678 740
678 826
678 830
678 859
678 861
678 872
678 874
678 911
678 975
678 986
678 994
679 688
679 773
679 881
679 902
679 955
680 701
680 711
680 767
680 826
680 874
680 883
680 911
680 975
680 986
680 994
681 684
681 726
681 790
681 834
681 848
681 857
681 891
681 979
681 982
682 684
682 698
682 782
682 803
682 810
682 821
682 985
683 715
683 779
683 840
683 860
683 910
683 936
683 981
684 757
684 802
684 806
684 824
684 834
684 841
684 964
684 988
685 751
685 769
685 774
685 851
685 873
685 876
686 741
686 816
686 839
686 965
686 973
687 753
687 784
687 808
687 809
687 813
687 838
687 847
687 877
687 890
687 892
687 894
687 912
687 949
688 689
688 853
688 881
688 902
689 725
689 739
689 796
689 832
689 852
689 858
689 891
689 943
689 947
689 973
689 991
690 784
690 866
690 891
690 909
690 919
690 977
690 991
691 714
691 769
691 797
691 818
691 827
691 859
691 871
691 906
691 993
692 722
692 738
692 856
692 875
692 928
692 942
692 952
692 969
692 974
693 709
693 773
693 786
693 825
693 839
693 846
693 930
693 933
693 938
693 957
693 972
693 990
693 993
694 696
694 697
694 735
694 764
694 795
694 798
694 845
694 848
694 904
694 951
695 735
695 755
695 855
695 865
695 886
695 921
695 925
695 930
695 946
695 961
695 970
695 978
695 1000
696 764
696 798
696 845
696 848
696 864
696 918
696 937
696 953
697 764
697 775
697 789
697 795
697 848
697 896
697 903
697 904
697 922
697 937
698 782
698 784
698 788
698 803
698 810
698 821
698 985
699 732
699 806
699 837
699 857
699 901
699 912
699 932
699 984
699 988
700 707
700 743
700 744
700 759
700 763
700 794
700 800
700 870
700 895
700 950
700 961
700 989
700 992
701 711
701 766
701 826
701 859
701 861
701 872
701 874
701 883
701 911
701 975
701 986
701 994
702 707
702 763
702 768
702 806
702 841
702 927
702 958
703 737
703 739
703 852
703 858
703 909
703 910
704 706
704 718
704 747
704 822
704 849
704 884
704 899
704 917
704 990
705 731
705 754
705 859
705 915
705 954
705 964
706 785
706 834
706 841
706 893
706 924
706 926
706 935
707 743
707 744
707 748
707 759
707 770
707 772
707 800
707 833
707 862
707 870
707 900
707 935
707 961
707 963
707 967
707 968
708 735
708 755
708 855
708 865
708 880
708 886
708 921
708 925
708 930
708 931
708 978
708 1000
709 773
709 786
709 825
709 839
709 846
709 938
709 972
709 990
709 997
710 713
710 792
710 898
711 716
711 780
711 861
711 874
711 883
711 975
711 986
711 994
711 997
712 719
712 740
712 781
712 835
713 715
713 777
713 792
713 898
714 797
714 802
714 818
714 827
714 852
714 871
714 889
714 906
714 984
714 993
715 840
715 857
715 860
715 910
715 994
716 784
716 793
716 842
716 852
716 943
716 947
716 973
717 725
717 751
717 769
717 774
717 776
717 851
718 747
718 822
718 849
718 867
718 884
718 973
719 740
719 781
719 834
719 835
719 854
719 870
719 874
719 912
720 742
720 763
720 778
720 794
720 833
720 887
720 917
720 963
720 967
720 968
720 989
720 999
721 731
721 733
721 748
721 770
721 778
721 809
721 850
721 870
721 887
721 900
721 933
721 968
721 980
721 985
721 989
721 992
721 999
722 730
722 738
722 780
722 786
722 787
722 854
722 875
722 912
722 914
722 928
722 942
722 952
722 969
723 812
723 837
723 844
723 851
723 882
723 886
723 899
723 920
723 931
723 956
723 996
724 727
724 808
724 838
724 847
724 849
724 873
724 877
724 894
724 949
724 959
725 762
725 775
725 784
725 787
725 830
725 842
725 863
725 866
725 869
725 948
725 977
726 763
726 828
726 895
726 910
726 953
726 960
726 982
727 813
727 847
727 890
727 892
727 894
727 949
727 959
728 730
728 844
728 882
728 899
728 913
728 924
728 990
728 996
729 734
729 767
729 783
729 788
729 796
729 819
729 820
729 868
729 885
729 888
729 955
729 973
729 1000
730 738
730 780
730 875
730 914
730 928
730 936
730 942
730 952
730 974
731 905
731 915
731 954
731 998
732 756
732 768
732 834
732 836
732 876
732 888
732 901
732 964
732 966
732 994
733 804
733 811
733 823
733 905
733 907
733 923
733 945
733 957
733 958
733 983
733 998
734 767
734 783
734 796
734 819
734 820
734 868
734 869
734 885
734 888
734 955
735 832
735 855
735 886
735 921
735 925
735 929
735 930
735 931
735 936
735 945
735 946
735 970
735 978
735 1000
736 746
736 748
736 754
736 815
736 824
736 982
736 995
737 776
737 784
737 852
737 858
737 860
737 869
737 908
737 948
737 973
737 991
738 832
738 854
738 875
738 925
738 928
738 942
738 969
738 972
738 974
738 982
739 741
739 787
739 817
739 852
739 858
739 904
739 908
739 916
739 943
739 947
740 781
740 828
740 835
741 965
742 748
742 759
742 770
742 847
742 895
742 900
742 950
742 960
742 963
742 980
742 989
742 992
742 999
743 744
743 747
743 763
743 794
743 800
743 807
743 862
743 870
743 872
743 887
743 895
743 900
743 989
743 992
743 999
744 768
744 770
744 794
744 807
744 850
744 862
744 887
744 895
744 896
744 950
744 961
744 963
744 968
744 992
745 799
745 816
745 856
745 932
745 939
745 984
745 987
745 988
746 788
746 815
746 950
746 960
746 994
746 995
747 793
747 822
747 849
747 884
747 956
748 794
748 807
748 809
748 870
748 917
748 933
748 961
748 980
748 999
749 776
749 784
749 817
749 830
749 867
749 897
749 919
749 966
749 997
750 787
750 842
750 856
750 866
750 869
750 891
750 892
750 916
750 948
750 951
751 769
751 774
751 818
751 851
752 843
752 985
753 789
753 813
753 838
753 853
753 871
753 873
753 877
753 890
753 892
753 894
753 949
753 959
754 827
754 915
754 954
755 832
755 855
755 865
755 880
755 921
755 930
755 931
755 946
755 970
755 978
755 1000
756 761
756 766
756 768
756 802
756 856
756 900
756 964
756 982
757 768
757 799
757 816
757 830
757 834
757 835
757 901
757 947
757 979
757 988
758 776
758 787
758 854
758 869
758 897
758 919
758 948
758 977
758 997
759 770
759 778
759 833
759 862
759 867
759 895
759 900
759 924
759 934
759 963
759 968
759 989
759 992
760 834
760 856
760 876
760 912
760 932
760 934
760 953
760 960
761 777
761 780
761 829
761 976
762 776
762 838
762 845
762 863
762 867
762 909
762 943
762 966
762 973
763 770
763 778
763 794
763 800
763 805
763 823
763 850
763 887
763 934
763 950
763 961
763 980
763 989
764 795
764 798
764 823
764 845
764 864
764 904
764 918
764 937
765 791
765 834
765 879
765 962
766 834
766 836
766 889
766 901
766 979
766 982
766 984
766 987
766 988
767 783
767 788
767 796
767 801
767 819
767 868
767 885
767 888
767 943
767 955
768 831
768 934
768 979
768 987
769 851
769 929
770 794
770 800
770 833
770 851
770 864
770 891
770 933
770 934
770 961
770 963
770 980
770 992
770 999
771 825
771 888
771 980
772 779
772 789
772 802
772 816
772 841
772 856
772 953
772 979
772 986
773 786
773 825
773 839
773 846
773 905
773 932
773 938
773 972
773 990
774 835
774 851
774 855
774 967
775 792
775 798
775 807
775 845
775 848
775 896
775 937
775 985
776 787
776 863
776 897
776 908
776 916
776 966
777 782
777 829
777 898
777 961
777 976
778 800
778 805
778 850
778 870
778 895
778 900
778 920
778 963
778 967
778 980
778 989
779 812
779 837
779 899
779 920
779 956
779 957
779 965
780 914
780 952
780 969
780 978
781 835
781 842
781 860
781 972
781 1000
782 803
782 810
782 821
782 985
783 819
783 820
783 868
783 885
783 888
783 903
783 955
783 984
784 947
784 951
784 953
784 997
785 790
785 893
785 904
785 924
785 926
785 935
786 825
786 839
786 846
786 938
786 972
786 974
786 990
787 793
787 858
787 895
787 908
787 919
787 948
787 977
788 796
788 819
788 820
788 868
788 885
788 887
788 888
788 942
788 955
789 796
789 803
789 816
789 819
789 828
789 927
789 932
789 960
789 964
789 987
789 988
790 802
790 918
790 953
790 964
790 984
790 987
791 797
791 801
791 878
791 896
791 941
791 971
791 981
792 802
792 898
792 976
793 830
793 842
793 866
793 872
793 897
793 908
793 910
793 948
793 997
794 807
794 833
794 850
794 862
794 874
794 887
794 894
794 933
794 961
794 968
794 980
794 989
794 992
795 797
795 799
795 845
795 848
795 864
795 896
795 918
795 937
796 819
796 820
796 868
796 885
796 888
796 915
796 955
797 818
797 827
797 871
797 902
797 906
797 919
797 993
798 848
798 896
798 904
798 918
798 937
798 967
799 807
799 831
799 876
799 892
799 979
799 982
800 807
800 809
800 833
800 917
800 929
800 938
800 950
800 961
800 989
800 999
801 849
801 878
801 941
801 971
801 981
802 876
802 922
802 960
802 982
803 810
803 821
803 851
803 985
804 853
804 932
805 807
805 809
805 813
805 850
805 887
805 895
805 900
805 917
805 950
805 959
805 961
805 963
805 989
805 992
806 831
806 836
806 841
806 857
806 890
806 922
806 953
807 833
807 862
807 887
807 917
807 933
807 934
807 961
807 989
807 998
808 813
808 853
808 873
808 877
808 890
808 892
808 959
808 986
809 833
809 862
809 869
809 895
809 917
809 934
809 950
809 961
809 963
809 967
809 968
809 971
809 980
809 989
810 821
810 864
810 985
811 823
811 835
811 905
811 907
811 923
811 945
811 957
811 958
811 983
811 998
812 837
812 844
812 905
812 913
812 920
812 956
812 996
813 819
813 847
813 853
813 873
813 892
813 894
813 949
813 959
814 820
814 889
814 939
814 970
814 978
815 849
815 890
815 907
815 995
816 871
816 932
816 953
816 979
817 826
817 858
817 867
817 908
817 916
817 939
817 951
817 992
817 997
818 827
818 871
818 906
818 918
818 978
818 993
819 820
819 868
819 885
819 888
819 955
819 979
820 868
820 885
820 888
820 890
820 955
820 957
820 993
821 830
821 863
821 902
821 942
821 985
822 831
822 849
822 884
822 927
822 955
823 881
823 905
823 907
823 923
823 945
823 957
823 958
823 972
823 983
823 998
824 857
824 876
824 902
824 922
824 927
824 946
824 953
824 982
824 999
825 839
825 846
825 938
825 939
825 972
825 990
826 859
826 861
826 874
826 883
826 911
826 917
826 927
826 975
826 986
826 994
827 858
827 871
827 894
827 906
827 993
828 876
828 922
828 932
828 984
828 987
828 988
828 996
829 976
829 985
829 993
830 858
830 863
830 867
830 870
830 908
830 919
830 947
830 948
830 973
831 834
831 856
831 867
831 932
831 964
831 982
831 984
832 837
832 855
832 865
832 880
832 921
832 925
832 936
832 970
832 978
832 1000
833 850
833 862
833 895
833 900
833 933
833 950
833 968
833 980
833 989
833 992
834 856
834 922
834 964
834 982
834 984
834 995
835 869
835 971
835 977
836 858
836 869
836 876
836 885
836 912
836 960
836 984
836 988
837 844
837 882
837 884
837 887
837 899
837 913
837 956
838 847
838 853
838 873
838 892
838 949
838 959
838 992
839 846
839 853
839 882
839 938
839 972
839 990
840 860
840 910
840 940
840 986
841 857
841 876
841 922
841 927
841 928
841 953
841 964
841 970
841 987
842 852
842 858
842 866
842 891
842 897
842 916
842 948
842 951
842 966
843 957
843 973
844 899
844 913
845 848
845 864
845 916
845 918
845 927
845 934
845 937
846 938
846 940
846 972
846 990
847 853
847 877
847 892
847 894
847 949
847 959
847 963
848 864
848 896
848 904
848 918
848 943
849 857
849 884
849 982
850 862
850 865
850 870
850 887
850 933
850 934
850 950
850 967
850 968
850 980
850 992
850 999
851 918
852 863
852 866
852 869
852 916
852 943
852 947
852 951
852 961
852 966
852 973
852 997
853 873
853 877
853 890
853 894
853 949
853 959
854 914
854 928
854 942
854 969
854 974
855 858
855 880
855 921
855 925
855 931
855 936
855 940
855 946
855 978
855 1000
856 912
856 960
856 964
857 873
857 876
857 894
857 912
857 933
858 866
858 867
858 891
858 908
858 909
858 919
858 943
858 951
858 963
859 872
859 874
859 876
859 883
859 911
859 975
859 986
859 994
859 998
860 868
860 910
860 989
861 872
861 874
861 883
861 910
861 975
861 986
861 994
862 887
862 895
862 933
862 934
862 963
862 967
862 992
863 869
863 891
863 897
863 919
863 937
863 947
863 951
863 991
864 896
864 904
865 880
865 886
865 889
865 925
865 930
865 931
865 936
865 946
865 970
865 1000
866 869
866 877
866 897
866 908
866 951
866 970
866 973
866 974
866 997
867 869
867 909
867 951
867 992
868 885
868 888
868 955
869 897
869 908
869 916
869 943
869 947
869 997
870 874
870 887
870 895
870 934
870 944
870 947
870 961
870 963
870 967
870 968
870 980
871 906
871 914
871 993
872 874
872 911
872 975
872 986
872 987
872 994
873 877
873 890
873 894
873 942
873 949
873 959
874 883
874 886
874 911
874 975
874 986
874 994
875 883
875 895
875 897
875 928
875 942
875 952
875 969
875 974
876 912
876 953
877 890
877 892
877 949
877 959
878 880
878 941
878 971
878 981
879 912
879 962
880 886
880 910
880 921
880 925
880 931
880 936
880 946
880 970
880 1000
881 886
881 902
882 899
882 906
882 913
882 919
882 920
882 923
882 996
883 887
883 931
883 944
883 963
883 975
883 986
883 994
884 905
885 888
885 955
885 996
886 921
886 925
886 930
886 936
886 946
886 960
886 968
886 970
886 978
886 1000
887 900
887 950
887 963
887 967
887 976
887 980
887 990
888 893
888 955
888 987
889 939
890 894
890 949
890 959
891 919
891 951
891 972
891 973
892 894
892 944
892 949
892 959
893 896
893 924
893 926
893 935
894 949
894 959
895 900
895 961
895 963
895 968
895 977
895 980
895 989
895 999
896 918
896 937
896 984
897 908
897 909
897 919
897 997
898 933
899 913
899 927
900 907
900 911
900 917
900 933
900 934
900 950
900 961
900 963
900 967
900 992
900 999
901 902
901 912
901 922
901 927
901 932
901 982
901 987
902 921
903 913
903 940
903 944
904 911
904 937
904 969
905 907
905 923
905 945
905 957
905 958
905 983
905 998
906 993
906 996
907 923
907 945
907 957
907 958
907 983
907 998
908 909
908 927
908 948
908 991
909 919
909 943
909 946
909 950
909 951
909 972
909 991
910 966
911 946
911 964
911 975
911 986
911 994
912 953
912 960
912 987
913 920
913 929
913 996
914 928
914 952
914 974
914 977
915 916
915 954
916 918
916 920
916 947
917 926
917 933
917 950
917 967
917 968
917 980
917 981
917 995
918 921
918 937
919 947
920 922
920 945
920 956
920 996
921 930
921 936
921 945
921 946
921 978
921 1000
922 932
922 981
923 945
923 957
923 958
923 983
923 998
924 926
924 935
925 930
925 931
925 936
925 970
925 978
925 1000
926 935
927 932
927 938
927 964
928 942
928 969
928 972
928 974
929 983
930 931
930 932
930 935
930 936
930 946
930 970
930 978
930 1000
931 946
931 970
931 975
931 978
931 1000
932 966
933 934
933 937
933 949
933 950
933 982
933 992
933 999
934 958
934 960
934 961
934 967
934 989
934 992
934 999
936 940
936 941
936 946
936 978
936 1000
938 972
938 990
938 992
939 979
940 944
941 971
941 981
941 999
942 949
942 952
942 962
942 969
942 974
942 985
943 947
943 977
943 987
943 991
944 970
945 951
945 957
945 958
945 964
945 983
945 998
946 948
946 958
946 970
946 978
946 1000
947 951
947 991
948 951
948 966
948 971
948 973
949 959
950 961
950 967
950 978
950 999
951 977
952 961
952 969
952 974
953 959
953 960
953 984
954 991
955 970
955 998
956 996
957 958
957 983
957 998
958 974
958 983
958 998
960 982
961 968
961 989
963 999
964 984
965 985
966 977
966 984
966 991
966 997
967 968
967 980
967 992
968 980
968 992
968 999
970 1000
971 981
972 990
972 998
973 974
973 977
973 978
975 986
975 994
977 991
978 980
979 982
979 984
979 987
980 989
980 992
983 986
983 998
984 987
986 994
986 995
987 988
987 999
989 992
992 999
994 998
995 1000
