1 256
1 260
1 294
1 423
1 699
1 732
1 912
1 915
1 932
1 979
1 982
1 984
2 4
2 35
2 110
2 307
2 339
2 583
2 590
2 725
2 762
2 867
2 908
2 909
3 50
3 85
3 99
3 184
3 341
3 414
3 575
3 628
3 640
3 745
3 766
3 789
4 201
4 386
4 422
4 556
5 240
5 568
5 691
5 714
5 818
5 827
5 871
5 906
5 913
5 967
5 993
5 999
6 125
6 159
6 248
6 464
6 580
6 587
6 762
6 779
6 784
6 852
6 863
6 909
7 171
7 429
7 648
7 755
7 773
7 832
7 855
7 886
7 936
7 946
7 970
7 978
8 256
8 348
8 395
8 424
8 426
8 483
8 552
8 731
8 738
8 914
8 969
8 995
9 231
9 307
9 393
9 484
9 602
9 753
9 863
9 948
9 973
9 979
9 991
9 997
10 129
10 548
10 578
10 651
10 669
10 676
10 812
10 854
10 914
10 928
10 942
10 964
11 54
11 148
11 294
11 384
11 501
11 575
11 717
11 732
11 765
11 867
11 897
11 943
12 116
12 248
12 264
12 341
12 460
12 627
12 637
12 656
12 765
12 768
12 842
12 991
13 185
13 191
13 232
13 602
13 644
13 743
13 932
13 949
13 960
13 964
13 982
13 984
14 179
14 202
14 354
14 540
14 660
14 718
14 822
14 845
14 849
14 928
14 939
14 965
15 17
15 60
15 303
15 325
15 367
15 413
15 415
15 481
15 548
15 651
15 771
15 942
16 274
16 280
16 398
16 733
16 769
16 884
16 919
16 921
16 923
16 924
16 945
16 957
17 286
17 401
17 512
17 543
17 800
17 809
17 900
17 933
17 934
17 950
17 980
18 285
18 353
18 455
18 600
18 647
18 658
18 684
18 775
18 798
18 813
18 896
18 918
19 24
19 69
19 74
19 703
19 716
19 725
19 776
19 842
19 851
19 867
19 891
19 908
20 179
20 315
20 413
20 453
20 567
20 604
20 666
20 771
20 840
20 942
20 944
20 969
21 180
21 589
21 694
21 701
21 826
21 859
21 861
21 874
21 975
21 985
21 986
21 994
22 31
22 175
22 360
22 377
22 461
22 604
22 669
22 730
22 771
22 780
22 889
22 966
23 68
23 78
23 135
23 200
23 282
23 400
23 567
23 661
23 771
23 860
23 875
23 928
24 81
24 343
24 493
24 627
24 648
24 716
24 774
24 787
24 832
24 842
24 858
25 27
25 140
25 207
25 352
25 520
25 667
25 685
25 758
25 820
25 839
25 947
25 977
26 27
26 161
26 164
26 344
26 423
26 427
26 760
26 834
26 960
26 964
26 988
26 991
27 185
27 294
27 532
27 614
27 799
27 806
27 922
27 979
27 982
27 988
28 110
28 455
28 456
28 502
28 611
28 628
28 636
28 640
28 745
28 816
28 987
28 992
29 194
29 388
29 516
29 542
29 555
29 570
29 640
29 654
29 677
29 792
29 824
29 962
30 73
30 177
30 449
30 483
30 506
30 592
30 705
30 754
30 781
30 825
30 938
30 954
31 367
31 426
31 529
31 578
31 610
31 630
31 854
31 875
31 910
31 914
31 998
32 451
32 631
32 767
32 783
32 796
32 810
32 820
32 868
32 885
32 888
32 927
32 955
33 74
33 144
33 185
33 265
33 437
33 617
33 635
33 726
33 743
33 771
33 857
33 917
34 155
34 262
34 317
34 439
34 481
34 604
34 720
34 722
34 730
34 780
34 914
34 974
35 317
35 467
35 518
35 586
35 737
35 751
35 774
35 863
35 869
35 905
35 934
36 155
36 186
36 240
36 724
36 795
36 838
36 847
36 861
36 873
36 892
36 949
36 959
37 195
37 413
37 439
37 607
37 715
37 722
37 730
37 747
37 910
37 914
37 942
37 954
38 202
38 278
38 380
38 588
38 612
38 748
38 765
38 794
38 809
38 887
38 963
38 999
39 139
39 170
39 213
39 243
39 394
39 544
39 676
39 710
39 713
39 723
39 882
39 898
40 310
40 433
40 597
40 600
40 745
40 766
40 770
40 789
40 790
40 816
40 866
40 912
41 233
41 296
41 646
41 674
41 693
41 709
41 721
41 741
41 773
41 786
41 972
41 990
42 147
42 456
42 510
42 601
42 611
42 640
42 756
42 772
42 801
42 831
42 901
42 912
43 107
43 133
43 332
43 397
43 453
43 527
43 539
43 640
43 671
43 768
43 772
43 789
44 276
44 378
44 432
44 485
44 560
44 572
44 578
44 731
44 754
44 825
44 915
44 954
45 156
45 289
45 700
45 744
45 748
45 763
45 770
45 933
45 968
45 980
45 981
45 989
46 442
46 525
46 526
46 543
46 551
46 609
46 633
46 641
46 653
46 723
46 920
46 956
47 224
47 548
47 646
47 674
47 693
47 709
47 741
47 773
47 786
47 864
47 972
47 990
48 127
48 435
48 480
48 540
48 629
48 718
48 720
48 822
48 835
48 845
48 939
48 965
49 329
49 416
49 624
49 711
49 826
49 863
49 872
49 883
49 911
49 975
49 986
49 994
50 184
50 491
50 597
50 611
50 628
50 654
50 768
50 828
50 831
50 836
50 874
51 81
51 99
51 196
51 259
51 300
51 527
51 756
51 841
51 871
51 876
51 927
51 987
52 295
52 366
52 503
52 691
52 714
52 738
52 797
52 853
52 871
52 906
52 967
52 993
53 427
53 428
53 429
53 659
53 673
53 886
53 921
53 930
53 931
53 936
53 946
53 970
54 261
54 408
54 501
54 587
54 750
54 787
54 866
54 891
54 931
54 934
54 991
55 285
55 514
55 575
55 666
55 672
55 694
55 775
55 784
55 798
55 848
55 918
55 966
56 440
56 607
56 722
56 791
56 801
56 804
56 823
56 878
56 941
56 949
56 971
56 981
57 318
57 344
57 416
57 585
57 616
57 706
57 785
57 864
57 893
57 894
57 926
57 935
58 144
58 185
58 383
58 598
58 635
58 675
58 694
58 806
58 856
58 953
58 958
58 984
59 307
59 397
59 597
59 611
59 628
59 750
59 756
59 816
59 831
59 836
59 901
59 953
60 79
60 200
60 283
60 390
60 413
60 529
60 532
60 630
60 683
60 840
60 910
61 102
61 121
61 148
61 393
61 561
61 690
61 698
61 817
61 830
61 897
61 916
61 977
62 227
62 537
62 712
62 740
62 746
62 879
62 910
62 951
63 137
63 161
63 193
63 289
63 301
63 390
63 678
64 349
64 455
64 511
64 575
64 666
64 729
64 798
64 838
64 848
64 880
64 918
64 937
65 374
65 615
65 624
65 644
65 834
65 856
65 882
65 953
65 971
65 979
65 982
65 984
66 102
66 144
66 159
66 201
66 581
66 583
66 717
66 776
66 858
66 863
66 987
66 991
67 330
67 359
67 384
67 558
67 613
67 649
67 691
67 818
67 871
67 906
67 967
67 993
68 345
68 486
68 509
68 553
68 610
68 645
68 655
68 688
68 881
68 902
68 998
69 163
69 514
69 742
69 744
69 763
69 900
69 933
69 950
69 961
69 963
69 999
70 144
70 306
70 433
70 517
70 726
70 732
70 757
70 802
70 824
70 953
70 988
70 989
71 143
71 272
71 439
71 440
71 476
71 727
71 808
71 813
71 838
71 853
71 873
71 894
72 123
72 182
72 313
72 507
72 617
72 738
72 812
72 844
72 899
72 929
72 956
72 996
73 190
73 245
73 299
73 485
73 546
73 560
73 564
73 611
73 650
73 825
73 954
74 427
74 547
74 598
74 635
74 649
74 696
74 732
74 857
74 922
74 932
75 114
75 375
75 402
75 404
75 448
75 478
75 491
75 566
75 690
75 903
75 929
75 940
76 300
76 332
76 362
76 463
76 510
76 597
76 628
76 789
76 828
76 841
76 927
76 994
77 364
77 618
77 671
77 767
77 783
77 788
77 796
77 820
77 868
77 885
77 888
77 955
78 200
78 256
78 395
78 413
78 464
78 578
78 584
78 620
78 692
78 741
78 969
79 646
79 674
79 693
79 709
79 741
79 771
79 773
79 786
79 909
79 972
79 990
80 95
80 680
80 859
80 861
80 869
80 872
80 874
80 883
80 911
80 975
80 986
80 994
81 235
81 407
81 476
81 520
81 631
81 690
81 703
81 830
81 919
81 977
82 134
82 250
82 442
82 543
82 626
82 723
82 779
82 882
82 913
82 920
82 956
82 988
83 126
83 285
83 368
83 658
83 672
83 705
83 773
83 795
83 798
83 848
83 904
83 937
84 513
84 572
84 652
84 740
84 808
84 873
84 890
84 892
84 894
84 900
84 944
84 959
85 98
85 127
85 414
85 605
85 636
85 766
85 831
85 836
85 876
85 927
85 987
86 293
86 385
86 441
86 443
86 616
86 706
86 785
86 864
86 893
86 904
86 926
86 935
87 377
87 413
87 453
87 578
87 669
87 738
87 764
87 793
87 854
87 914
87 942
87 974
88 330
88 366
88 568
88 624
88 788
88 797
88 818
88 871
88 906
88 967
88 984
88 993
89 330
89 522
89 558
89 560
89 714
89 716
89 818
89 871
89 906
89 933
89 967
89 993
90 215
90 523
90 704
90 718
90 736
90 822
90 835
90 845
90 849
90 939
90 965
90 974
91 241
91 265
91 473
91 615
91 619
91 763
91 798
91 856
91 922
91 964
91 984
91 996
92 346
92 476
92 558
92 568
92 797
92 818
92 827
92 871
92 893
92 906
92 967
92 993
93 96
93 338
93 368
93 515
93 594
93 729
93 764
93 795
93 835
93 896
93 904
93 937
94 125
94 699
94 702
94 742
94 802
94 856
94 857
94 879
94 917
94 953
94 964
94 988
95 119
95 166
95 508
95 523
95 534
95 641
95 675
95 812
95 837
95 844
95 996
96 662
96 663
96 729
96 764
96 795
96 798
96 896
96 904
96 918
96 937
96 938
97 488
97 545
97 673
97 783
97 788
97 819
97 820
97 868
97 885
97 888
97 955
97 989
98 248
98 312
98 340
98 573
98 602
98 749
98 750
98 758
98 863
98 908
98 992
99 110
99 300
99 371
99 533
99 541
99 766
99 811
99 828
99 841
99 912
100 149
100 194
100 216
100 602
100 639
100 660
100 686
100 704
100 718
100 882
100 939
100 965
101 270
101 594
101 595
101 659
101 695
101 723
101 832
101 846
101 880
101 921
101 931
101 936
102 228
102 300
102 634
102 716
102 735
102 762
102 852
102 919
102 943
102 977
103 141
103 505
103 574
103 700
103 887
103 900
103 920
103 934
103 939
103 950
103 980
103 992
103 999
104 152
104 304
104 622
104 804
104 814
104 906
105 106
105 266
105 324
105 601
105 611
105 636
105 681
105 739
105 768
105 836
105 876
105 901
105 912
106 117
106 499
106 506
106 530
106 598
106 699
106 799
106 834
106 856
106 922
106 960
106 979
107 401
107 456
107 485
107 597
107 711
107 734
107 766
107 772
107 816
107 876
107 901
107 927
108 135
108 256
108 262
108 268
108 400
108 413
108 481
108 618
108 652
108 722
108 942
108 958
108 974
109 210
109 323
109 347
109 356
109 492
109 641
109 728
109 821
109 844
109 882
109 910
109 952
109 996
110 334
110 456
110 533
110 540
110 597
110 790
110 828
110 901
110 927
110 987
111 131
111 247
111 292
111 447
111 486
111 509
111 679
111 688
111 732
111 838
111 881
111 902
111 998
112 134
112 629
112 682
112 698
112 735
112 782
112 803
112 810
112 821
112 896
112 902
112 938
112 985
113 378
113 553
113 657
113 742
113 763
113 770
113 805
113 814
113 850
113 895
113 947
113 980
113 992
114 234
114 375
114 420
114 478
114 497
114 500
114 566
114 852
114 854
114 903
114 929
114 940
115 443
115 536
115 585
115 616
115 702
115 706
115 785
115 864
115 893
115 895
115 926
115 935
115 976
116 148
116 408
116 468
116 519
116 725
116 774
116 830
116 842
116 847
116 897
116 919
116 973
117 260
117 499
117 799
117 815
117 817
117 824
117 834
117 857
117 932
117 979
117 982
117 984
118 214
118 271
118 300
118 332
118 343
118 414
118 593
118 600
118 605
118 628
118 768
118 796
118 987
119 494
119 559
119 579
119 632
119 696
119 734
119 761
119 777
119 829
119 976
119 989
119 1000
120 204
120 368
120 553
120 591
120 625
120 658
120 666
120 778
120 780
120 798
120 896
120 904
120 918
121 342
121 514
121 700
121 744
121 848
121 850
121 934
121 961
121 968
121 980
121 989
121 992
122 123
122 392
122 415
122 482
122 485
122 563
122 608
122 667
122 705
122 719
122 754
122 781
122 941
123 310
123 347
123 418
123 633
123 675
123 722
123 902
123 913
123 920
123 952
123 956
124 509
124 553
124 565
124 570
124 645
124 679
124 688
124 827
124 881
124 902
124 990
124 998
125 423
125 510
125 539
125 699
125 732
125 743
125 799
125 802
125 847
125 932
125 988
126 455
126 469
126 591
126 663
126 666
126 697
126 775
126 798
126 839
126 848
126 904
126 942
127 196
127 343
127 393
127 468
127 549
127 569
127 628
127 790
127 831
127 876
127 901
128 135
128 297
128 367
128 453
128 481
128 715
128 747
128 914
128 917
128 942
128 969
128 974
128 987
129 159
129 175
129 179
129 268
129 395
129 620
129 683
129 692
129 730
129 840
129 849
129 910
130 181
130 209
130 328
130 339
130 417
130 430
130 538
130 599
130 836
131 389
131 392
131 509
131 525
131 565
131 645
131 679
131 719
131 881
131 902
131 922
131 998
132 441
132 444
132 536
132 585
132 616
132 632
132 706
132 785
132 864
132 893
132 926
132 935
132 941
133 263
133 371
133 661
133 684
133 756
133 772
133 790
133 831
133 864
133 876
133 947
133 987
134 237
134 369
134 492
134 507
134 631
134 723
134 772
134 779
134 812
134 837
134 996
135 153
135 317
135 358
135 595
135 630
135 715
135 824
135 840
135 875
135 914
136 165
136 474
136 584
136 592
136 606
136 752
136 843
136 925
136 945
136 995
137 193
137 289
137 301
137 678
137 787
137 847
137 967
138 259
138 332
138 343
138 414
138 478
138 628
138 681
138 684
138 730
138 828
138 842
138 876
138 901
139 596
139 643
139 791
139 801
139 804
139 823
139 878
139 941
139 971
139 975
139 981
139 991
140 239
140 437
140 439
140 493
140 581
140 685
140 689
140 750
140 762
140 780
140 906
140 991
141 471
141 657
141 778
141 852
141 862
141 870
141 895
141 900
141 963
141 971
141 992
141 999
142 456
142 468
142 502
142 525
142 597
142 684
142 740
142 772
142 828
142 841
142 863
142 912
142 927
143 208
143 513
143 808
143 853
143 873
143 877
143 887
143 892
143 894
143 942
143 949
143 959
144 394
144 446
144 517
144 547
144 802
144 917
144 922
144 964
144 988
145 190
145 262
145 352
145 582
145 692
145 739
145 774
145 787
145 799
145 866
145 909
145 966
145 991
146 744
146 795
146 805
146 807
146 809
146 887
146 894
146 950
146 961
146 963
146 980
146 989
146 999
147 161
147 275
147 549
147 721
147 763
147 778
147 805
147 862
147 895
147 950
147 992
147 999
148 271
148 404
148 464
148 520
148 852
148 867
148 918
148 924
148 947
148 948
149 354
149 639
149 651
149 660
149 720
149 736
149 769
149 822
149 845
149 939
149 965
149 972
150 223
150 231
150 456
150 477
150 581
150 586
150 722
150 747
150 751
150 858
150 863
150 897
150 951
151 249
151 291
151 325
151 337
151 352
151 588
151 612
151 744
151 794
151 833
151 933
151 968
151 980
152 304
152 329
152 622
152 814
152 846
152 911
153 256
153 283
153 377
153 498
153 505
153 529
153 573
153 604
153 663
153 840
153 928
153 974
154 157
154 220
154 250
154 263
154 508
154 617
154 728
154 779
154 812
154 837
154 952
154 956
154 996
155 372
155 531
155 687
155 724
155 727
155 766
155 839
155 873
155 890
155 894
155 959
156 223
156 273
156 312
156 464
156 484
156 668
156 690
156 762
156 765
156 869
156 871
156 947
157 176
157 458
157 815
157 886
157 934
158 466
158 472
158 624
158 628
158 797
158 826
158 859
158 861
158 874
158 911
158 975
158 986
158 994
159 239
159 408
159 504
159 685
159 737
159 784
159 851
159 964
159 977
159 983
160 541
160 629
160 682
160 698
160 735
160 782
160 803
160 810
160 821
160 876
160 877
160 938
160 985
161 466
161 742
161 748
161 763
161 800
161 809
161 900
161 960
161 961
161 980
162 295
162 322
162 556
162 599
162 613
162 714
162 797
162 818
162 827
162 871
162 936
162 967
162 993
163 305
163 657
163 742
163 748
163 804
163 809
163 831
163 862
163 909
163 950
163 980
163 992
164 615
164 671
164 698
164 743
164 799
164 824
164 917
164 932
164 964
164 979
164 982
164 984
165 233
165 474
165 554
165 584
165 606
165 752
165 843
165 925
165 995
166 310
166 350
166 475
166 493
166 526
166 633
166 681
166 791
166 882
166 952
166 956
166 996
167 399
167 670
167 708
167 855
167 880
167 886
167 921
167 931
167 936
167 946
167 955
167 970
167 978
168 629
168 676
168 682
168 698
168 735
168 782
168 799
168 803
168 810
168 821
168 927
168 938
168 985
169 280
169 400
169 673
169 746
169 767
169 783
169 819
169 820
169 827
169 868
169 885
169 888
169 955
170 213
170 243
170 244
170 394
170 477
170 544
170 676
170 710
170 713
170 736
170 898
171 370
171 418
171 609
171 617
171 667
171 723
171 779
171 882
171 899
171 952
171 956
171 996
172 369
172 418
172 523
172 534
172 633
172 702
172 723
172 812
172 840
172 861
172 899
172 920
172 952
173 182
173 247
173 345
173 513
173 525
173 553
173 655
173 679
173 688
173 708
173 881
173 902
173 998
174 603
174 616
174 664
174 695
174 708
174 715
174 729
174 832
174 846
174 880
174 930
174 936
174 946
175 492
175 683
175 715
175 747
175 847
175 854
175 860
175 875
175 928
175 942
175 961
176 458
176 541
176 815
176 842
177 292
177 482
177 546
177 563
177 705
177 719
177 731
177 754
177 781
177 878
177 954
177 974
178 184
178 196
178 263
178 414
178 554
178 656
178 681
178 772
178 816
178 828
178 865
178 876
178 901
179 315
179 348
179 358
179 390
179 453
179 529
179 735
179 747
179 942
179 969
180 267
180 271
180 472
180 624
180 859
180 861
180 872
180 883
180 954
180 975
180 986
180 994
181 209
181 328
181 343
181 417
181 430
181 538
181 599
181 619
181 733
182 246
182 389
182 486
182 565
182 645
182 679
182 688
182 711
182 881
182 902
182 998
183 234
183 330
183 490
183 577
183 603
183 708
183 755
183 846
183 880
183 886
183 930
183 931
183 978
184 263
184 397
184 527
184 547
184 659
184 768
184 901
184 912
184 946
184 987
185 252
185 260
185 463
185 517
185 619
185 846
185 958
185 960
185 979
186 488
186 531
186 605
186 652
186 742
186 753
186 813
186 853
186 892
186 895
186 959
186 970
187 253
187 399
187 486
187 535
187 614
187 665
187 795
187 921
187 930
187 936
187 946
187 970
187 978
188 218
188 271
188 581
188 627
188 685
188 784
188 835
188 840
188 851
188 871
188 916
188 943
188 951
189 254
189 347
189 402
189 406
189 420
189 448
189 497
189 500
189 566
189 611
189 903
189 929
189 940
190 431
190 465
190 477
190 484
190 493
190 583
190 668
190 686
190 689
190 762
190 869
191 465
191 517
191 532
191 554
191 598
191 725
191 726
191 853
191 937
191 964
191 979
191 984
192 217
192 221
192 381
192 515
192 587
192 596
192 791
192 804
192 823
192 878
192 941
192 971
192 981
193 289
193 301
193 349
193 373
193 678
193 754
194 222
194 419
194 450
194 540
194 550
194 704
194 718
194 736
194 835
194 939
194 965
195 201
195 283
195 319
195 400
195 434
195 537
195 595
195 722
195 854
195 875
195 942
195 974
196 259
196 318
196 360
196 362
196 768
196 828
196 831
196 901
196 926
196 967
197 356
197 452
197 737
197 759
197 778
197 807
197 809
197 880
197 887
197 895
197 934
197 963
197 989
198 261
198 273
198 403
198 460
198 477
198 518
198 716
198 748
198 762
198 866
198 923
198 934
198 966
199 369
199 387
199 442
199 504
199 508
199 712
199 723
199 740
199 844
199 899
199 952
199 956
199 996
200 390
200 483
200 552
200 567
200 595
200 876
200 888
200 913
200 914
200 974
201 293
201 404
201 520
201 667
201 668
201 716
201 750
201 751
201 852
201 867
202 305
202 588
202 800
202 807
202 833
202 850
202 933
202 939
202 963
202 992
202 999
203 331
203 457
203 542
203 590
203 626
203 767
203 811
203 905
203 907
203 917
203 958
203 983
204 275
204 355
204 453
204 461
204 625
204 658
204 694
204 795
204 798
204 815
204 848
204 918
204 937
205 220
205 308
205 402
205 406
205 420
205 491
205 495
205 497
205 867
205 884
205 892
205 903
205 929
205 940
206 374
206 465
206 539
206 557
206 644
206 664
206 702
206 704
206 932
206 942
206 953
206 979
206 984
206 988
207 388
207 396
207 519
207 592
207 637
207 662
207 690
207 749
207 851
207 852
207 927
207 991
207 997
208 209
208 242
208 314
208 327
208 372
208 652
208 687
208 727
208 847
208 873
208 877
208 892
208 905
209 328
209 417
209 430
209 538
209 599
209 704
210 265
210 467
210 475
210 492
210 609
210 675
210 728
210 810
210 837
210 899
210 913
210 920
210 996
211 472
211 503
211 624
211 711
211 712
211 786
211 826
211 859
211 861
211 874
211 911
211 975
211 986
211 994
212 230
212 388
212 516
212 542
212 555
212 563
212 570
212 654
212 677
212 792
212 817
212 962
213 243
213 309
213 394
213 544
213 636
213 676
213 710
213 713
213 735
213 898
213 940
214 218
214 332
214 371
214 397
214 433
214 502
214 584
214 593
214 745
214 772
214 841
214 912
214 957
215 222
215 550
215 639
215 660
215 686
215 771
215 822
215 835
215 845
215 849
215 880
215 939
215 965
216 282
216 391
216 435
216 552
216 660
216 713
216 718
216 736
216 822
216 845
216 849
216 939
216 965
217 351
217 453
217 596
217 643
217 801
217 804
217 823
217 849
217 852
217 878
217 941
217 971
217 981
218 258
218 403
218 412
218 450
218 610
218 656
218 662
218 668
218 690
218 867
218 948
218 982
219 403
219 484
219 504
219 535
219 586
219 685
219 762
219 867
219 943
219 944
219 959
219 973
219 977
219 997
220 221
220 375
220 402
220 448
220 478
220 491
220 497
220 566
220 782
220 903
220 929
220 940
221 392
221 415
221 432
221 449
221 470
221 485
221 507
221 592
221 731
221 754
221 825
221 954
222 540
222 550
222 578
222 609
222 736
222 822
222 835
222 836
222 849
222 939
222 965
223 231
223 256
223 268
223 298
223 356
223 576
223 648
223 685
223 787
223 839
223 842
223 977
224 233
224 646
224 674
224 683
224 693
224 709
224 741
224 773
224 786
224 830
224 865
224 972
224 990
225 229
225 311
225 312
225 464
225 477
225 493
225 667
225 690
225 737
225 818
225 852
225 866
225 922
225 951
226 302
226 355
226 455
226 456
226 625
226 647
226 663
226 764
226 798
226 848
226 896
226 904
226 918
226 925
227 308
227 316
227 537
227 568
227 712
227 740
227 746
227 879
228 393
228 479
228 519
228 562
228 637
228 690
228 793
228 838
228 853
228 869
228 891
228 908
228 997
229 290
229 296
229 384
229 573
229 586
229 648
229 776
229 858
229 867
229 947
229 973
229 986
229 993
230 388
230 516
230 542
230 555
230 570
230 590
230 654
230 677
230 687
230 792
230 962
230 998
231 404
231 496
231 737
231 751
231 838
231 870
231 891
231 948
231 991
231 994
231 997
232 306
232 423
232 473
232 598
232 615
232 661
232 699
232 727
232 834
232 856
232 857
232 912
232 982
233 646
233 654
233 672
233 674
233 693
233 709
233 741
233 773
233 786
233 972
233 990
234 308
234 402
234 406
234 448
234 478
234 491
234 497
234 566
234 785
234 903
234 929
234 940
235 271
235 464
235 594
235 685
235 793
235 817
235 830
235 856
235 866
235 897
235 908
235 948
235 977
236 237
236 349
236 405
236 505
236 604
236 630
236 683
236 715
236 738
236 747
236 771
236 889
236 910
236 928
237 347
237 369
237 387
237 445
237 633
237 641
237 728
237 779
237 812
237 827
237 882
237 913
238 416
238 441
238 443
238 512
238 536
238 585
238 616
238 706
238 785
238 864
238 893
238 926
238 935
238 994
239 319
239 518
239 588
239 689
239 737
239 776
239 793
239 909
239 925
239 943
239 973
239 997
240 267
240 365
240 382
240 462
240 513
240 572
240 687
240 808
240 847
240 873
240 877
240 959
241 252
241 374
241 459
241 613
241 732
241 760
241 802
241 856
241 895
241 927
241 932
241 964
241 982
242 327
242 409
242 605
242 622
242 838
242 853
242 873
242 884
242 890
242 892
242 949
242 959
242 997
243 394
243 494
243 544
243 676
243 710
243 713
243 898
243 996
244 248
244 288
244 369
244 418
244 508
244 534
244 543
244 667
244 675
244 779
244 920
244 952
244 956
245 277
245 292
245 405
245 454
245 470
245 482
245 608
245 692
245 705
245 754
245 781
245 822
245 915
246 345
246 389
246 447
246 486
246 513
246 561
246 565
246 632
246 655
246 679
246 881
246 902
246 998
247 345
247 425
247 447
247 565
247 655
247 688
247 881
247 891
247 902
247 945
247 987
247 998
248 293
248 341
248 520
248 750
248 756
248 762
248 823
248 852
248 973
248 997
249 471
249 707
249 742
249 803
249 805
249 807
249 870
249 890
249 893
249 961
249 968
249 992
249 999
250 350
250 507
250 534
250 543
250 609
250 653
250 708
250 812
250 828
250 844
250 913
250 956
251 346
251 373
251 568
251 613
251 691
251 758
251 797
251 827
251 871
251 906
251 907
251 967
251 993
251 997
252 429
252 602
252 635
252 661
252 700
252 834
252 856
252 857
252 932
252 953
252 960
252 988
253 503
253 638
253 755
253 796
253 832
253 846
253 865
253 880
253 889
253 921
253 929
253 946
253 970
254 541
254 629
254 649
254 682
254 698
254 735
254 756
254 782
254 803
254 810
254 821
254 938
254 985
255 631
255 673
255 734
255 767
255 783
255 788
255 819
255 820
255 868
255 885
255 888
255 955
255 978
255 994
256 426
256 481
256 505
256 738
256 747
256 860
256 954
256 969
257 285
257 371
257 510
257 549
257 600
257 636
257 663
257 681
257 719
257 789
257 816
257 828
257 836
257 987
258 594
258 659
258 695
258 708
258 832
258 855
258 860
258 886
258 921
258 930
258 931
258 978
258 993
259 414
259 433
259 449
259 628
259 769
259 787
259 816
259 831
259 841
259 901
259 927
260 423
260 521
260 598
260 615
260 637
260 661
260 693
260 702
260 917
260 960
260 982
261 290
261 339
261 637
261 701
261 776
261 787
261 845
261 863
261 866
261 867
261 951
261 973
262 283
262 297
262 319
262 349
262 395
262 505
262 575
262 780
262 854
262 875
262 974
263 287
263 527
263 636
263 831
263 876
263 901
263 927
263 932
263 977
263 987
264 274
264 297
264 398
264 733
264 769
264 884
264 914
264 923
264 924
264 945
264 957
265 374
265 465
265 532
265 635
265 699
265 714
265 776
265 799
265 834
265 857
265 917
266 287
266 324
266 351
266 502
266 549
266 611
266 745
266 755
266 756
266 767
266 772
266 836
266 927
267 490
267 569
267 624
267 859
267 861
267 872
267 874
267 883
267 911
267 975
267 986
267 994
268 349
268 377
268 434
268 630
268 771
268 780
268 854
268 860
268 875
268 903
268 921
269 403
269 434
269 448
269 467
269 602
269 614
269 725
269 774
269 814
269 830
269 851
269 867
269 908
269 943
270 421
270 428
270 485
270 577
270 603
270 842
270 855
270 880
270 930
270 931
270 936
270 938
270 970
271 403
271 450
271 530
271 571
271 739
271 916
271 919
271 923
271 973
272 302
272 338
272 365
272 488
272 605
272 727
272 753
272 813
272 838
272 862
272 873
272 892
272 922
273 504
273 530
273 668
273 751
273 776
273 777
273 784
273 804
273 842
273 851
273 897
273 921
274 398
274 718
274 733
274 769
274 881
274 883
274 884
274 923
274 924
274 945
274 957
275 340
275 491
275 647
275 658
275 666
275 775
275 795
275 848
275 896
275 918
275 937
275 972
276 449
276 470
276 563
276 564
276 608
276 650
276 719
276 731
276 754
276 775
276 781
276 888
276 954
277 397
277 440
277 515
277 607
277 791
277 801
277 804
277 823
277 878
277 940
277 941
277 971
277 981
278 284
278 574
278 588
278 589
278 657
278 707
278 794
278 807
278 862
278 895
278 928
278 961
278 963
278 992
279 436
279 541
279 629
279 682
279 698
279 735
279 782
279 803
279 810
279 821
279 848
279 934
279 937
279 938
279 985
280 297
280 314
280 631
280 734
280 783
280 788
280 796
280 819
280 820
280 868
280 885
280 888
280 955
281 288
281 350
281 369
281 442
281 508
281 534
281 675
281 737
281 812
281 866
281 913
281 943
281 952
281 956
281 996
282 395
282 426
282 434
282 461
282 483
282 505
282 567
282 663
282 722
282 771
282 854
282 875
282 937
283 498
283 520
283 548
283 618
283 630
283 747
283 771
283 817
283 841
283 875
283 942
284 528
284 711
284 826
284 859
284 861
284 872
284 874
284 876
284 883
284 911
284 959
284 975
284 986
284 994
285 340
285 355
285 455
285 575
285 672
285 775
285 896
285 904
285 918
285 989
285 991
286 342
286 411
286 612
286 713
286 742
286 748
286 778
286 808
286 809
286 900
286 933
286 963
286 980
286 999
287 300
287 318
287 353
287 362
287 468
287 502
287 550
287 789
287 790
287 828
287 834
287 901
287 927
288 392
288 526
288 534
288 543
288 633
288 641
288 693
288 882
288 913
288 917
288 952
288 956
288 996
289 301
289 606
289 678
289 762
290 580
290 586
290 587
290 648
290 690
290 716
290 725
290 728
290 861
290 909
290 950
290 951
290 991
291 379
291 461
291 477
291 707
291 744
291 759
291 778
291 805
291 887
291 913
291 934
291 950
291 961
291 980
292 392
292 470
292 524
292 546
292 560
292 608
292 615
292 650
292 777
292 781
292 915
292 954
293 321
293 739
293 745
293 839
293 849
293 858
293 863
293 867
293 897
293 909
293 947
293 973
294 383
294 427
294 521
294 570
294 619
294 644
294 649
294 799
294 823
294 834
294 856
294 979
295 330
295 522
295 556
295 613
295 660
295 759
295 797
295 818
295 827
295 849
295 871
295 967
295 993
296 545
296 621
296 623
296 671
296 767
296 783
296 819
296 820
296 866
296 868
296 885
296 888
296 955
297 319
297 358
297 377
297 434
297 453
297 618
297 620
297 781
297 860
297 914
297 928
298 370
298 665
298 680
298 701
298 711
298 826
298 861
298 872
298 874
298 883
298 911
298 975
298 986
298 994
299 300
299 405
299 482
299 560
299 563
299 564
299 592
299 608
299 705
299 719
299 915
299 935
299 954
299 960
300 309
300 533
300 772
300 790
300 828
300 901
300 981
300 987
301 678
301 710
301 948
301 998
302 353
302 469
302 511
302 567
302 591
302 663
302 729
302 775
302 795
302 798
302 896
302 897
302 937
303 349
303 413
303 481
303 505
303 552
303 669
303 690
303 692
303 722
303 738
303 771
303 802
303 875
303 948
304 337
304 622
304 625
304 814
304 857
305 337
305 512
305 562
305 588
305 612
305 657
305 763
305 765
305 779
305 794
305 900
305 934
305 999
306 319
306 427
306 473
306 506
306 532
306 630
306 649
306 679
306 743
306 757
306 922
306 964
306 988
307 321
307 530
307 534
307 580
307 614
307 667
307 688
307 703
307 717
307 830
307 943
307 966
308 402
308 420
308 478
308 491
308 495
308 500
308 566
308 649
308 898
308 903
308 929
308 940
309 318
309 333
309 533
309 640
309 681
309 684
309 745
309 768
309 790
309 841
309 927
309 946
309 980
310 418
310 523
310 534
310 586
310 617
310 633
310 664
310 728
310 844
310 920
310 952
310 956
311 314
311 341
311 377
311 412
311 489
311 582
311 610
311 739
311 839
311 842
311 858
311 863
311 925
311 997
312 408
312 431
312 500
312 571
312 751
312 784
312 830
312 858
312 948
312 959
312 966
312 978
313 334
313 387
313 523
313 633
313 653
313 779
313 788
313 844
313 879
313 882
313 899
313 920
313 953
313 956
314 365
314 410
314 488
314 652
314 724
314 808
314 847
314 877
314 890
314 892
314 894
314 949
315 393
315 463
315 498
315 529
315 618
315 662
315 683
315 738
315 780
315 792
315 840
315 914
315 974
316 339
316 436
316 541
316 629
316 682
316 698
316 735
316 782
316 803
316 810
316 821
316 889
316 938
316 985
317 352
317 412
317 437
317 554
317 571
317 583
317 662
317 749
317 787
317 817
317 947
317 973
318 362
318 502
318 527
318 533
318 772
318 789
318 831
318 836
318 841
318 923
318 931
319 360
319 461
319 505
319 567
319 590
319 630
319 722
319 860
319 875
319 969
320 412
320 493
320 518
320 571
320 580
320 587
320 627
320 705
320 709
320 716
320 725
320 749
320 915
320 951
320 997
321 339
321 399
321 489
321 576
321 582
321 669
321 758
321 765
321 784
321 790
321 817
321 839
321 991
322 506
322 517
322 615
322 645
322 702
322 726
322 732
322 799
322 802
322 815
322 857
322 922
322 953
322 988
323 361
323 492
323 508
323 617
323 723
323 844
323 882
323 899
323 913
323 920
323 947
323 948
323 956
323 996
324 371
324 456
324 502
324 506
324 549
324 611
324 636
324 756
324 789
324 840
324 874
324 876
324 912
325 354
325 480
325 550
325 660
325 686
325 704
325 718
325 736
325 814
325 845
325 849
325 939
325 965
326 333
326 343
326 521
326 533
326 549
326 593
326 628
326 751
326 768
326 789
326 790
326 829
326 831
326 836
326 927
327 385
327 487
327 531
327 580
327 652
327 655
327 727
327 729
327 838
327 890
327 892
327 894
327 949
328 405
328 417
328 430
328 538
328 578
328 599
328 892
329 380
329 528
329 680
329 754
329 837
329 861
329 872
329 874
329 883
329 911
329 975
329 986
329 994
330 613
330 691
330 714
330 797
330 827
330 870
330 902
330 906
330 967
330 993
331 457
331 590
331 626
331 726
331 811
331 831
331 890
331 905
331 907
331 958
331 983
332 527
332 600
332 601
332 684
332 745
332 766
332 826
332 932
332 970
332 987
333 401
333 433
333 456
333 510
333 549
333 597
333 684
333 768
333 810
333 816
333 877
333 888
333 987
334 347
334 492
334 526
334 543
334 675
334 699
334 779
334 844
334 899
334 913
334 920
334 964
334 996
335 361
335 376
335 475
335 670
335 889
335 920
335 942
335 944
336 357
336 370
336 445
336 494
336 559
336 579
336 632
336 696
336 761
336 777
336 829
336 846
336 954
336 976
336 1000
337 421
337 574
337 721
337 870
337 888
337 895
337 934
337 950
337 961
337 968
337 992
337 999
338 382
338 513
338 572
338 724
338 794
338 808
338 813
338 838
338 859
338 877
338 890
338 894
338 959
339 496
339 562
339 586
339 587
339 642
339 667
339 750
339 765
339 888
339 916
340 353
340 511
340 514
340 524
340 658
340 694
340 697
340 714
340 775
340 848
340 904
340 918
341 402
341 464
341 568
341 627
341 774
341 784
341 858
341 869
341 891
341 966
341 973
342 406
342 464
342 585
342 744
342 748
342 800
342 805
342 850
342 862
342 933
342 950
342 961
342 968
343 344
343 401
343 502
343 527
343 681
343 772
343 828
343 912
343 987
344 416
344 443
344 536
344 585
344 616
344 706
344 724
344 785
344 864
344 893
344 926
344 935
345 398
345 425
345 447
345 520
345 645
345 655
345 679
345 881
345 902
345 984
345 998
346 373
346 459
346 511
346 522
346 556
346 613
346 691
346 827
346 836
346 871
346 906
346 967
346 993
347 350
347 475
347 837
347 844
347 861
347 883
347 899
347 952
347 956
347 996
348 424
348 436
348 453
348 481
348 548
348 618
348 641
348 715
348 730
348 779
348 780
348 860
348 969
349 439
349 461
349 463
349 567
349 578
349 620
349 651
349 780
349 966
349 969
350 418
350 514
350 523
350 641
350 655
350 732
350 812
350 837
350 882
350 899
350 913
350 956
351 410
351 515
351 527
351 596
351 643
351 715
351 791
351 801
351 804
351 823
351 878
351 941
351 971
351 981
352 404
352 415
352 434
352 467
352 530
352 614
352 739
352 784
352 858
352 863
352 869
352 948
353 511
353 647
353 663
353 672
353 764
353 772
353 775
353 795
353 817
353 848
353 904
353 937
354 397
354 419
354 540
354 639
354 686
354 704
354 718
354 720
354 822
354 835
354 898
354 903
354 965
355 455
355 514
355 666
355 672
355 694
355 710
355 772
355 795
355 896
355 904
355 918
355 935
355 937
356 407
356 667
356 703
356 750
356 784
356 793
356 806
356 839
356 869
356 943
356 948
356 966
356 977
357 370
357 445
357 483
357 494
357 537
357 559
357 579
357 591
357 632
357 696
357 761
357 777
357 829
357 976
357 1000
358 390
358 395
358 400
358 424
358 548
358 669
358 671
358 692
358 730
358 738
358 770
358 780
358 862
359 366
359 373
359 556
359 608
359 691
359 714
359 797
359 818
359 827
359 871
359 906
359 910
359 966
359 967
359 993
360 367
360 453
360 461
360 498
360 627
360 727
360 730
360 738
360 747
360 869
360 914
360 928
360 974
361 376
361 546
361 670
361 889
361 908
361 944
362 401
362 435
362 468
362 756
362 772
362 790
362 816
362 876
362 901
362 912
362 914
362 973
363 680
363 701
363 711
363 733
363 781
363 802
363 826
363 859
363 861
363 872
363 874
363 883
363 911
363 975
363 986
363 994
364 415
364 449
364 470
364 546
364 563
364 564
364 592
364 705
364 745
364 754
364 781
364 863
364 915
364 936
364 954
365 382
365 385
365 409
365 479
365 494
365 572
365 687
365 847
365 853
365 874
365 894
365 949
365 959
366 522
366 568
366 581
366 691
366 714
366 716
366 752
366 818
366 827
366 871
366 906
366 967
366 993
367 370
367 377
367 430
367 567
367 651
367 738
367 743
367 749
367 771
367 860
367 875
367 928
368 511
368 593
368 647
368 697
368 764
368 795
368 798
368 843
368 848
368 896
368 904
368 937
368 958
369 503
369 526
369 534
369 674
369 723
369 728
369 837
369 844
369 978
369 996
370 445
370 494
370 559
370 579
370 632
370 696
370 761
370 777
370 829
370 976
370 1000
371 401
371 409
371 508
371 597
371 636
371 640
371 789
371 790
371 876
371 954
371 987
372 487
372 488
372 531
372 687
372 733
372 753
372 808
372 813
372 838
372 873
372 894
372 959
372 965
372 986
373 568
373 691
373 714
373 797
373 818
373 821
373 827
373 871
373 906
373 937
373 967
373 993
374 427
374 446
374 506
374 644
374 699
374 702
374 719
374 801
374 802
374 856
374 877
374 932
375 396
375 406
375 420
375 441
375 448
375 478
375 495
375 497
375 500
375 819
375 903
375 929
375 940
376 547
376 648
376 670
376 889
376 944
376 985
377 483
377 529
377 553
377 604
377 659
377 692
377 715
377 854
377 885
378 574
378 666
378 697
378 748
378 759
378 770
378 794
378 809
378 850
378 934
378 961
378 963
378 989
378 992
379 466
379 471
379 588
379 657
379 742
379 800
379 843
379 862
379 873
379 885
379 887
379 950
379 961
379 963
379 999
380 528
380 529
380 574
380 680
380 701
380 826
380 861
380 872
380 874
380 883
380 911
380 975
380 986
380 994
381 392
381 411
381 440
381 556
381 607
381 643
381 791
381 801
381 804
381 823
381 874
381 878
381 941
381 971
381 981
382 487
382 531
382 572
382 582
382 753
382 762
382 808
382 838
382 890
382 892
382 894
382 949
382 967
383 403
383 459
383 598
383 699
383 702
383 821
383 824
383 834
383 856
383 922
383 953
383 960
383 984
383 996
384 489
384 490
384 504
384 562
384 602
384 668
384 717
384 758
384 908
384 916
384 919
384 939
384 977
385 687
385 689
385 702
385 724
385 808
385 838
385 847
385 853
385 888
385 890
385 894
385 949
385 959
386 422
386 638
386 644
386 953
387 523
387 543
387 609
387 617
387 641
387 653
387 675
387 725
387 728
387 828
387 868
387 899
387 956
388 465
388 516
388 542
388 555
388 570
388 654
388 676
388 677
388 792
388 962
389 447
389 509
389 525
389 548
389 565
389 655
389 679
389 688
389 881
389 902
389 962
389 988
389 998
390 461
390 530
390 620
390 630
390 747
390 822
390 840
390 928
390 942
390 969
390 974
391 419
391 550
391 603
391 686
391 704
391 720
391 802
391 818
391 822
391 835
391 845
391 849
391 881
391 939
391 965
392 405
392 449
392 485
392 546
392 563
392 564
392 592
392 719
392 915
392 954
393 576
393 656
393 750
393 758
393 774
393 869
393 908
393 916
393 918
393 943
393 991
394 433
394 544
394 676
394 710
394 713
394 789
394 898
395 413
395 474
395 483
395 595
395 620
395 651
395 840
395 860
395 947
395 985
396 403
396 466
396 484
396 561
396 562
396 576
396 717
396 749
396 758
396 787
396 863
396 890
396 909
396 951
397 414
397 679
397 681
397 745
397 756
397 789
397 816
397 828
397 927
397 987
398 733
398 769
398 811
398 864
398 884
398 923
398 924
398 945
398 957
399 411
399 446
399 490
399 603
399 638
399 708
399 715
399 846
399 886
399 921
399 931
399 970
399 978
400 434
400 551
400 567
400 595
400 599
400 620
400 658
400 771
400 781
400 910
400 969
401 414
401 530
401 593
401 597
401 601
401 628
401 756
401 772
401 855
401 901
402 406
402 448
402 485
402 495
402 500
402 900
402 903
402 929
402 940
403 437
403 610
403 636
403 645
403 648
403 785
403 863
403 947
403 991
404 568
404 586
404 602
404 739
404 742
404 858
404 943
404 948
404 951
404 973
404 991
405 415
405 432
405 485
405 560
405 608
405 705
405 719
405 776
405 825
405 915
405 954
406 448
406 491
406 495
406 528
406 566
406 714
406 851
406 903
406 929
406 940
407 464
407 603
407 634
407 667
407 689
407 696
407 703
407 737
407 753
407 774
407 842
407 851
407 948
407 997
408 504
408 571
408 576
408 587
408 592
408 657
408 668
408 817
408 851
408 915
408 919
408 977
409 513
409 687
409 703
409 753
409 808
409 844
409 847
409 873
409 877
409 890
409 894
409 949
409 959
410 444
410 596
410 607
410 643
410 791
410 801
410 804
410 823
410 878
410 941
410 970
410 971
410 981
410 984
411 444
411 607
411 643
411 791
411 794
411 801
411 804
411 823
411 878
411 941
411 971
411 981
411 1000
412 450
412 484
412 511
412 520
412 583
412 690
412 739
412 817
412 908
412 921
412 922
412 966
413 439
413 591
413 730
413 764
413 896
413 928
413 942
414 433
414 502
414 640
414 646
414 681
414 688
414 756
414 772
414 832
415 449
415 560
415 563
415 564
415 650
415 731
415 754
415 781
415 825
415 954
415 977
416 441
416 443
416 536
416 580
416 585
416 616
416 658
416 706
416 785
416 864
416 893
416 926
416 935
417 430
417 538
417 595
417 599
417 819
417 886
418 421
418 481
418 505
418 543
418 617
418 723
418 837
418 844
418 882
418 952
418 982
419 503
419 639
419 686
419 718
419 736
419 783
419 822
419 835
419 845
419 848
419 849
419 903
419 939
419 965
420 478
420 491
420 495
420 500
420 562
420 566
420 584
420 652
420 886
420 903
420 929
420 940
421 434
421 577
421 638
421 659
421 755
421 855
421 880
421 921
421 927
421 930
421 936
421 946
421 970
421 978
422 894
422 928
422 975
423 473
423 598
423 635
423 712
423 743
423 760
423 922
423 953
423 960
423 979
423 992
423 995
424 434
424 439
424 463
424 471
424 548
424 551
424 692
424 730
424 835
424 840
424 854
424 891
424 910
424 969
425 447
425 509
425 525
425 553
425 565
425 645
425 655
425 679
425 688
425 760
425 763
425 881
425 902
425 972
425 998
426 481
426 551
426 630
426 651
426 669
426 673
426 807
426 906
426 928
426 932
426 942
426 969
426 974
427 465
427 532
427 539
427 661
427 726
427 732
427 760
427 841
427 850
427 857
427 984
428 475
428 638
428 659
428 665
428 678
428 695
428 801
428 846
428 855
428 865
428 921
428 931
428 946
428 970
428 978
429 434
429 531
429 665
429 725
429 755
429 846
429 865
429 880
429 886
429 921
429 930
429 931
429 946
429 978
430 538
430 576
430 599
430 620
430 943
431 518
431 520
431 689
431 751
431 775
431 817
431 830
431 842
431 851
431 907
431 916
431 943
431 947
431 977
431 985
432 449
432 470
432 482
432 592
432 608
432 650
432 705
432 773
432 781
432 915
432 917
432 940
432 954
432 973
433 527
433 565
433 601
433 611
433 640
433 836
433 841
433 867
433 901
433 987
434 463
434 483
434 498
434 529
434 618
434 840
434 969
435 440
435 639
435 660
435 686
435 704
435 718
435 720
435 736
435 835
435 845
435 849
435 910
435 939
435 965
436 441
436 459
436 541
436 629
436 682
436 698
436 721
436 735
436 782
436 803
436 810
436 821
436 938
436 985
437 489
437 519
437 737
437 738
437 751
437 830
437 851
437 887
437 897
437 909
437 916
437 919
437 951
438 496
438 504
438 519
438 530
438 562
438 581
438 582
438 657
438 685
438 713
438 716
438 749
438 774
438 791
438 966
438 977
438 997
439 463
439 481
439 529
439 700
439 730
439 859
439 860
439 910
439 914
439 969
440 515
440 578
440 596
440 607
440 791
440 801
440 804
440 823
440 878
440 941
440 971
440 981
441 536
441 585
441 616
441 706
441 785
441 864
441 893
441 895
441 926
441 935
441 980
442 446
442 526
442 617
442 723
442 812
442 837
442 844
442 882
442 913
442 920
442 932
442 939
442 996
443 536
443 550
443 585
443 602
443 616
443 706
443 785
443 830
443 864
443 893
443 926
443 935
444 515
444 596
444 607
444 643
444 791
444 801
444 823
444 878
444 941
444 961
444 970
444 971
444 981
444 996
445 494
445 559
445 579
445 632
445 660
445 696
445 761
445 777
445 778
445 829
445 893
445 976
445 1000
446 473
446 554
446 598
446 699
446 760
446 806
446 856
446 857
446 918
446 953
446 960
446 982
446 988
447 509
447 525
447 553
447 621
447 645
447 655
447 881
447 902
447 904
447 983
447 998
448 471
448 478
448 495
448 500
448 527
448 566
448 903
448 929
448 940
449 470
449 546
449 563
449 705
449 825
449 850
449 915
449 954
449 995
450 461
450 477
450 637
450 758
450 776
450 839
450 851
450 881
450 911
450 919
450 973
450 977
450 997
451 508
451 621
451 623
451 671
451 673
451 734
451 783
451 788
451 796
451 819
451 820
451 885
451 888
451 936
451 945
451 955
452 512
452 588
452 742
452 786
452 807
452 850
452 870
452 900
452 914
452 922
452 933
452 934
452 961
452 963
452 980
452 992
453 505
453 551
453 618
453 620
453 651
453 669
453 875
454 470
454 485
454 489
454 560
454 564
454 579
454 592
454 608
454 650
454 705
454 719
454 731
454 754
454 825
454 915
454 954
455 491
455 640
455 672
455 694
455 697
455 764
455 848
455 896
455 904
455 962
456 533
456 766
456 828
456 836
456 854
456 912
456 927
456 987
457 590
457 626
457 744
457 766
457 811
457 879
457 905
457 907
457 958
457 983
458 730
458 815
458 942
458 963
459 588
459 619
459 644
459 699
459 726
459 728
459 743
459 760
459 799
459 857
459 964
459 979
459 982
460 573
460 582
460 583
460 627
460 648
460 656
460 665
460 758
460 784
460 832
460 908
460 909
460 919
460 973
460 976
461 618
461 651
461 683
461 730
461 928
461 942
461 969
461 992
462 487
462 545
462 623
462 651
462 673
462 734
462 767
462 783
462 788
462 796
462 819
462 868
462 885
462 888
462 913
462 955
463 529
463 551
463 620
463 669
463 747
463 854
463 860
463 910
463 926
463 969
464 484
464 530
464 541
464 668
464 716
464 797
464 948
464 951
465 757
465 802
465 834
465 856
465 858
465 917
465 922
465 931
465 932
465 960
465 982
466 471
466 707
466 721
466 759
466 778
466 800
466 833
466 924
466 961
466 968
466 973
466 989
466 999
467 527
467 586
467 656
467 667
467 690
467 863
467 907
467 919
467 923
467 947
467 966
467 973
467 991
468 533
468 593
468 601
468 633
468 677
468 745
468 766
468 768
468 772
468 912
468 927
468 987
469 514
469 591
469 666
469 679
469 729
469 764
469 775
469 798
469 842
469 858
469 896
469 902
469 904
469 918
469 937
470 480
470 564
470 589
470 636
470 719
470 731
470 781
470 825
470 915
471 614
471 759
471 800
471 833
471 862
471 887
471 892
471 895
471 961
471 968
471 980
471 989
472 478
472 528
472 680
472 696
472 701
472 760
472 826
472 859
472 861
472 872
472 883
472 911
472 975
472 986
472 994
473 521
473 598
473 644
473 653
473 699
473 737
473 743
473 917
473 930
473 979
473 982
473 984
473 988
474 584
474 606
474 752
474 843
474 897
474 916
474 925
474 995
474 997
475 492
475 508
475 533
475 614
475 723
475 728
475 774
475 812
475 844
475 899
475 952
475 956
475 996
476 487
476 488
476 572
476 652
476 687
476 727
476 813
476 838
476 847
476 853
476 873
476 890
476 949
476 959
476 983
477 561
477 637
477 689
477 758
477 793
477 804
477 891
477 909
477 916
477 966
477 999
478 495
478 497
478 500
478 594
478 903
478 923
478 929
478 940
479 612
479 657
479 716
479 759
479 794
479 800
479 850
479 860
479 862
479 933
479 934
479 950
479 961
479 963
479 989
479 999
480 550
480 660
480 686
480 711
480 718
480 720
480 736
480 822
480 835
480 845
480 849
480 874
480 929
480 939
480 965
481 505
481 548
481 618
481 664
481 683
481 780
481 924
481 928
482 486
482 546
482 592
482 705
482 712
482 731
482 754
482 781
482 809
482 825
482 841
482 915
482 954
483 536
483 551
483 604
483 630
483 683
483 722
483 780
483 928
483 942
483 966
484 566
484 662
484 690
484 784
484 787
484 839
484 852
484 909
484 941
484 943
484 946
485 524
485 563
485 608
485 719
485 825
485 915
485 954
485 973
486 525
486 553
486 565
486 645
486 655
486 679
486 688
486 876
486 881
486 898
486 902
486 998
487 531
487 605
487 687
487 724
487 853
487 877
487 878
487 890
487 892
487 894
487 899
487 949
487 959
488 652
488 748
488 808
488 813
488 847
488 853
488 873
488 877
488 892
488 895
488 949
488 1000
489 493
489 519
489 689
489 705
489 730
489 776
489 860
489 869
489 909
489 916
489 919
489 951
489 966
490 503
490 535
490 577
490 586
490 603
490 865
490 880
490 886
490 892
490 931
490 936
490 946
490 970
490 978
491 495
491 497
491 500
491 566
491 881
491 903
491 929
491 940
492 555
492 641
492 723
492 731
492 812
492 837
492 844
492 899
492 920
492 956
492 990
493 518
493 689
493 739
493 749
493 750
493 791
493 821
493 843
493 943
493 991
493 997
494 559
494 579
494 632
494 696
494 723
494 761
494 777
494 808
494 829
494 976
494 1000
495 497
495 500
495 566
495 599
495 883
495 903
495 929
495 940
495 1000
496 587
496 614
496 656
496 662
496 714
496 731
496 793
496 800
496 844
496 897
496 908
496 916
496 947
496 948
496 997
497 500
497 507
497 566
497 753
497 884
497 903
497 929
497 940
497 945
498 552
498 567
498 598
498 669
498 722
498 779
498 840
498 854
498 860
498 875
498 910
498 934
498 969
499 539
499 554
499 557
499 635
499 644
499 757
499 776
499 780
499 802
499 857
499 869
499 918
499 960
499 964
499 982
499 988
500 524
500 566
500 859
500 903
500 929
500 940
501 582
501 609
501 642
501 656
501 667
501 685
501 765
501 774
501 808
501 842
501 858
501 908
501 930
501 947
501 951
501 977
502 527
502 597
502 628
502 661
502 729
502 836
502 841
502 901
502 996
503 638
503 664
503 695
503 708
503 755
503 846
503 855
503 921
503 931
503 936
503 946
503 978
504 580
504 582
504 627
504 637
504 656
504 765
504 793
504 946
504 951
504 968
504 997
505 618
505 683
505 689
505 780
505 856
505 914
505 974
506 521
506 547
506 571
506 644
506 699
506 726
506 757
506 806
506 834
506 922
506 953
506 982
507 523
507 633
507 641
507 653
507 675
507 728
507 779
507 812
507 882
507 899
507 937
507 952
507 975
508 617
508 637
508 728
508 837
508 882
508 899
508 936
508 952
508 996
509 553
509 565
509 645
509 655
509 679
509 800
509 875
509 881
509 902
509 956
509 998
510 527
510 533
510 597
510 600
510 694
510 756
510 786
510 789
510 790
510 831
510 836
510 927
510 987
511 591
511 625
511 647
511 663
511 695
511 697
511 795
511 848
511 904
511 918
511 995
512 579
512 657
512 759
512 805
512 833
512 850
512 870
512 933
512 934
512 950
512 963
512 968
512 973
512 992
513 522
513 727
513 753
513 808
513 813
513 847
513 873
513 877
513 892
513 949
513 959
514 591
514 625
514 663
514 666
514 697
514 729
514 764
514 848
514 918
514 937
514 985
515 526
515 607
515 643
515 750
515 791
515 801
515 804
515 823
515 878
515 941
515 971
515 981
516 542
516 555
516 570
516 654
516 677
516 792
516 816
516 840
516 878
516 907
516 962
517 547
517 593
517 619
517 628
517 702
517 732
517 743
517 746
517 757
517 932
517 953
517 964
517 984
518 576
518 586
518 610
518 635
518 668
518 717
518 749
518 751
518 817
518 947
518 951
518 957
519 538
519 562
519 597
519 627
519 725
519 758
519 762
519 764
519 872
519 919
519 951
519 966
520 571
520 581
520 610
520 665
520 716
520 765
520 787
520 866
520 981
521 565
521 598
521 635
521 661
521 757
521 856
521 857
521 922
521 955
521 964
521 984
521 988
521 990
522 556
522 558
522 568
522 613
522 714
522 797
522 818
522 827
522 906
522 961
522 967
522 989
522 993
523 609
523 653
523 668
523 723
523 837
523 896
523 899
523 913
523 952
523 956
524 560
524 563
524 592
524 608
524 650
524 705
524 719
524 731
524 754
524 781
524 825
524 858
524 915
524 943
525 553
525 565
525 633
525 645
525 655
525 679
525 688
525 881
525 902
525 998
526 534
526 675
526 682
526 723
526 812
526 844
526 899
526 913
526 956
526 981
526 996
527 629
527 745
527 756
527 828
527 912
528 589
528 672
528 680
528 701
528 711
528 749
528 847
528 859
528 861
528 874
528 911
528 975
528 986
528 994
529 548
529 618
529 669
529 692
529 730
529 875
529 910
529 976
529 985
530 571
530 573
530 581
530 639
530 690
530 774
530 793
530 897
530 908
530 947
531 650
531 652
531 753
531 774
531 813
531 837
531 853
531 877
531 890
531 892
531 894
531 949
532 561
532 576
532 619
532 661
532 726
532 732
532 794
532 824
532 834
532 953
532 960
532 979
532 982
533 549
533 593
533 611
533 640
533 642
533 789
533 927
533 967
533 984
534 559
534 609
534 837
534 882
534 913
534 920
534 936
534 952
534 973
535 594
535 638
535 664
535 754
535 832
535 846
535 865
535 886
535 904
535 921
535 930
535 936
535 946
535 962
535 970
535 978
536 585
536 616
536 635
536 706
536 785
536 821
536 825
536 864
536 893
536 926
536 935
537 712
537 740
537 746
537 791
537 879
537 901
538 599
538 720
538 758
538 780
539 633
539 661
539 702
539 799
539 800
539 824
539 834
539 852
539 917
539 922
539 953
539 979
539 982
539 984
540 639
540 660
540 720
540 730
540 736
540 741
540 822
540 833
540 835
540 845
540 849
540 939
540 965
541 629
541 682
541 698
541 735
541 782
541 803
541 810
541 816
541 821
541 938
541 985
542 555
542 570
542 654
542 658
542 677
542 792
542 798
542 832
542 962
543 580
543 617
543 653
543 760
543 837
543 913
543 920
543 956
543 985
543 996
544 656
544 676
544 710
544 713
544 747
544 898
544 909
544 924
545 621
545 631
545 671
545 673
545 734
545 747
545 767
545 770
545 788
545 796
545 819
545 867
545 868
545 885
545 888
545 955
546 563
546 608
546 677
546 705
546 719
546 740
546 781
546 825
546 915
546 954
546 986
547 649
547 736
547 750
547 757
547 806
547 834
547 917
547 922
547 953
547 960
547 979
547 984
547 988
548 551
548 552
548 578
548 608
548 788
548 840
548 854
548 910
548 974
549 551
549 600
549 640
549 645
549 684
549 816
549 831
549 836
549 876
549 879
549 987
550 639
550 686
550 690
550 691
550 704
550 720
550 835
550 845
550 849
550 939
550 965
551 669
551 685
551 715
551 730
551 747
551 811
551 854
551 910
551 914
551 928
552 567
552 578
552 604
552 630
552 692
552 776
552 801
552 840
552 854
552 914
552 922
552 942
552 974
553 645
553 655
553 679
553 688
553 881
553 902
553 993
553 998
554 557
554 649
554 702
554 732
554 749
554 757
554 799
554 802
554 806
554 856
554 932
554 964
554 984
555 570
555 654
555 677
555 688
555 757
555 792
555 800
555 962
556 558
556 613
556 714
556 783
556 797
556 818
556 827
556 871
556 906
556 965
556 967
556 993
557 615
557 649
557 661
557 760
557 765
557 802
557 806
557 834
557 857
557 917
557 922
557 932
557 958
557 963
557 982
557 992
558 563
558 568
558 613
558 711
558 714
558 797
558 818
558 827
558 871
558 906
558 919
558 929
558 967
558 993
559 579
559 599
559 632
559 696
559 761
559 777
559 829
559 976
559 989
559 1000
560 563
560 600
560 650
560 705
560 731
560 825
560 915
560 932
560 954
560 968
561 573
561 587
561 642
561 656
561 725
561 749
561 751
561 758
561 765
561 776
561 839
561 867
561 950
561 991
562 576
562 648
562 662
562 716
562 717
562 725
562 774
562 852
562 886
562 909
562 955
562 977
563 719
563 754
563 762
563 915
563 918
563 954
564 592
564 623
564 650
564 686
564 705
564 731
564 754
564 755
564 825
564 915
564 954
564 975
565 645
565 679
565 688
565 739
565 869
565 881
565 902
565 998
566 648
566 903
566 929
566 940
566 947
566 995
567 595
567 618
567 683
567 695
567 730
567 786
567 862
567 928
567 942
568 691
568 797
568 818
568 827
568 871
568 906
568 910
568 967
568 993
569 589
569 613
569 624
569 680
569 701
569 711
569 780
569 826
569 859
569 861
569 872
569 874
569 883
569 911
569 930
569 975
569 986
569 994
570 654
570 677
570 792
570 808
570 863
570 962
571 574
571 586
571 758
571 796
571 817
571 830
571 839
571 852
571 869
571 896
571 947
571 951
572 605
572 652
572 695
572 724
572 753
572 808
572 838
572 851
572 853
572 858
572 873
572 877
572 959
573 574
573 582
573 601
573 642
573 667
573 737
573 739
573 787
573 851
573 869
573 908
573 931
573 948
573 977
574 707
574 721
574 748
574 857
574 862
574 870
574 933
574 934
574 950
574 961
574 963
574 980
574 989
575 647
575 672
575 694
575 697
575 719
575 729
575 764
575 775
575 795
575 798
575 896
575 904
575 918
575 937
576 587
576 634
576 758
576 818
576 830
576 851
576 891
576 916
576 919
576 976
576 977
577 664
577 665
577 708
577 741
577 755
577 832
577 837
577 846
577 865
577 921
577 929
577 936
577 946
577 970
577 978
577 982
578 595
578 618
578 692
578 715
578 722
578 747
578 914
578 969
578 974
579 612
579 632
579 696
579 761
579 777
579 829
579 976
579 986
579 1000
580 587
580 614
580 627
580 690
580 751
580 776
580 830
580 866
580 869
580 977
580 980
580 991
581 583
581 610
581 703
581 710
581 782
581 852
581 866
581 897
581 942
581 948
581 966
581 991
582 587
582 616
582 634
582 709
582 751
582 833
582 851
582 866
582 919
582 947
582 966
583 601
583 647
583 725
583 739
583 749
583 762
583 786
583 891
583 897
583 919
583 948
583 971
583 973
584 606
584 752
584 843
584 925
584 981
584 995
585 616
585 681
585 706
585 711
585 785
585 864
585 893
585 926
585 935
585 963
586 634
586 648
586 662
586 685
586 758
586 922
586 926
586 966
587 602
587 716
587 864
587 897
587 912
587 915
587 951
587 966
588 696
588 707
588 716
588 748
588 763
588 778
588 807
588 862
588 900
588 933
588 992
589 598
589 603
589 680
589 701
589 711
589 826
589 859
589 861
589 872
589 874
589 883
589 911
589 975
589 986
589 994
590 626
590 811
590 905
590 907
590 958
590 975
590 983
591 625
591 647
591 694
591 708
591 726
591 729
591 775
591 795
591 848
591 896
591 904
591 937
592 650
592 719
592 731
592 754
592 781
592 915
592 962
593 611
593 682
593 745
593 772
593 789
593 790
593 816
593 836
593 872
593 912
593 927
593 987
594 638
594 664
594 695
594 739
594 846
594 855
594 865
594 921
594 930
594 931
594 936
594 946
594 970
594 978
595 651
595 722
595 738
595 747
595 754
595 780
595 783
595 840
595 860
595 910
595 942
596 597
596 643
596 655
596 791
596 801
596 804
596 823
596 826
596 878
596 941
596 968
596 971
596 981
597 628
597 681
597 756
597 821
597 831
597 937
598 615
598 635
598 663
598 743
598 922
598 964
598 967
600 628
600 636
600 640
600 651
600 700
600 756
600 772
600 789
600 790
600 816
600 828
600 841
600 987
601 611
601 640
601 681
601 745
601 766
601 768
601 789
601 793
601 828
601 846
601 901
601 912
601 987
602 610
602 739
602 830
602 858
602 869
602 891
602 909
602 943
602 947
602 973
602 991
603 638
603 664
603 830
603 832
603 855
603 865
603 880
603 930
603 931
603 936
603 946
603 970
603 978
604 651
604 715
604 717
604 725
604 738
604 771
604 825
604 860
604 914
604 928
604 942
604 962
604 974
605 614
605 724
605 727
605 770
605 808
605 813
605 847
605 873
605 890
605 892
605 894
605 949
605 959
605 964
606 608
606 648
606 718
606 752
606 843
606 925
606 995
607 643
607 791
607 801
607 804
607 823
607 878
607 931
607 932
607 941
607 971
607 981
607 988
608 650
608 705
608 731
608 754
608 915
608 944
608 954
609 613
609 641
609 653
609 675
609 709
609 723
609 728
609 771
609 779
609 913
609 920
609 952
610 642
610 649
610 668
610 698
610 817
610 852
610 867
610 891
610 919
610 947
610 951
610 973
611 636
611 640
611 745
611 766
611 801
611 868
611 901
611 927
612 642
612 721
612 763
612 794
612 807
612 809
612 819
612 850
612 862
612 900
612 961
612 968
612 986
612 989
612 999
613 691
613 714
613 817
613 827
613 871
613 906
613 944
613 967
613 993
614 668
614 703
614 749
614 765
614 817
614 867
614 897
614 916
614 919
614 966
614 991
615 661
615 749
615 757
615 824
615 859
615 917
615 922
615 926
615 944
615 960
615 984
615 988
616 706
616 757
616 759
616 785
616 864
616 893
616 926
616 935
617 633
617 779
617 812
617 816
617 831
617 836
617 899
617 913
617 920
617 996
618 677
618 747
618 771
618 778
618 914
618 925
618 974
619 649
619 661
619 726
619 799
619 824
619 901
619 922
619 925
619 942
619 953
619 960
619 964
619 979
619 984
620 630
620 651
620 669
620 715
620 722
620 767
620 854
620 863
620 910
620 943
620 969
621 622
621 623
621 631
621 671
621 673
621 722
621 734
621 767
621 788
621 796
621 819
621 820
621 860
621 868
621 885
621 888
621 955
622 738
622 814
622 933
623 631
623 671
623 673
623 734
623 767
623 783
623 788
623 819
623 820
623 868
623 885
623 888
623 938
623 955
623 979
623 992
624 697
624 711
624 763
624 859
624 861
624 872
624 874
624 883
624 911
624 930
624 975
624 986
624 994
625 658
625 663
625 672
625 689
625 694
625 697
625 729
625 747
625 764
625 798
625 848
625 904
625 937
625 973
626 733
626 744
626 811
626 905
626 907
626 918
626 955
626 958
626 983
627 648
627 656
627 703
627 739
627 784
627 793
627 804
627 807
627 943
627 997
627 1000
628 811
628 841
628 876
628 912
628 998
629 682
629 698
629 735
629 782
629 803
629 810
629 821
629 864
629 909
629 938
629 985
630 692
630 779
630 833
630 840
630 879
630 928
630 942
630 969
631 671
631 673
631 734
631 788
631 796
631 819
631 820
631 868
631 885
631 888
631 941
631 955
631 970
632 696
632 739
632 761
632 777
632 793
632 829
632 976
632 1000
633 675
633 723
633 728
633 779
633 812
633 920
633 996
633 997
634 690
634 703
634 717
634 743
634 750
634 793
634 811
634 842
634 849
634 866
634 869
634 891
634 897
634 947
634 948
634 965
635 644
635 790
635 799
635 806
635 932
635 960
635 979
635 982
635 984
635 986
636 681
636 768
636 790
636 807
636 831
636 836
636 876
636 927
636 987
637 725
637 762
637 776
637 792
637 793
637 824
637 839
637 858
637 891
637 951
637 966
637 977
638 643
638 665
638 755
638 813
638 855
638 880
638 886
638 919
638 921
638 930
638 931
638 936
638 978
639 660
639 686
639 704
639 720
639 809
639 835
639 845
639 849
639 867
639 877
639 939
639 965
639 982
640 756
640 766
640 782
640 841
640 862
640 901
640 912
641 671
641 675
641 678
641 765
641 779
641 812
641 882
641 899
641 920
641 952
641 996
642 668
642 689
642 703
642 727
642 737
642 749
642 751
642 765
642 776
642 858
642 887
642 897
642 898
642 909
642 916
643 747
643 755
643 791
643 801
643 804
643 823
643 853
643 878
643 941
643 971
643 981
644 721
644 732
644 760
644 802
644 824
644 857
644 868
644 881
644 953
644 982
644 984
645 655
645 688
645 731
645 881
645 902
645 916
645 998
646 650
646 674
646 693
646 709
646 741
646 773
646 786
646 856
646 950
646 972
646 990
647 658
647 663
647 672
647 697
647 729
647 752
647 764
647 803
647 848
647 896
647 918
647 937
647 971
648 662
648 737
648 739
648 751
648 776
648 787
648 830
648 867
648 973
649 726
649 732
649 760
649 802
649 806
649 848
649 917
649 960
649 964
649 982
649 988
650 705
650 731
650 754
650 781
650 825
650 876
650 915
650 954
650 959
651 669
651 715
651 724
651 835
651 840
651 860
651 914
651 974
652 684
652 687
652 724
652 784
652 808
652 838
652 853
652 890
652 892
652 949
652 959
653 675
653 728
653 758
653 787
653 812
653 837
653 844
653 882
653 899
653 913
653 920
653 952
653 988
654 677
654 688
654 777
654 792
654 929
654 962
655 657
655 679
655 688
655 881
655 902
655 998
656 690
656 717
656 867
656 891
656 916
656 919
656 945
656 951
656 980
656 991
657 700
657 756
657 807
657 833
657 870
657 887
657 933
657 934
657 980
657 989
657 999
658 672
658 697
658 729
658 764
658 766
658 775
658 795
658 798
658 847
658 896
658 937
659 664
659 665
659 695
659 708
659 778
659 783
659 832
659 865
659 886
659 921
659 930
659 931
659 936
659 946
659 978
660 704
660 718
660 720
660 822
660 835
660 849
660 891
660 913
660 939
660 965
661 699
661 707
661 726
661 799
661 806
661 838
661 856
661 917
661 988
662 686
662 703
662 750
662 776
662 787
662 830
662 839
662 852
662 866
662 867
662 924
662 966
663 666
663 672
663 694
663 698
663 729
663 764
663 775
663 848
663 937
664 665
664 695
664 832
664 855
664 865
664 886
664 930
664 931
664 935
664 946
664 970
664 978
665 708
665 755
665 832
665 846
665 865
665 880
665 912
665 930
665 931
665 936
665 970
665 978
666 694
666 729
666 761
666 773
666 775
666 795
666 797
666 798
666 848
666 918
666 937
667 668
667 703
667 808
667 858
667 891
667 935
667 943
667 947
667 977
668 685
668 751
668 762
668 776
668 839
668 870
668 878
668 969
669 683
669 860
669 863
669 875
669 910
669 948
669 969
669 984
670 688
670 889
670 944
670 949
670 993
671 734
671 767
671 783
671 788
671 796
671 819
671 820
671 868
671 885
671 888
671 955
672 694
672 697
672 703
672 764
672 798
672 839
672 896
672 904
672 918
673 767
673 788
673 796
673 819
673 820
673 868
673 885
673 888
673 908
673 955
673 974
674 693
674 709
674 741
674 761
674 773
674 786
674 850
674 919
674 972
674 990
675 751
675 779
675 789
675 812
675 837
675 874
675 913
675 956
675 996
676 710
676 713
676 726
676 759
676 898
677 745
677 792
677 962
678 966
678 972
679 688
679 825
679 881
679 902
679 998
680 701
680 826
680 854
680 859
680 872
680 873
680 874
680 883
680 933
680 965
680 975
680 977
680 986
680 994
681 684
681 734
681 766
681 768
681 790
681 831
681 841
681 856
681 883
681 901
682 698
682 735
682 782
682 803
682 810
682 821
682 861
682 938
682 948
682 985
683 692
683 738
683 788
683 824
683 840
683 845
683 854
683 875
683 890
683 914
683 969
684 745
684 766
684 768
684 790
684 816
684 828
684 836
684 841
684 877
684 901
684 912
684 982
684 987
685 703
685 709
685 767
685 793
685 827
685 830
685 832
685 858
685 867
685 919
685 991
686 718
686 720
686 736
686 822
686 835
686 845
686 849
686 939
686 965
686 970
687 727
687 813
687 823
687 838
687 844
687 847
687 853
687 877
687 890
687 894
687 959
687 961
688 881
688 902
688 998
689 716
689 736
689 739
689 758
689 765
689 774
689 787
689 916
689 939
689 943
689 997
690 721
690 762
690 866
690 891
690 943
691 693
691 714
691 762
691 797
691 818
691 822
691 827
691 871
691 943
691 967
691 993
692 715
692 722
692 747
692 780
692 854
692 891
692 910
692 911
692 974
692 979
693 702
693 709
693 741
693 773
693 786
693 972
693 990
694 697
694 775
694 798
694 848
694 875
694 896
694 918
694 937
694 974
695 755
695 812
695 846
695 855
695 865
695 880
695 886
695 930
695 931
695 936
695 946
695 978
696 761
696 777
696 829
696 937
696 976
696 1000
697 699
697 729
697 746
697 764
697 775
697 798
697 896
697 904
697 937
698 735
698 782
698 803
698 810
698 821
698 938
698 979
698 985
699 702
699 726
699 743
699 773
699 922
699 981
699 984
699 988
700 707
700 721
700 763
700 770
700 778
700 795
700 800
700 805
700 887
700 900
700 961
700 963
700 968
700 980
700 989
700 999
701 704
701 826
701 859
701 861
701 872
701 874
701 883
701 897
701 911
701 952
701 975
701 986
701 994
702 743
702 806
702 824
702 834
702 917
702 922
702 932
702 960
702 979
703 708
703 759
703 830
703 858
703 891
703 907
703 947
703 948
704 718
704 720
704 736
704 822
704 835
704 845
704 849
704 924
704 939
704 965
705 719
705 825
705 944
706 708
706 782
706 785
706 864
706 893
706 926
706 935
706 940
706 973
706 988
707 721
707 759
707 770
707 800
707 805
707 809
707 853
707 870
707 883
707 887
707 934
707 950
707 961
707 989
707 991
708 846
708 855
708 880
708 886
708 921
708 931
708 946
708 970
708 978
709 741
709 773
709 786
709 789
709 972
709 990
710 713
710 735
710 898
710 906
711 826
711 859
711 861
711 872
711 874
711 883
711 911
711 975
711 986
711 994
712 740
712 746
712 757
712 879
713 742
713 898
713 994
714 797
714 818
714 827
714 871
714 906
714 967
714 993
715 738
715 748
715 780
715 860
715 910
715 969
715 971
715 974
716 765
716 852
716 891
716 899
716 908
716 909
716 966
717 739
717 765
717 771
717 774
717 867
717 869
717 875
717 882
717 909
717 951
717 960
717 966
717 977
717 997
718 720
718 835
718 842
718 845
718 926
718 928
718 939
718 965
719 731
719 781
719 798
719 825
719 915
719 954
720 736
720 822
720 835
720 845
720 849
720 939
720 963
720 965
720 990
721 742
721 759
721 794
721 797
721 809
721 862
721 870
721 887
721 934
721 950
721 963
721 968
721 992
722 730
722 875
722 910
722 928
722 942
722 969
722 974
723 752
723 861
723 882
723 899
723 920
724 727
724 753
724 808
724 813
724 816
724 838
724 847
724 853
724 873
724 890
724 894
724 949
724 952
725 750
725 758
725 858
725 863
725 891
725 897
725 908
725 974
725 997
726 743
726 815
726 824
726 857
726 917
726 949
726 964
726 979
726 984
727 753
727 813
727 838
727 853
727 873
727 877
727 890
727 894
727 903
727 959
727 995
728 742
728 764
728 779
728 829
728 844
728 899
728 913
728 920
728 956
729 764
729 795
729 857
729 896
729 904
729 918
729 933
730 840
730 860
730 915
730 928
730 969
731 774
731 781
731 825
731 915
731 954
732 757
732 787
732 806
732 857
732 917
732 953
732 964
732 982
732 984
733 769
733 884
733 923
733 924
733 945
733 957
733 964
734 767
734 783
734 785
734 788
734 796
734 819
734 820
734 868
734 885
734 888
734 900
734 955
735 782
735 803
735 810
735 821
735 938
735 960
735 985
736 759
736 822
736 835
736 845
736 849
736 939
736 965
736 980
737 758
737 765
737 851
737 869
737 891
737 905
737 919
737 943
737 966
737 977
737 993
738 771
738 780
738 860
738 914
738 917
738 928
738 974
739 750
739 774
739 948
739 966
739 979
740 746
740 851
740 879
741 773
741 786
741 805
741 916
741 972
741 990
742 759
742 794
742 805
742 833
742 870
742 887
742 900
742 934
742 950
742 992
742 999
743 746
743 755
743 760
743 799
743 856
743 932
743 953
743 977
743 982
743 984
744 763
744 770
744 778
744 790
744 800
744 809
744 817
744 828
744 850
744 895
744 934
744 963
744 968
744 980
744 989
744 992
745 756
745 768
745 816
745 841
745 869
745 876
745 912
745 935
746 879
746 936
747 771
747 780
747 840
747 928
747 974
748 770
748 794
748 800
748 870
748 895
748 900
748 933
748 934
748 963
748 968
748 976
748 977
748 989
749 750
749 751
749 765
749 798
749 817
749 891
749 909
749 991
749 997
750 776
750 789
750 817
750 839
750 866
750 912
750 943
750 991
751 762
751 766
751 783
751 799
751 851
751 973
751 997
752 807
752 843
752 925
752 927
752 995
753 808
753 813
753 847
753 873
753 877
753 890
753 892
753 894
753 940
753 949
753 958
753 959
754 781
754 915
754 954
754 956
755 865
755 880
755 886
755 897
755 921
755 930
755 931
755 936
755 946
755 970
755 978
756 757
756 768
756 790
756 816
756 882
756 912
757 799
757 802
757 806
757 839
757 922
757 932
757 953
757 964
757 979
757 982
758 855
758 867
758 895
758 919
758 991
759 763
759 770
759 800
759 850
759 900
759 933
759 934
759 961
759 968
759 992
760 806
760 824
760 826
760 834
760 857
760 906
760 922
760 932
760 960
760 964
760 982
760 988
761 777
761 803
761 829
761 906
761 967
761 976
761 1000
762 787
762 839
762 891
762 897
762 899
762 909
763 770
763 778
763 794
763 805
763 833
763 849
763 900
763 934
763 950
763 994
763 999
764 775
764 795
764 820
764 896
764 937
765 897
765 916
765 947
765 951
765 982
766 768
766 777
766 831
766 836
766 841
766 876
766 912
766 927
767 783
767 788
767 796
767 819
767 820
767 862
767 868
767 885
767 888
767 955
768 790
768 799
768 831
768 836
768 938
768 944
768 951
768 987
769 783
769 789
769 807
769 884
769 923
769 924
769 945
769 957
769 977
770 778
770 800
770 850
770 887
770 895
770 896
770 933
770 934
770 961
770 963
770 968
770 992
770 999
771 860
771 875
771 928
771 942
771 969
771 974
772 789
772 793
772 836
772 841
772 857
772 927
773 786
773 972
773 990
774 787
774 805
774 830
774 839
774 863
774 869
774 928
774 973
775 777
775 795
775 829
775 904
775 918
775 931
775 937
776 784
776 785
776 891
776 908
776 948
776 966
777 829
777 976
777 1000
778 807
778 809
778 833
778 862
778 870
778 900
778 907
778 933
778 950
778 963
778 992
779 837
779 882
779 913
779 952
779 956
779 996
780 854
780 910
780 914
780 928
780 942
781 825
781 898
781 915
781 954
781 964
782 784
782 803
782 810
782 821
782 938
782 985
783 796
783 819
783 820
783 868
783 885
783 888
783 955
784 839
784 851
784 852
784 866
784 867
784 914
784 916
784 947
784 955
784 973
785 864
785 893
785 926
785 935
785 983
786 972
786 990
787 858
787 866
787 869
787 908
787 970
787 973
787 997
788 796
788 819
788 820
788 868
788 885
788 888
788 951
788 955
789 841
789 876
789 953
789 987
790 831
790 876
790 901
790 927
790 929
791 801
791 804
791 820
791 823
791 878
791 941
791 971
791 981
792 806
792 860
792 962
792 977
792 980
793 839
793 842
793 851
793 863
793 866
793 869
793 871
793 891
793 897
793 919
794 800
794 833
794 835
794 870
794 887
794 895
794 900
794 933
794 950
794 964
794 968
794 999
795 848
795 904
795 910
795 918
795 937
796 819
796 820
796 840
796 868
796 885
796 888
796 951
796 955
796 969
797 818
797 827
797 871
797 887
797 906
797 967
797 993
798 872
798 896
798 918
798 988
799 802
799 806
799 824
799 921
799 922
799 960
799 979
800 807
800 833
800 843
800 862
800 887
800 904
800 963
800 989
801 804
801 823
801 878
801 916
801 941
801 971
801 981
802 805
802 834
802 856
802 909
802 917
802 953
802 960
802 982
802 988
803 809
803 810
803 821
803 831
803 909
803 938
803 985
804 823
804 878
804 941
804 971
804 972
804 981
805 807
805 809
805 833
805 862
805 870
805 919
805 933
805 934
805 941
805 968
805 980
805 992
805 999
806 810
806 813
806 829
806 856
806 922
806 932
806 953
806 979
806 982
806 988
807 870
807 887
807 895
807 933
807 961
807 968
807 980
807 989
807 992
807 999
808 859
808 877
808 892
808 949
808 959
809 825
809 833
809 850
809 869
809 885
809 895
809 950
809 961
809 968
809 999
810 813
810 821
810 938
810 985
811 905
811 907
811 958
811 983
811 998
812 854
812 913
812 920
812 928
812 945
812 996
813 838
813 847
813 850
813 853
813 877
813 890
813 892
813 949
813 959
814 935
814 979
815 894
816 828
816 834
816 841
816 876
816 912
816 927
816 987
817 851
817 863
817 916
817 919
817 943
817 966
817 977
817 991
817 997
818 820
818 827
818 868
818 871
818 906
818 967
818 990
818 993
819 820
819 827
819 836
819 868
819 885
819 888
819 955
820 868
820 878
820 885
820 888
820 955
821 938
821 985
822 835
822 844
822 845
822 849
822 939
822 965
822 996
822 998
823 828
823 878
823 941
823 952
823 971
823 981
824 834
824 856
824 884
824 917
824 932
824 950
824 953
824 960
824 964
824 979
824 988
825 826
825 915
825 954
825 977
826 830
826 859
826 872
826 873
826 874
826 883
826 911
826 975
826 986
826 994
827 871
827 906
827 967
827 993
828 831
828 836
828 876
828 987
828 999
829 834
829 976
829 983
829 1000
830 842
830 909
830 943
830 948
830 971
830 996
831 837
831 876
831 912
831 985
832 835
832 846
832 855
832 865
832 880
832 886
832 921
832 930
832 931
832 946
832 970
832 978
833 850
833 862
833 887
833 914
833 934
833 948
833 950
833 961
833 963
833 968
833 980
833 989
834 911
834 956
834 964
834 979
834 984
834 988
835 849
835 939
835 965
836 841
836 912
836 968
836 987
837 844
837 895
837 913
837 920
837 952
837 956
837 961
837 996
838 847
838 853
838 873
838 877
838 890
838 949
838 959
838 974
839 851
839 863
839 910
839 948
839 966
839 977
839 991
840 854
840 860
840 871
840 914
840 974
841 876
841 891
841 901
841 912
841 963
842 866
842 867
842 897
842 908
842 916
842 931
842 943
842 947
842 951
842 973
842 991
843 873
843 925
843 995
844 866
844 882
844 899
844 913
844 952
844 996
845 849
845 852
845 900
845 903
845 939
845 965
845 989
846 855
846 865
846 886
846 902
846 920
846 921
846 930
846 936
846 946
846 970
847 853
847 873
847 877
847 892
847 894
847 949
847 959
848 890
848 896
848 904
848 937
848 939
849 939
849 965
850 895
850 900
850 933
850 934
850 950
850 963
850 968
850 969
850 980
850 989
850 999
851 869
851 943
851 945
851 946
851 997
851 1000
852 858
852 863
852 869
852 900
852 908
852 909
852 919
852 977
852 997
853 877
853 890
853 892
853 894
853 948
853 949
853 959
854 860
854 866
854 875
854 885
854 910
854 928
855 864
855 865
855 875
855 880
855 886
855 920
855 930
855 931
855 936
855 946
855 970
855 978
855 990
856 926
856 932
856 964
856 975
856 982
856 988
857 917
857 932
857 953
857 960
857 979
857 984
857 993
857 996
858 923
858 930
858 947
858 966
858 973
858 977
859 861
859 872
859 883
859 906
859 911
859 975
859 986
859 994
860 872
860 928
860 942
861 874
861 911
861 975
861 986
861 994
862 870
862 887
862 900
862 950
862 953
862 963
862 989
862 992
862 999
863 866
863 943
863 947
863 948
863 951
864 875
864 893
864 926
864 935
865 880
865 884
865 886
865 916
865 921
865 930
865 936
865 946
865 960
865 970
865 978
865 999
866 881
866 908
866 916
866 919
866 948
866 973
867 868
867 882
867 891
867 908
868 885
868 888
868 948
868 955
869 973
869 977
869 997
870 878
870 895
870 900
870 933
870 934
870 950
870 961
870 968
870 980
870 988
870 992
870 994
871 906
871 950
871 967
871 993
872 874
872 883
872 886
872 911
872 941
872 975
872 986
872 992
872 994
873 877
873 890
873 945
873 949
873 959
873 964
874 883
874 911
874 975
874 986
874 994
875 900
875 910
875 914
875 942
875 974
875 975
876 927
876 976
876 987
877 890
877 892
877 894
877 899
877 949
877 959
878 941
878 971
878 981
879 917
880 886
880 893
880 921
880 930
880 931
880 936
880 946
880 969
880 970
880 999
881 902
881 998
882 894
882 899
882 920
882 952
882 956
882 996
883 887
883 911
883 975
883 986
883 991
883 994
884 885
884 923
884 924
884 945
884 957
885 888
885 930
885 955
886 930
886 931
886 933
886 946
886 970
886 978
887 894
887 895
887 900
887 918
887 933
887 950
887 980
887 999
888 955
889 897
889 909
889 944
890 892
890 908
890 949
891 897
891 987
892 894
892 940
892 949
892 997
893 917
893 926
893 935
893 938
894 949
894 959
894 991
895 900
895 934
895 961
895 963
895 968
895 980
895 989
895 992
895 999
896 904
896 918
896 937
896 947
897 901
897 908
897 909
897 947
897 951
898 952
899 901
899 904
899 913
899 996
900 950
900 968
900 989
900 992
901 927
901 978
901 984
902 912
902 998
902 1000
903 929
903 940
903 981
904 918
904 921
904 937
905 907
905 919
905 956
905 957
905 958
905 983
906 955
906 967
906 993
907 958
907 983
908 909
908 948
908 954
908 977
908 982
908 991
908 993
909 948
909 951
909 997
910 914
910 928
910 942
910 969
911 912
911 953
911 971
911 975
911 986
911 994
912 927
913 952
913 956
913 978
914 958
914 974
915 928
915 954
916 919
916 925
916 948
916 973
916 991
916 997
916 999
917 932
917 953
917 960
917 979
917 984
917 988
918 937
919 951
920 925
920 936
920 952
920 986
920 996
921 930
921 931
921 936
921 955
921 978
922 932
922 960
922 988
923 924
923 926
923 945
923 957
924 945
924 957
925 995
926 935
927 987
928 969
929 940
930 931
930 946
930 949
930 970
930 978
931 936
931 970
932 952
932 953
932 964
932 984
933 950
933 953
933 962
933 968
933 980
933 989
933 992
934 967
934 989
934 999
935 987
936 946
936 970
936 978
938 985
938 992
939 965
939 978
940 961
941 968
941 971
941 981
942 974
943 947
943 966
943 972
943 973
943 988
945 957
946 950
946 952
946 970
947 968
947 991
947 997
948 951
948 997
949 959
949 970
949 990
950 978
950 980
950 989
951 956
951 977
951 979
951 981
952 956
952 983
952 996
953 960
953 979
953 984
954 986
955 983
956 965
956 998
957 961
957 963
957 965
957 991
958 959
958 983
959 960
959 976
960 964
960 979
960 980
960 982
960 988
961 968
961 980
961 989
961 992
962 965
962 983
963 968
963 975
963 980
963 989
963 992
963 999
964 979
964 984
964 988
966 969
966 973
966 997
967 993
968 980
968 989
968 991
969 974
969 987
969 999
970 978
971 972
971 981
972 976
972 990
974 980
974 989
975 986
975 994
976 1000
978 982
979 982
980 989
980 992
982 988
984 988
984 999
986 994
987 998
989 992
989 999
990 997
991 997
992 999
993 994
995 997
995 1000
997 1000
