1 19 
2 1 
3 23 
4 8 
5 29 
6 1 
7 25 
8 14 
9 1 
10 14 
11 12 
12 14 
13 24 
14 31 
15 7 
16 7 
17 18 
18 11 
19 10 
20 3 
21 26 
22 32 
23 27 
24 25 
25 24 
26 19 
27 23 
28 6 
29 16 
30 10 
31 13 
32 3 
33 28 
34 5 
35 1 
36 13 
37 14 
38 18 
39 3 
40 23 
41 25 
42 24 
43 6 
44 10 
45 18 
46 21 
47 7 
48 20 
49 2 
50 19 
51 10 
52 29 
53 2 
54 20 
55 28 
56 7 
57 25 
58 31 
59 9 
60 11 
61 17 
62 2 
63 32 
64 25 
65 6 
66 8 
67 29 
68 22 
69 18 
70 23 
71 13 
72 21 
73 31 
74 19 
75 29 
76 30 
77 2 
78 5 
79 17 
80 25 
81 12 
82 21 
83 11 
84 10 
85 6 
86 26 
87 5 
88 6 
89 29 
90 20 
91 6 
92 29 
93 11 
94 33 
95 21 
96 27 
97 3 
98 7 
99 23 
100 32 
101 12 
102 2 
103 11 
104 2 
105 23 
106 6 
107 20 
108 14 
109 1 
110 23 
111 7 
112 6 
113 31 
114 31 
115 26 
116 12 
117 23 
118 23 
119 30 
120 27 
121 18 
122 32 
123 17 
124 11 
125 29 
126 27 
127 24 
128 13 
129 29 
130 26 
131 31 
132 7 
133 9 
134 21 
135 14 
136 27 
137 24 
138 6 
139 19 
140 1 
141 18 
142 21 
143 8 
144 19 
145 13 
146 18 
147 18 
148 10 
149 20 
150 12 
151 28 
152 2 
153 5 
154 21 
155 33 
156 29 
157 22 
158 25 
159 1 
160 8 
161 12 
162 29 
163 28 
164 9 
165 7 
166 21 
167 15 
168 5 
169 3 
170 10 
171 17 
172 17 
173 22 
174 20 
175 25 
176 13 
177 7 
178 9 
179 9 
180 25 
181 4 
182 22 
183 2 
184 28 
185 19 
186 33 
187 15 
188 1 
189 22 
190 27 
191 19 
192 7 
193 9 
194 20 
195 5 
196 9 
197 28 
198 4 
199 4 
200 14 
201 17 
202 18 
203 7 
204 27 
205 22 
206 24 
207 16 
208 18 
209 4 
210 20 
211 16 
212 32 
213 7 
214 19 
215 6 
216 20 
217 7 
218 13 
219 24 
220 29 
221 10 
222 29 
223 1 
224 25 
225 5 
226 11 
227 2 
228 4 
229 31 
230 31 
231 12 
232 4 
233 28 
234 22 
235 16 
236 5 
237 17 
238 33 
239 31 
240 33 
241 15 
242 33 
243 30 
244 21 
245 22 
246 22 
247 22 
248 1 
249 30 
250 21 
251 29 
252 28 
253 15 
254 32 
255 3 
256 32 
257 19 
258 15 
259 19 
260 6 
261 1 
262 5 
263 24 
264 7 
265 6 
266 23 
267 26 
268 5 
269 8 
270 15 
271 8 
272 33 
273 12 
274 14 
275 11 
276 10 
277 6 
278 28 
279 32 
280 3 
281 21 
282 14 
283 14 
284 26 
285 11 
286 18 
287 23 
288 13 
289 20 
290 4 
291 18 
292 27 
293 8 
294 30 
295 29 
296 3 
297 5 
298 7 
299 10 
300 9 
301 13 
302 27 
303 28 
304 30 
305 18 
306 9 
307 16 
308 14 
309 23 
310 9 
311 30 
312 8 
313 21 
314 33 
315 14 
316 7 
317 16 
318 24 
319 33 
320 12 
321 1 
322 23 
323 16 
324 23 
325 18 
326 24 
327 33 
328 4 
329 25 
330 29 
331 15 
332 6 
333 6 
334 17 
335 32 
336 16 
337 18 
338 33 
339 12 
340 13 
341 12 
342 4 
343 6 
344 25 
345 13 
346 4 
347 21 
348 14 
349 32 
350 21 
351 17 
352 23 
353 11 
354 20 
355 11 
356 12 
357 30 
358 14 
359 16 
360 26 
361 2 
362 6 
363 6 
364 27 
365 33 
366 29 
367 14 
368 11 
369 21 
370 30 
371 30 
372 3 
373 29 
374 19 
375 22 
376 31 
377 5 
378 28 
379 18 
380 26 
381 7 
382 24 
383 7 
384 12 
385 33 
386 4 
387 21 
388 20 
389 11 
390 14 
391 20 
392 27 
393 16 
394 30 
395 10 
396 16 
397 19 
398 23 
399 15 
400 17 
401 9 
402 20 
403 8 
404 1 
405 27 
406 22 
407 8 
408 1 
409 33 
410 17 
411 4 
412 8 
413 32 
414 9 
415 33 
416 25 
417 18 
418 21 
419 31 
420 22 
421 2 
422 25 
423 17 
424 5 
425 3 
426 10 
427 32 
428 15 
429 16 
430 4 
431 12 
432 10 
433 9 
434 33 
435 20 
436 32 
437 12 
438 3 
439 30 
440 7 
441 26 
442 29 
443 26 
444 29 
445 30 
446 19 
447 22 
448 22 
449 11 
450 16 
451 3 
452 18 
453 1 
454 10 
455 11 
456 24 
457 20 
458 1 
459 9 
460 12 
461 5 
462 3 
463 2 
464 8 
465 1 
466 18 
467 4 
468 19 
469 11 
470 16 
471 28 
472 25 
473 9 
474 17 
475 21 
476 33 
477 26 
478 18 
479 18 
480 7 
481 14 
482 10 
483 14 
484 1 
485 10 
486 13 
487 33 
488 5 
489 32 
490 15 
491 20 
492 21 
493 16 
494 21 
495 22 
496 4 
497 8 
498 13 
499 6 
500 12 
501 27 
502 23 
503 15 
504 2 
505 5 
506 23 
507 21 
508 21 
509 13 
510 24 
511 11 
512 18 
513 33 
514 15 
515 12 
516 31 
517 19 
518 14 
519 8 
520 14 
521 2 
522 27 
523 17 
524 27 
525 22 
526 19 
527 23 
528 25 
529 32 
530 16 
531 33 
532 9 
533 23 
534 3 
535 15 
536 26 
537 2 
538 26 
539 12 
540 11 
541 32 
542 31 
543 17 
544 30 
545 2 
546 10 
547 6 
548 14 
549 9 
550 11 
551 5 
552 14 
553 22 
554 19 
555 28 
556 29 
557 19 
558 29 
559 30 
560 10 
561 12 
562 8 
563 13 
564 10 
565 22 
566 8 
567 5 
568 29 
569 26 
570 31 
571 4 
572 33 
573 32 
574 28 
575 27 
576 2 
577 15 
578 14 
579 30 
580 12 
581 13 
582 12 
583 15 
584 26 
585 26 
586 16 
587 16 
588 28 
589 26 
590 7 
591 8 
592 16 
593 24 
594 15 
595 14 
596 7 
597 19 
598 24 
599 29 
600 19 
601 24 
602 12 
603 18 
604 32 
605 33 
606 30 
607 16 
608 12 
609 28 
610 1 
611 23 
612 28 
613 24 
614 12 
615 9 
616 26 
617 17 
618 32 
619 6 
620 19 
621 3 
622 2 
623 3 
624 26 
625 5 
626 31 
627 8 
628 8 
629 32 
630 19 
631 14 
632 32 
633 21 
634 4 
635 19 
636 24 
637 4 
638 15 
639 20 
640 24 
641 17 
642 21 
643 17 
644 6 
645 22 
646 29 
647 11 
648 27 
649 23 
650 7 
651 14 
652 33 
653 21 
654 31 
655 22 
656 4 
657 18 
658 11 
659 17 
660 31 
661 6 
662 12 
663 27 
664 9 
665 15 
666 2 
667 4 
668 16 
669 11 
670 2 
671 3 
672 27 
673 3 
674 25 
675 17 
676 30 
677 11 
678 26 
679 7 
680 20 
681 24 
682 32 
683 29 
684 19 
685 13 
686 20 
687 33 
688 22 
689 12 
690 16 
691 29 
692 9 
693 26 
694 27 
695 15 
696 13 
697 11 
698 32 
699 24 
700 20 
701 26 
702 6 
703 31 
704 31 
705 5 
706 26 
707 18 
708 15 
709 25 
710 30 
711 26 
712 2 
713 30 
714 29 
715 5 
716 28 
717 8 
718 31 
719 1 
720 28 
721 28 
722 17 
723 21 
724 33 
725 16 
726 27 
727 33 
728 17 
729 18 
730 14 
731 10 
732 19 
733 4 
734 3 
735 15 
736 20 
737 16 
738 14 
739 1 
740 2 
741 20 
742 28 
743 18 
744 28 
745 23 
746 13 
747 31 
748 26 
749 1 
750 4 
751 10 
752 13 
753 26 
754 24 
755 15 
756 9 
757 6 
758 12 
759 13 
760 19 
761 10 
762 1 
763 4 
764 14 
765 31 
766 9 
767 13 
768 6 
769 8 
770 18 
771 22 
772 19 
773 25 
774 8 
775 15 
776 8 
777 20 
778 28 
779 21 
780 14 
781 2 
782 15 
783 3 
784 31 
785 26 
786 25 
787 1 
788 3 
789 9 
790 15 
791 14 
792 21 
793 1 
794 18 
795 11 
796 4 
797 29 
798 11 
799 6 
800 28 
801 7 
802 6 
803 32 
804 27 
805 28 
806 22 
807 18 
808 33 
809 28 
810 32 
811 7 
812 1 
813 33 
814 2 
815 13 
816 6 
817 12 
818 29 
819 3 
820 3 
821 15 
822 31 
823 7 
824 9 
825 25 
826 25 
827 29 
828 23 
829 20 
830 15 
831 6 
832 15 
833 18 
834 23 
835 6 
836 33 
837 17 
838 33 
839 25 
840 22 
841 23 
842 12 
843 18 
844 21 
845 11 
846 17 
847 32 
848 11 
849 31 
850 33 
851 1 
852 25 
853 33 
854 21 
855 15 
856 9 
857 9 
858 14 
859 28 
860 25 
861 26 
862 28 
863 1 
864 11 
865 15 
866 12 
867 4 
868 21 
869 1 
870 28 
871 29 
872 26 
873 33 
874 25 
875 14 
876 11 
877 33 
878 7 
879 31 
880 15 
881 22 
882 17 
883 26 
884 31 
885 22 
886 15 
887 3 
888 3 
889 2 
890 33 
891 3 
892 33 
893 25 
894 25 
895 18 
896 11 
897 12 
898 7 
899 21 
900 18 
901 6 
902 22 
903 19 
904 2 
905 7 
906 29 
907 2 
908 1 
909 2 
910 31 
911 25 
912 9 
913 21 
914 14 
915 3 
916 3 
917 18 
918 2 
919 12 
920 21 
921 26 
922 6 
923 7 
924 25 
925 15 
926 26 
927 6 
928 28 
929 18 
930 3 
931 15 
932 6 
933 18 
934 18 
935 26 
936 15 
937 11 
938 25 
939 7 
940 22 
941 7 
942 14 
943 1 
944 22 
945 31 
946 15 
947 12 
948 1 
949 18 
950 28 
951 1 
952 14 
953 19 
954 12 
955 3 
956 21 
957 7 
958 7 
959 33 
960 19 
961 18 
962 31 
963 25 
964 19 
965 29 
966 12 
967 21 
968 28 
969 14 
970 15 
971 7 
972 26 
973 12 
974 26 
975 31 
976 14 
977 1 
978 15 
979 6 
980 28 
981 7 
982 6 
983 7 
984 6 
985 12 
986 25 
987 19 
988 6 
989 28 
990 26 
991 12 
992 28 
993 29 
994 25 
995 25 
996 21 
997 1 
998 7 
999 28 
1000 15 
