1 18 
2 1 
3 18 
4 6 
5 21 
6 1 
7 19 
8 11 
9 1 
10 11 
11 10 
12 11 
13 18 
14 23 
15 27 
16 27 
17 20 
18 9 
19 8 
20 3 
21 19 
22 24 
23 31 
24 10 
25 18 
26 18 
27 18 
28 5 
29 13 
30 8 
31 29 
32 3 
33 20 
34 4 
35 1 
36 29 
37 11 
38 20 
39 3 
40 18 
41 19 
42 18 
43 5 
44 8 
45 20 
46 16 
47 27 
48 15 
49 19 
50 18 
51 7 
52 21 
53 2 
54 15 
55 9 
56 26 
57 19 
58 22 
59 7 
60 9 
61 10 
62 2 
63 24 
64 19 
65 5 
66 6 
67 21 
68 17 
69 20 
70 18 
71 28 
72 16 
73 23 
74 18 
75 21 
76 7 
77 2 
78 4 
79 14 
80 19 
81 10 
82 16 
83 9 
84 8 
85 5 
86 19 
87 4 
88 5 
89 21 
90 15 
91 5 
92 21 
93 9 
94 7 
95 16 
96 30 
97 3 
98 27 
99 18 
100 24 
101 10 
102 2 
103 20 
104 2 
105 18 
106 5 
107 15 
108 11 
109 16 
110 18 
111 26 
112 5 
113 23 
114 17 
115 19 
116 10 
117 18 
118 18 
119 22 
120 30 
121 20 
122 24 
123 14 
124 17 
125 7 
126 30 
127 18 
128 11 
129 22 
130 19 
131 23 
132 26 
133 7 
134 16 
135 11 
136 31 
137 18 
138 5 
139 18 
140 1 
141 20 
142 16 
143 6 
144 18 
145 29 
146 20 
147 20 
148 1 
149 15 
150 10 
151 20 
152 2 
153 4 
154 16 
155 25 
156 1 
157 17 
158 19 
159 1 
160 6 
161 20 
162 21 
163 20 
164 7 
165 26 
166 16 
167 12 
168 4 
169 3 
170 8 
171 14 
172 14 
173 17 
174 15 
175 19 
176 28 
177 27 
178 7 
179 7 
180 19 
181 33 
182 17 
183 12 
184 20 
185 18 
186 25 
187 12 
188 1 
189 17 
190 1 
191 18 
192 26 
193 7 
194 15 
195 4 
196 7 
197 20 
198 32 
199 33 
200 11 
201 14 
202 20 
203 27 
204 30 
205 17 
206 18 
207 13 
208 20 
209 33 
210 15 
211 19 
212 24 
213 26 
214 18 
215 26 
216 15 
217 26 
218 29 
219 18 
220 21 
221 8 
222 15 
223 1 
224 19 
225 4 
226 9 
227 2 
228 32 
229 23 
230 23 
231 10 
232 33 
233 20 
234 17 
235 13 
236 4 
237 14 
238 25 
239 23 
240 25 
241 7 
242 25 
243 22 
244 16 
245 17 
246 17 
247 17 
248 1 
249 20 
250 16 
251 21 
252 5 
253 12 
254 24 
255 3 
256 24 
257 18 
258 12 
259 18 
260 5 
261 1 
262 4 
263 18 
264 27 
265 5 
266 18 
267 19 
268 4 
269 6 
270 12 
271 6 
272 25 
273 10 
274 11 
275 9 
276 8 
277 26 
278 20 
279 24 
280 3 
281 16 
282 11 
283 11 
284 19 
285 9 
286 20 
287 18 
288 29 
289 15 
290 33 
291 20 
292 31 
293 6 
294 22 
295 21 
296 3 
297 4 
298 26 
299 8 
300 7 
301 29 
302 30 
303 20 
304 22 
305 20 
306 7 
307 13 
308 11 
309 18 
310 10 
311 22 
312 6 
313 16 
314 25 
315 11 
316 26 
317 13 
318 18 
319 24 
320 10 
321 1 
322 18 
323 13 
324 18 
325 20 
326 18 
327 25 
328 33 
329 19 
330 21 
331 12 
332 5 
333 5 
334 14 
335 24 
336 13 
337 20 
338 25 
339 10 
340 28 
341 10 
342 33 
343 5 
344 19 
345 28 
346 33 
347 16 
348 11 
349 24 
350 16 
351 14 
352 18 
353 9 
354 15 
355 9 
356 6 
357 22 
358 11 
359 13 
360 19 
361 2 
362 5 
363 5 
364 31 
365 25 
366 21 
367 11 
368 9 
369 16 
370 22 
371 22 
372 3 
373 21 
374 18 
375 17 
376 23 
377 4 
378 20 
379 20 
380 19 
381 26 
382 25 
383 26 
384 10 
385 25 
386 33 
387 16 
388 15 
389 9 
390 11 
391 15 
392 31 
393 13 
394 22 
395 8 
396 13 
397 18 
398 27 
399 12 
400 14 
401 7 
402 15 
403 6 
404 32 
405 31 
406 17 
407 6 
408 1 
409 25 
410 14 
411 33 
412 6 
413 24 
414 7 
415 2 
416 19 
417 20 
418 16 
419 23 
420 17 
421 2 
422 19 
423 14 
424 4 
425 3 
426 8 
427 24 
428 12 
429 13 
430 33 
431 10 
432 8 
433 7 
434 11 
435 15 
436 24 
437 10 
438 6 
439 22 
440 26 
441 19 
442 21 
443 19 
444 21 
445 22 
446 18 
447 17 
448 17 
449 8 
450 13 
451 3 
452 20 
453 1 
454 8 
455 9 
456 18 
457 15 
458 28 
459 7 
460 10 
461 4 
462 3 
463 2 
464 6 
465 18 
466 20 
467 32 
468 18 
469 9 
470 13 
471 20 
472 19 
473 7 
474 14 
475 16 
476 25 
477 27 
478 27 
479 20 
480 26 
481 11 
482 8 
483 11 
484 1 
485 8 
486 17 
487 25 
488 25 
489 10 
490 12 
491 17 
492 16 
493 13 
494 16 
495 17 
496 32 
497 6 
498 11 
499 5 
500 17 
501 31 
502 18 
503 12 
504 22 
505 4 
506 18 
507 16 
508 16 
509 28 
510 18 
511 9 
512 20 
513 25 
514 12 
515 10 
516 23 
517 18 
518 11 
519 6 
520 6 
521 2 
522 9 
523 14 
524 31 
525 17 
526 14 
527 18 
528 19 
529 24 
530 13 
531 25 
532 7 
533 18 
534 3 
535 12 
536 19 
537 2 
538 19 
539 10 
540 9 
541 24 
542 23 
543 14 
544 22 
545 3 
546 8 
547 5 
548 11 
549 7 
550 9 
551 4 
552 11 
553 17 
554 18 
555 23 
556 21 
557 18 
558 21 
559 22 
560 8 
561 10 
562 6 
563 28 
564 8 
565 17 
566 33 
567 4 
568 21 
569 19 
570 23 
571 32 
572 25 
573 24 
574 20 
575 30 
576 2 
577 12 
578 11 
579 22 
580 10 
581 10 
582 10 
583 12 
584 4 
585 19 
586 13 
587 13 
588 20 
589 19 
590 27 
591 6 
592 8 
593 18 
594 12 
595 11 
596 26 
597 18 
598 18 
599 21 
600 18 
601 18 
602 10 
603 12 
604 24 
605 25 
606 22 
607 26 
608 10 
609 16 
610 1 
611 18 
612 20 
613 21 
614 10 
615 7 
616 19 
617 14 
618 24 
619 5 
620 18 
621 3 
622 2 
623 3 
624 19 
625 30 
626 23 
627 6 
628 18 
629 24 
630 18 
631 11 
632 24 
633 16 
634 32 
635 18 
636 18 
637 32 
638 12 
639 15 
640 18 
641 14 
642 13 
643 14 
644 5 
645 17 
646 21 
647 9 
648 31 
649 18 
650 27 
651 11 
652 25 
653 16 
654 23 
655 17 
656 32 
657 20 
658 9 
659 12 
660 23 
661 5 
662 10 
663 30 
664 12 
665 12 
666 13 
667 32 
668 13 
669 24 
670 2 
671 3 
672 30 
673 3 
674 19 
675 14 
676 22 
677 9 
678 19 
679 27 
680 15 
681 18 
682 24 
683 21 
684 18 
685 29 
686 15 
687 25 
688 17 
689 10 
690 13 
691 21 
692 7 
693 19 
694 30 
695 12 
696 28 
697 9 
698 24 
699 18 
700 15 
701 19 
702 5 
703 23 
704 23 
705 4 
706 19 
707 20 
708 12 
709 19 
710 22 
711 19 
712 2 
713 22 
714 21 
715 4 
716 10 
717 6 
718 23 
719 1 
720 20 
721 20 
722 11 
723 16 
724 25 
725 13 
726 18 
727 25 
728 14 
729 3 
730 11 
731 8 
732 18 
733 27 
734 3 
735 12 
736 15 
737 14 
738 11 
739 1 
740 2 
741 15 
742 20 
743 20 
744 20 
745 18 
746 28 
747 23 
748 20 
749 1 
750 32 
751 8 
752 29 
753 25 
754 8 
755 12 
756 7 
757 5 
758 10 
759 20 
760 7 
761 8 
762 1 
763 20 
764 11 
765 23 
766 7 
767 3 
768 5 
769 6 
770 20 
771 17 
772 18 
773 19 
774 6 
775 12 
776 6 
777 22 
778 20 
779 16 
780 11 
781 2 
782 12 
783 3 
784 23 
785 19 
786 19 
787 1 
788 3 
789 7 
790 12 
791 11 
792 16 
793 1 
794 20 
795 9 
796 33 
797 21 
798 9 
799 5 
800 20 
801 26 
802 5 
803 24 
804 30 
805 20 
806 18 
807 20 
808 25 
809 20 
810 24 
811 27 
812 1 
813 25 
814 2 
815 29 
816 5 
817 10 
818 21 
819 3 
820 3 
821 12 
822 23 
823 27 
824 7 
825 19 
826 19 
827 21 
828 18 
829 15 
830 1 
831 5 
832 12 
833 20 
834 18 
835 5 
836 25 
837 14 
838 25 
839 19 
840 13 
841 18 
842 10 
843 20 
844 16 
845 9 
846 14 
847 24 
848 9 
849 23 
850 20 
851 26 
852 19 
853 25 
854 16 
855 12 
856 7 
857 7 
858 20 
859 19 
860 4 
861 19 
862 20 
863 1 
864 9 
865 12 
866 10 
867 32 
868 16 
869 1 
870 20 
871 21 
872 19 
873 25 
874 19 
875 11 
876 9 
877 25 
878 26 
879 23 
880 12 
881 17 
882 14 
883 19 
884 23 
885 17 
886 12 
887 3 
888 3 
889 2 
890 25 
891 3 
892 25 
893 19 
894 19 
895 20 
896 9 
897 10 
898 27 
899 16 
900 20 
901 18 
902 17 
903 18 
904 2 
905 27 
906 21 
907 2 
908 1 
909 13 
910 4 
911 19 
912 7 
913 16 
914 11 
915 3 
916 32 
917 20 
918 2 
919 10 
920 16 
921 19 
922 5 
923 27 
924 19 
925 12 
926 19 
927 5 
928 11 
929 20 
930 3 
931 12 
932 5 
933 20 
934 20 
935 19 
936 12 
937 9 
938 19 
939 26 
940 17 
941 26 
942 11 
943 1 
944 17 
945 23 
946 12 
947 10 
948 1 
949 25 
950 20 
951 1 
952 11 
953 18 
954 31 
955 3 
956 16 
957 27 
958 27 
959 25 
960 18 
961 20 
962 23 
963 19 
964 18 
965 21 
966 10 
967 16 
968 20 
969 11 
970 12 
971 26 
972 19 
973 10 
974 11 
975 23 
976 11 
977 1 
978 12 
979 5 
980 20 
981 26 
982 5 
983 27 
984 5 
985 10 
986 19 
987 18 
988 5 
989 20 
990 19 
991 10 
992 20 
993 21 
994 19 
995 19 
996 16 
997 1 
998 27 
999 20 
1000 12 
