1 16 
2 1 
3 16 
4 23 
5 18 
6 1 
7 32 
8 9 
9 1 
10 9 
11 8 
12 9 
13 16 
14 19 
15 30 
16 22 
17 17 
18 7 
19 24 
20 30 
21 33 
22 19 
23 30 
24 8 
25 11 
26 16 
27 16 
28 6 
29 11 
30 24 
31 26 
32 3 
33 17 
34 4 
35 1 
36 28 
37 9 
38 17 
39 27 
40 16 
41 32 
42 16 
43 6 
44 24 
45 17 
46 14 
47 22 
48 13 
49 33 
50 16 
51 6 
52 18 
53 2 
54 13 
55 7 
56 21 
57 32 
58 27 
59 6 
60 7 
61 8 
62 2 
63 31 
64 32 
65 6 
66 5 
67 18 
68 15 
69 17 
70 16 
71 20 
72 14 
73 19 
74 16 
75 18 
76 6 
77 2 
78 4 
79 32 
80 33 
81 8 
82 14 
83 7 
84 14 
85 6 
86 32 
87 4 
88 18 
89 18 
90 13 
91 6 
92 18 
93 7 
94 6 
95 14 
96 7 
97 3 
98 22 
99 16 
100 31 
101 10 
102 2 
103 17 
104 2 
105 16 
106 6 
107 6 
108 9 
109 14 
110 16 
111 21 
112 24 
113 17 
114 15 
115 32 
116 8 
117 16 
118 16 
119 26 
120 7 
121 17 
122 31 
123 12 
124 15 
125 6 
126 7 
127 16 
128 9 
129 26 
130 33 
131 19 
132 21 
133 6 
134 14 
135 9 
136 28 
137 16 
138 6 
139 16 
140 1 
141 17 
142 14 
143 5 
144 16 
145 29 
146 17 
147 17 
148 1 
149 13 
150 8 
151 17 
152 2 
153 4 
154 14 
155 20 
156 1 
157 15 
158 33 
159 1 
160 5 
161 17 
162 18 
163 17 
164 6 
165 21 
166 14 
167 10 
168 4 
169 3 
170 24 
171 12 
172 12 
173 15 
174 13 
175 9 
176 23 
177 24 
178 6 
179 6 
180 33 
181 25 
182 15 
183 10 
184 16 
185 16 
186 20 
187 10 
188 1 
189 15 
190 1 
191 16 
192 21 
193 6 
194 13 
195 4 
196 6 
197 17 
198 11 
199 25 
200 9 
201 8 
202 17 
203 22 
204 7 
205 15 
206 16 
207 11 
208 17 
209 25 
210 13 
211 33 
212 30 
213 13 
214 16 
215 21 
216 13 
217 21 
218 29 
219 8 
220 3 
221 24 
222 13 
223 1 
224 32 
225 11 
226 7 
227 2 
228 11 
229 19 
230 19 
231 8 
232 6 
233 32 
234 15 
235 11 
236 4 
237 12 
238 20 
239 26 
240 20 
241 6 
242 20 
243 27 
244 14 
245 15 
246 15 
247 15 
248 1 
249 17 
250 14 
251 18 
252 6 
253 10 
254 31 
255 3 
256 30 
257 16 
258 10 
259 16 
260 6 
261 1 
262 4 
263 16 
264 22 
265 6 
266 16 
267 33 
268 4 
269 5 
270 10 
271 5 
272 20 
273 1 
274 9 
275 7 
276 24 
277 21 
278 17 
279 31 
280 3 
281 14 
282 9 
283 9 
284 33 
285 7 
286 17 
287 16 
288 12 
289 13 
290 25 
291 17 
292 24 
293 5 
294 27 
295 18 
296 3 
297 4 
298 21 
299 24 
300 6 
301 29 
302 7 
303 4 
304 27 
305 17 
306 6 
307 11 
308 15 
309 16 
310 8 
311 11 
312 5 
313 14 
314 20 
315 9 
316 21 
317 11 
318 16 
319 30 
320 8 
321 1 
322 16 
323 11 
324 16 
325 17 
326 16 
327 20 
328 25 
329 33 
330 18 
331 10 
332 6 
333 6 
334 12 
335 30 
336 11 
337 17 
338 20 
339 8 
340 23 
341 8 
342 17 
343 6 
344 32 
345 23 
346 25 
347 14 
348 9 
349 30 
350 14 
351 21 
352 16 
353 7 
354 13 
355 7 
356 5 
357 26 
358 9 
359 11 
360 33 
361 2 
362 6 
363 33 
364 24 
365 20 
366 18 
367 9 
368 7 
369 14 
370 26 
371 16 
372 3 
373 18 
374 16 
375 15 
376 19 
377 4 
378 17 
379 17 
380 33 
381 21 
382 20 
383 6 
384 8 
385 20 
386 25 
387 14 
388 13 
389 7 
390 9 
391 13 
392 24 
393 11 
394 27 
395 24 
396 11 
397 16 
398 22 
399 10 
400 30 
401 6 
402 2 
403 5 
404 11 
405 24 
406 15 
407 5 
408 1 
409 20 
410 21 
411 25 
412 5 
413 30 
414 6 
415 24 
416 32 
417 33 
418 14 
419 19 
420 15 
421 10 
422 27 
423 16 
424 4 
425 15 
426 30 
427 6 
428 10 
429 10 
430 25 
431 8 
432 24 
433 6 
434 9 
435 13 
436 31 
437 8 
438 5 
439 27 
440 21 
441 32 
442 12 
443 32 
444 21 
445 26 
446 16 
447 15 
448 15 
449 24 
450 11 
451 3 
452 17 
453 1 
454 24 
455 7 
456 16 
457 13 
458 23 
459 6 
460 8 
461 4 
462 3 
463 2 
464 5 
465 16 
466 17 
467 11 
468 16 
469 7 
470 11 
471 17 
472 33 
473 6 
474 12 
475 14 
476 20 
477 22 
478 22 
479 17 
480 21 
481 9 
482 24 
483 9 
484 1 
485 24 
486 15 
487 20 
488 20 
489 8 
490 10 
491 15 
492 14 
493 11 
494 14 
495 15 
496 11 
497 5 
498 9 
499 6 
500 15 
501 5 
502 16 
503 10 
504 26 
505 4 
506 16 
507 14 
508 14 
509 4 
510 16 
511 7 
512 17 
513 20 
514 10 
515 8 
516 19 
517 16 
518 1 
519 5 
520 5 
521 6 
522 7 
523 12 
524 24 
525 15 
526 12 
527 16 
528 33 
529 30 
530 11 
531 20 
532 6 
533 16 
534 24 
535 10 
536 32 
537 2 
538 33 
539 6 
540 7 
541 31 
542 19 
543 12 
544 27 
545 3 
546 24 
547 6 
548 9 
549 6 
550 13 
551 4 
552 9 
553 15 
554 16 
555 19 
556 18 
557 16 
558 18 
559 26 
560 24 
561 8 
562 5 
563 23 
564 24 
565 15 
566 25 
567 4 
568 18 
569 33 
570 19 
571 11 
572 20 
573 31 
574 17 
575 7 
576 2 
577 10 
578 9 
579 26 
580 8 
581 8 
582 8 
583 25 
584 28 
585 33 
586 11 
587 11 
588 17 
589 33 
590 22 
591 7 
592 24 
593 16 
594 10 
595 9 
596 21 
597 16 
598 16 
599 18 
600 16 
601 16 
602 8 
603 10 
604 30 
605 20 
606 26 
607 21 
608 8 
609 14 
610 1 
611 16 
612 17 
613 18 
614 8 
615 6 
616 32 
617 12 
618 30 
619 6 
620 16 
621 3 
622 2 
623 3 
624 33 
625 7 
626 19 
627 5 
628 16 
629 31 
630 16 
631 9 
632 26 
633 14 
634 11 
635 16 
636 16 
637 11 
638 10 
639 13 
640 16 
641 12 
642 11 
643 12 
644 6 
645 15 
646 29 
647 7 
648 24 
649 16 
650 24 
651 9 
652 20 
653 14 
654 19 
655 15 
656 11 
657 17 
658 7 
659 10 
660 19 
661 6 
662 8 
663 7 
664 10 
665 10 
666 11 
667 11 
668 11 
669 30 
670 2 
671 3 
672 7 
673 3 
674 32 
675 12 
676 27 
677 7 
678 33 
679 22 
680 33 
681 16 
682 31 
683 4 
684 16 
685 29 
686 13 
687 20 
688 15 
689 8 
690 11 
691 18 
692 9 
693 32 
694 7 
695 10 
696 7 
697 7 
698 31 
699 16 
700 17 
701 33 
702 6 
703 1 
704 19 
705 24 
706 32 
707 17 
708 10 
709 32 
710 27 
711 33 
712 2 
713 27 
714 18 
715 4 
716 8 
717 5 
718 19 
719 2 
720 17 
721 17 
722 9 
723 14 
724 20 
725 11 
726 16 
727 20 
728 12 
729 3 
730 9 
731 24 
732 16 
733 22 
734 3 
735 10 
736 13 
737 1 
738 9 
739 1 
740 2 
741 13 
742 17 
743 17 
744 17 
745 16 
746 23 
747 19 
748 17 
749 1 
750 11 
751 24 
752 28 
753 20 
754 24 
755 10 
756 6 
757 6 
758 8 
759 17 
760 6 
761 7 
762 1 
763 17 
764 7 
765 19 
766 6 
767 3 
768 6 
769 5 
770 17 
771 15 
772 16 
773 32 
774 5 
775 7 
776 5 
777 26 
778 17 
779 14 
780 9 
781 2 
782 10 
783 3 
784 19 
785 32 
786 32 
787 1 
788 3 
789 6 
790 10 
791 21 
792 14 
793 1 
794 17 
795 7 
796 25 
797 18 
798 7 
799 6 
800 17 
801 21 
802 6 
803 31 
804 25 
805 17 
806 16 
807 17 
808 20 
809 17 
810 31 
811 22 
812 1 
813 20 
814 2 
815 23 
816 6 
817 8 
818 18 
819 3 
820 3 
821 10 
822 19 
823 22 
824 6 
825 32 
826 33 
827 18 
828 16 
829 13 
830 1 
831 6 
832 10 
833 17 
834 16 
835 2 
836 20 
837 12 
838 20 
839 32 
840 5 
841 16 
842 8 
843 28 
844 14 
845 7 
846 32 
847 31 
848 7 
849 19 
850 17 
851 5 
852 11 
853 20 
854 14 
855 10 
856 6 
857 6 
858 17 
859 33 
860 4 
861 33 
862 17 
863 1 
864 7 
865 10 
866 8 
867 11 
868 3 
869 1 
870 17 
871 18 
872 33 
873 20 
874 33 
875 9 
876 6 
877 20 
878 21 
879 19 
880 10 
881 15 
882 12 
883 33 
884 19 
885 15 
886 10 
887 17 
888 3 
889 2 
890 20 
891 11 
892 20 
893 32 
894 32 
895 17 
896 7 
897 8 
898 22 
899 14 
900 17 
901 16 
902 15 
903 15 
904 2 
905 22 
906 18 
907 22 
908 1 
909 11 
910 4 
911 33 
912 6 
913 14 
914 9 
915 3 
916 11 
917 17 
918 7 
919 8 
920 14 
921 10 
922 6 
923 22 
924 32 
925 10 
926 32 
927 6 
928 9 
929 12 
930 3 
931 10 
932 6 
933 17 
934 17 
935 32 
936 10 
937 7 
938 32 
939 2 
940 15 
941 21 
942 9 
943 1 
944 15 
945 19 
946 10 
947 8 
948 1 
949 20 
950 17 
951 1 
952 9 
953 16 
954 24 
955 3 
956 14 
957 22 
958 22 
959 20 
960 16 
961 17 
962 19 
963 32 
964 16 
965 13 
966 8 
967 17 
968 17 
969 9 
970 10 
971 21 
972 32 
973 8 
974 9 
975 19 
976 9 
977 1 
978 10 
979 6 
980 17 
981 21 
982 6 
983 22 
984 6 
985 8 
986 33 
987 16 
988 6 
989 17 
990 32 
991 8 
992 17 
993 18 
994 33 
995 23 
996 14 
997 1 
998 22 
999 17 
1000 10 
