1 4 
2 8 
3 4 
4 16 
5 12 
6 8 
7 7 
8 6 
9 8 
10 6 
11 8 
12 6 
13 4 
14 32 
15 23 
16 15 
17 11 
18 5 
19 8 
20 23 
21 25 
22 32 
23 23 
24 8 
25 8 
26 4 
27 4 
28 4 
29 18 
30 17 
31 6 
32 1 
33 4 
34 2 
35 8 
36 13 
37 6 
38 11 
39 20 
40 4 
41 29 
42 4 
43 4 
44 17 
45 11 
46 9 
47 15 
48 10 
49 25 
50 4 
51 4 
52 12 
53 26 
54 10 
55 5 
56 14 
57 28 
58 4 
59 4 
60 5 
61 8 
62 27 
63 22 
64 28 
65 4 
66 3 
67 12 
68 30 
69 11 
70 4 
71 13 
72 9 
73 17 
74 4 
75 12 
76 4 
77 1 
78 2 
79 29 
80 25 
81 8 
82 9 
83 5 
84 13 
85 4 
86 28 
87 2 
88 12 
89 12 
90 10 
91 4 
92 12 
93 5 
94 4 
95 9 
96 5 
97 1 
98 8 
99 4 
100 24 
101 7 
102 8 
103 11 
104 26 
105 4 
106 4 
107 4 
108 6 
109 9 
110 4 
111 14 
112 17 
113 11 
114 31 
115 28 
116 8 
117 4 
118 4 
119 19 
120 5 
121 11 
122 24 
123 9 
124 30 
125 4 
126 5 
127 4 
128 6 
129 2 
130 25 
131 32 
132 28 
133 4 
134 9 
135 6 
136 21 
137 24 
138 4 
139 14 
140 8 
141 11 
142 9 
143 3 
144 4 
145 22 
146 11 
147 11 
148 8 
149 10 
150 8 
151 11 
152 26 
153 2 
154 9 
155 13 
156 8 
157 16 
158 25 
159 8 
160 3 
161 11 
162 12 
163 11 
164 4 
165 14 
166 9 
167 7 
168 2 
169 1 
170 17 
171 9 
172 9 
173 30 
174 10 
175 6 
176 16 
177 17 
178 4 
179 6 
180 25 
181 18 
182 30 
183 7 
184 4 
185 4 
186 13 
187 7 
188 8 
189 31 
190 8 
191 4 
192 14 
193 4 
194 10 
195 2 
196 4 
197 11 
198 8 
199 9 
200 6 
201 8 
202 11 
203 15 
204 5 
205 31 
206 4 
207 8 
208 13 
209 18 
210 9 
211 25 
212 23 
213 20 
214 4 
215 10 
216 10 
217 14 
218 8 
219 8 
220 1 
221 17 
222 10 
223 8 
224 29 
225 8 
226 5 
227 27 
228 8 
229 33 
230 33 
231 8 
232 4 
233 29 
234 31 
235 8 
236 2 
237 9 
238 13 
239 3 
240 13 
241 4 
242 13 
243 20 
244 9 
245 31 
246 30 
247 30 
248 8 
249 11 
250 9 
251 12 
252 4 
253 7 
254 24 
255 1 
256 23 
257 4 
258 7 
259 4 
260 4 
261 8 
262 2 
263 4 
264 15 
265 4 
266 4 
267 25 
268 2 
269 3 
270 7 
271 3 
272 13 
273 8 
274 15 
275 5 
276 17 
277 14 
278 11 
279 24 
280 1 
281 9 
282 6 
283 6 
284 25 
285 5 
286 11 
287 4 
288 9 
289 22 
290 8 
291 11 
292 17 
293 3 
294 4 
295 12 
296 1 
297 2 
298 14 
299 17 
300 4 
301 22 
302 5 
303 2 
304 26 
305 11 
306 4 
307 8 
308 31 
309 4 
310 9 
311 8 
312 3 
313 9 
314 13 
315 6 
316 24 
317 8 
318 4 
319 23 
320 8 
321 8 
322 4 
323 9 
324 4 
325 11 
326 4 
327 13 
328 18 
329 25 
330 12 
331 15 
332 4 
333 4 
334 9 
335 23 
336 19 
337 11 
338 13 
339 8 
340 16 
341 8 
342 11 
343 4 
344 28 
345 14 
346 12 
347 9 
348 6 
349 23 
350 9 
351 14 
352 4 
353 5 
354 10 
355 5 
356 3 
357 19 
358 6 
359 8 
360 31 
361 26 
362 4 
363 25 
364 17 
365 13 
366 12 
367 6 
368 5 
369 9 
370 19 
371 4 
372 13 
373 12 
374 4 
375 31 
376 32 
377 2 
378 11 
379 11 
380 25 
381 14 
382 13 
383 4 
384 8 
385 13 
386 16 
387 9 
388 10 
389 30 
390 6 
391 10 
392 17 
393 8 
394 20 
395 23 
396 8 
397 4 
398 15 
399 7 
400 23 
401 4 
402 27 
403 3 
404 8 
405 17 
406 31 
407 3 
408 8 
409 13 
410 14 
411 14 
412 3 
413 23 
414 4 
415 17 
416 28 
417 25 
418 9 
419 32 
420 31 
421 7 
422 16 
423 4 
424 2 
425 30 
426 23 
427 4 
428 7 
429 7 
430 18 
431 8 
432 17 
433 4 
434 6 
435 10 
436 24 
437 8 
438 3 
439 20 
440 14 
441 28 
442 9 
443 29 
444 14 
445 19 
446 4 
447 30 
448 31 
449 17 
450 8 
451 1 
452 11 
453 6 
454 17 
455 5 
456 4 
457 15 
458 16 
459 4 
460 8 
461 2 
462 1 
463 23 
464 3 
465 4 
466 11 
467 8 
468 4 
469 5 
470 17 
471 11 
472 25 
473 4 
474 21 
475 9 
476 13 
477 8 
478 15 
479 11 
480 14 
481 6 
482 17 
483 6 
484 8 
485 17 
486 30 
487 13 
488 13 
489 8 
490 7 
491 31 
492 9 
493 8 
494 19 
495 31 
496 8 
497 31 
498 6 
499 4 
500 31 
501 8 
502 4 
503 7 
504 19 
505 2 
506 4 
507 9 
508 9 
509 2 
510 4 
511 5 
512 11 
513 13 
514 17 
515 8 
516 33 
517 4 
518 8 
519 3 
520 3 
521 4 
522 5 
523 9 
524 17 
525 30 
526 9 
527 4 
528 25 
529 23 
530 8 
531 13 
532 4 
533 4 
534 9 
535 7 
536 28 
537 27 
538 25 
539 4 
540 10 
541 24 
542 33 
543 9 
544 20 
545 1 
546 17 
547 4 
548 6 
549 4 
550 10 
551 2 
552 6 
553 30 
554 4 
555 33 
556 12 
557 4 
558 12 
559 19 
560 17 
561 8 
562 3 
563 17 
564 17 
565 30 
566 18 
567 2 
568 12 
569 25 
570 33 
571 8 
572 13 
573 8 
574 11 
575 5 
576 8 
577 7 
578 6 
579 19 
580 8 
581 8 
582 8 
583 8 
584 21 
585 25 
586 8 
587 8 
588 11 
589 25 
590 15 
591 5 
592 17 
593 4 
594 7 
595 6 
596 14 
597 4 
598 4 
599 18 
600 4 
601 4 
602 8 
603 7 
604 23 
605 13 
606 19 
607 14 
608 17 
609 9 
610 8 
611 4 
612 11 
613 12 
614 8 
615 4 
616 28 
617 9 
618 23 
619 4 
620 6 
621 1 
622 26 
623 1 
624 25 
625 5 
626 33 
627 3 
628 4 
629 24 
630 4 
631 6 
632 19 
633 9 
634 8 
635 4 
636 4 
637 8 
638 7 
639 10 
640 4 
641 9 
642 8 
643 14 
644 4 
645 30 
646 22 
647 5 
648 17 
649 4 
650 17 
651 6 
652 13 
653 9 
654 33 
655 30 
656 8 
657 11 
658 5 
659 7 
660 32 
661 4 
662 8 
663 5 
664 7 
665 7 
666 5 
667 8 
668 8 
669 23 
670 26 
671 1 
672 5 
673 1 
674 29 
675 9 
676 20 
677 5 
678 25 
679 30 
680 25 
681 4 
682 24 
683 2 
684 4 
685 3 
686 10 
687 13 
688 30 
689 8 
690 8 
691 12 
692 6 
693 29 
694 5 
695 7 
696 5 
697 5 
698 24 
699 4 
700 11 
701 25 
702 4 
703 8 
704 32 
705 17 
706 28 
707 11 
708 7 
709 29 
710 20 
711 25 
712 27 
713 20 
714 12 
715 2 
716 8 
717 3 
718 32 
719 27 
720 11 
721 11 
722 6 
723 9 
724 13 
725 8 
726 4 
727 13 
728 9 
729 1 
730 6 
731 17 
732 4 
733 15 
734 1 
735 7 
736 16 
737 8 
738 6 
739 8 
740 27 
741 10 
742 11 
743 11 
744 11 
745 4 
746 16 
747 32 
748 11 
749 8 
750 8 
751 3 
752 21 
753 13 
754 17 
755 7 
756 4 
757 4 
758 8 
759 11 
760 4 
761 19 
762 8 
763 11 
764 5 
765 33 
766 4 
767 1 
768 4 
769 3 
770 11 
771 23 
772 4 
773 29 
774 3 
775 5 
776 8 
777 19 
778 11 
779 9 
780 6 
781 27 
782 24 
783 1 
784 8 
785 28 
786 29 
787 8 
788 1 
789 4 
790 4 
791 14 
792 20 
793 8 
794 11 
795 5 
796 1 
797 12 
798 5 
799 4 
800 11 
801 14 
802 4 
803 24 
804 18 
805 11 
806 4 
807 11 
808 13 
809 11 
810 24 
811 15 
812 9 
813 13 
814 26 
815 16 
816 4 
817 8 
818 12 
819 1 
820 1 
821 24 
822 32 
823 15 
824 4 
825 29 
826 25 
827 12 
828 4 
829 19 
830 8 
831 4 
832 7 
833 11 
834 4 
835 27 
836 4 
837 9 
838 13 
839 29 
840 2 
841 4 
842 8 
843 21 
844 9 
845 5 
846 29 
847 13 
848 5 
849 32 
850 11 
851 3 
852 8 
853 13 
854 6 
855 7 
856 4 
857 4 
858 8 
859 25 
860 2 
861 25 
862 11 
863 8 
864 5 
865 7 
866 8 
867 8 
868 1 
869 8 
870 11 
871 12 
872 25 
873 13 
874 25 
875 6 
876 4 
877 13 
878 14 
879 33 
880 7 
881 30 
882 9 
883 25 
884 32 
885 1 
886 7 
887 11 
888 1 
889 26 
890 13 
891 8 
892 13 
893 28 
894 13 
895 11 
896 5 
897 8 
898 20 
899 9 
900 11 
901 4 
902 30 
903 31 
904 5 
905 15 
906 12 
907 15 
908 8 
909 8 
910 2 
911 25 
912 4 
913 9 
914 6 
915 17 
916 8 
917 11 
918 5 
919 8 
920 9 
921 7 
922 4 
923 15 
924 28 
925 7 
926 28 
927 4 
928 6 
929 22 
930 7 
931 7 
932 4 
933 11 
934 11 
935 28 
936 7 
937 5 
938 29 
939 26 
940 31 
941 14 
942 6 
943 8 
944 31 
945 15 
946 7 
947 8 
948 8 
949 13 
950 11 
951 8 
952 6 
953 4 
954 17 
955 1 
956 9 
957 15 
958 15 
959 13 
960 4 
961 11 
962 33 
963 11 
964 4 
965 10 
966 8 
967 11 
968 11 
969 6 
970 7 
971 14 
972 29 
973 8 
974 6 
975 25 
976 19 
977 8 
978 7 
979 4 
980 11 
981 14 
982 4 
983 15 
984 4 
985 24 
986 25 
987 4 
988 4 
989 11 
990 29 
991 8 
992 11 
993 12 
994 25 
995 16 
996 9 
997 8 
998 15 
999 11 
1000 7 
