1 31 
2 5 
3 30 
4 29 
5 8 
6 5 
7 4 
8 2 
9 5 
10 2 
11 5 
12 5 
13 31 
14 24 
15 2 
16 32 
17 7 
18 3 
19 5 
20 2 
21 18 
22 2 
23 2 
24 5 
25 5 
26 31 
27 31 
28 30 
29 25 
30 11 
31 2 
32 1 
33 31 
34 2 
35 5 
36 9 
37 2 
38 7 
39 14 
40 30 
41 21 
42 30 
43 30 
44 11 
45 7 
46 6 
47 21 
48 24 
49 18 
50 30 
51 30 
52 8 
53 4 
54 5 
55 3 
56 10 
57 20 
58 31 
59 30 
60 2 
61 5 
62 19 
63 16 
64 3 
65 31 
66 5 
67 8 
68 22 
69 7 
70 31 
71 9 
72 6 
73 11 
74 31 
75 23 
76 30 
77 1 
78 2 
79 21 
80 18 
81 5 
82 6 
83 3 
84 9 
85 30 
86 20 
87 2 
88 8 
89 8 
90 24 
91 31 
92 8 
93 3 
94 31 
95 6 
96 3 
97 1 
98 5 
99 30 
100 24 
101 4 
102 5 
103 7 
104 27 
105 30 
106 31 
107 30 
108 2 
109 6 
110 30 
111 22 
112 17 
113 7 
114 23 
115 20 
116 5 
117 31 
118 30 
119 13 
120 3 
121 7 
122 11 
123 6 
124 22 
125 31 
126 3 
127 30 
128 2 
129 2 
130 12 
131 22 
132 20 
133 30 
134 6 
135 2 
136 15 
137 16 
138 30 
139 10 
140 5 
141 7 
142 30 
143 9 
144 31 
145 5 
146 7 
147 7 
148 5 
149 24 
150 5 
151 7 
152 27 
153 2 
154 6 
155 9 
156 5 
157 28 
158 18 
159 5 
160 17 
161 7 
162 8 
163 7 
164 31 
165 15 
166 6 
167 4 
168 17 
169 1 
170 14 
171 6 
172 6 
173 22 
174 4 
175 2 
176 28 
177 11 
178 30 
179 2 
180 18 
181 12 
182 22 
183 4 
184 30 
185 31 
186 9 
187 4 
188 5 
189 23 
190 5 
191 31 
192 10 
193 16 
194 24 
195 2 
196 30 
197 7 
198 5 
199 6 
200 2 
201 5 
202 7 
203 33 
204 3 
205 23 
206 31 
207 5 
208 9 
209 12 
210 6 
211 18 
212 25 
213 14 
214 30 
215 24 
216 24 
217 10 
218 5 
219 5 
220 23 
221 11 
222 24 
223 5 
224 21 
225 5 
226 3 
227 19 
228 5 
229 5 
230 25 
231 5 
232 31 
233 21 
234 23 
235 5 
236 2 
237 6 
238 20 
239 5 
240 9 
241 31 
242 9 
243 14 
244 6 
245 11 
246 22 
247 22 
248 5 
249 7 
250 6 
251 8 
252 31 
253 4 
254 17 
255 1 
256 2 
257 30 
258 4 
259 30 
260 31 
261 5 
262 2 
263 30 
264 32 
265 31 
266 30 
267 18 
268 2 
269 5 
270 4 
271 5 
272 9 
273 5 
274 32 
275 3 
276 11 
277 10 
278 7 
279 17 
280 1 
281 6 
282 2 
283 2 
284 18 
285 3 
286 7 
287 30 
288 6 
289 16 
290 5 
291 7 
292 11 
293 5 
294 31 
295 8 
296 1 
297 2 
298 18 
299 11 
300 30 
301 16 
302 3 
303 2 
304 27 
305 7 
306 31 
307 5 
308 23 
309 30 
310 6 
311 5 
312 5 
313 6 
314 9 
315 2 
316 17 
317 5 
318 30 
319 2 
320 5 
321 5 
322 31 
323 6 
324 30 
325 24 
326 30 
327 9 
328 12 
329 18 
330 8 
331 33 
332 30 
333 30 
334 6 
335 26 
336 13 
337 7 
338 9 
339 5 
340 3 
341 5 
342 7 
343 30 
344 20 
345 22 
346 8 
347 6 
348 2 
349 2 
350 6 
351 10 
352 5 
353 3 
354 24 
355 3 
356 5 
357 13 
358 2 
359 8 
360 2 
361 26 
362 30 
363 18 
364 11 
365 9 
366 8 
367 2 
368 3 
369 6 
370 13 
371 30 
372 9 
373 8 
374 31 
375 23 
376 26 
377 2 
378 7 
379 7 
380 18 
381 10 
382 9 
383 31 
384 5 
385 9 
386 29 
387 6 
388 25 
389 22 
390 2 
391 24 
392 11 
393 5 
394 14 
395 2 
396 5 
397 30 
398 32 
399 4 
400 2 
401 30 
402 23 
403 5 
404 5 
405 11 
406 23 
407 5 
408 5 
409 9 
410 10 
411 10 
412 5 
413 2 
414 30 
415 11 
416 20 
417 12 
418 6 
419 24 
420 23 
421 4 
422 29 
423 31 
424 2 
425 22 
426 2 
427 31 
428 4 
429 4 
430 12 
431 5 
432 11 
433 30 
434 2 
435 24 
436 17 
437 5 
438 5 
439 2 
440 10 
441 20 
442 6 
443 20 
444 10 
445 13 
446 31 
447 22 
448 23 
449 11 
450 5 
451 1 
452 7 
453 2 
454 11 
455 3 
456 30 
457 33 
458 28 
459 31 
460 5 
461 2 
462 1 
463 2 
464 5 
465 31 
466 7 
467 5 
468 30 
469 3 
470 11 
471 7 
472 18 
473 31 
474 15 
475 6 
476 9 
477 5 
478 23 
479 7 
480 24 
481 2 
482 11 
483 2 
484 5 
485 11 
486 22 
487 9 
488 9 
489 5 
490 4 
491 23 
492 6 
493 5 
494 13 
495 23 
496 5 
497 23 
498 2 
499 31 
500 23 
501 5 
502 30 
503 4 
504 5 
505 2 
506 31 
507 6 
508 6 
509 22 
510 30 
511 3 
512 7 
513 9 
514 3 
515 10 
516 25 
517 31 
518 5 
519 5 
520 5 
521 31 
522 8 
523 6 
524 11 
525 22 
526 6 
527 30 
528 18 
529 2 
530 5 
531 9 
532 31 
533 30 
534 6 
535 4 
536 20 
537 19 
538 12 
539 31 
540 24 
541 17 
542 25 
543 6 
544 14 
545 1 
546 11 
547 31 
548 2 
549 30 
550 24 
551 2 
552 2 
553 22 
554 31 
555 25 
556 8 
557 31 
558 8 
559 13 
560 11 
561 5 
562 5 
563 11 
564 11 
565 22 
566 23 
567 2 
568 8 
569 18 
570 25 
571 5 
572 9 
573 5 
574 7 
575 3 
576 5 
577 4 
578 2 
579 13 
580 5 
581 5 
582 5 
583 5 
584 15 
585 20 
586 5 
587 5 
588 7 
589 18 
590 33 
591 3 
592 11 
593 30 
594 4 
595 2 
596 10 
597 30 
598 31 
599 12 
600 30 
601 30 
602 5 
603 4 
604 2 
605 9 
606 15 
607 10 
608 11 
609 6 
610 5 
611 30 
612 7 
613 8 
614 5 
615 31 
616 20 
617 6 
618 2 
619 31 
620 2 
621 1 
622 27 
623 1 
624 18 
625 3 
626 33 
627 5 
628 30 
629 17 
630 2 
631 1 
632 13 
633 6 
634 5 
635 31 
636 30 
637 5 
638 4 
639 24 
640 30 
641 6 
642 5 
643 10 
644 31 
645 22 
646 21 
647 3 
648 5 
649 31 
650 11 
651 2 
652 9 
653 6 
654 25 
655 22 
656 5 
657 7 
658 3 
659 4 
660 24 
661 31 
662 5 
663 3 
664 4 
665 4 
666 3 
667 5 
668 5 
669 2 
670 26 
671 1 
672 3 
673 1 
674 21 
675 6 
676 14 
677 25 
678 16 
679 22 
680 18 
681 30 
682 17 
683 2 
684 30 
685 5 
686 24 
687 9 
688 22 
689 5 
690 5 
691 8 
692 2 
693 21 
694 3 
695 4 
696 13 
697 3 
698 17 
699 31 
700 7 
701 18 
702 31 
703 5 
704 24 
705 11 
706 20 
707 7 
708 4 
709 21 
710 14 
711 18 
712 19 
713 14 
714 8 
715 2 
716 5 
717 5 
718 24 
719 11 
720 24 
721 7 
722 2 
723 6 
724 9 
725 5 
726 31 
727 9 
728 6 
729 3 
730 2 
731 11 
732 31 
733 32 
734 1 
735 17 
736 24 
737 5 
738 2 
739 5 
740 19 
741 21 
742 7 
743 31 
744 7 
745 30 
746 19 
747 2 
748 7 
749 5 
750 5 
751 5 
752 15 
753 9 
754 11 
755 4 
756 30 
757 31 
758 5 
759 7 
760 31 
761 13 
762 5 
763 7 
764 3 
765 5 
766 30 
767 1 
768 30 
769 32 
770 7 
771 2 
772 30 
773 21 
774 5 
775 3 
776 5 
777 13 
778 7 
779 6 
780 2 
781 11 
782 17 
783 1 
784 5 
785 20 
786 21 
787 5 
788 1 
789 30 
790 30 
791 10 
792 25 
793 5 
794 7 
795 3 
796 1 
797 8 
798 3 
799 31 
800 7 
801 10 
802 31 
803 17 
804 10 
805 7 
806 31 
807 7 
808 9 
809 7 
810 17 
811 33 
812 6 
813 9 
814 27 
815 28 
816 30 
817 5 
818 8 
819 1 
820 1 
821 17 
822 24 
823 10 
824 31 
825 11 
826 18 
827 8 
828 30 
829 13 
830 5 
831 30 
832 4 
833 7 
834 31 
835 24 
836 30 
837 6 
838 9 
839 5 
840 2 
841 30 
842 5 
843 15 
844 6 
845 24 
846 4 
847 9 
848 3 
849 24 
850 7 
851 5 
852 5 
853 9 
854 2 
855 4 
856 31 
857 31 
858 5 
859 18 
860 2 
861 18 
862 7 
863 5 
864 20 
865 4 
866 5 
867 5 
868 1 
869 5 
870 7 
871 8 
872 18 
873 9 
874 18 
875 2 
876 30 
877 9 
878 10 
879 19 
880 4 
881 22 
882 6 
883 18 
884 32 
885 1 
886 4 
887 7 
888 1 
889 26 
890 9 
891 5 
892 9 
893 20 
894 9 
895 7 
896 3 
897 5 
898 14 
899 6 
900 7 
901 30 
902 22 
903 23 
904 3 
905 33 
906 8 
907 33 
908 5 
909 5 
910 2 
911 18 
912 30 
913 6 
914 2 
915 11 
916 5 
917 31 
918 3 
919 5 
920 6 
921 4 
922 31 
923 32 
924 32 
925 15 
926 20 
927 30 
928 2 
929 23 
930 4 
931 4 
932 31 
933 7 
934 7 
935 20 
936 4 
937 3 
938 17 
939 24 
940 23 
941 10 
942 2 
943 5 
944 26 
945 32 
946 4 
947 5 
948 5 
949 9 
950 7 
951 5 
952 6 
953 31 
954 11 
955 1 
956 6 
957 32 
958 33 
959 9 
960 31 
961 7 
962 25 
963 7 
964 31 
965 24 
966 5 
967 8 
968 7 
969 2 
970 4 
971 10 
972 21 
973 5 
974 2 
975 18 
976 13 
977 5 
978 4 
979 31 
980 7 
981 10 
982 31 
983 33 
984 31 
985 17 
986 18 
987 30 
988 31 
989 7 
990 21 
991 5 
992 7 
993 8 
994 18 
995 15 
996 6 
997 5 
998 22 
999 7 
1000 13 
