1 468
1 635
1 664
1 670
1 684
1 732
1 755
1 772
1 953
1 960
1 964
1 987
2 223
2 272
2 319
2 739
2 749
2 787
2 793
2 863
2 943
2 977
2 981
2 997
3 99
3 118
3 128
3 322
3 324
3 502
3 533
3 745
3 762
3 828
3 834
3 841
4 269
4 271
4 312
4 464
4 497
4 562
4 596
4 628
4 717
4 774
4 775
4 827
5 10
5 220
5 366
5 373
5 377
5 427
5 797
5 827
5 871
5 906
5 965
5 993
6 50
6 261
6 465
6 787
6 807
6 812
6 869
6 908
6 943
6 948
6 951
6 977
7 143
7 403
7 522
7 852
7 874
7 894
7 911
7 938
7 963
7 986
7 994
7 995
8 483
8 518
8 552
8 738
8 748
8 780
8 791
8 841
8 875
8 942
8 952
8 976
9 319
9 453
9 634
9 787
9 793
9 812
9 908
9 943
9 948
9 951
9 977
9 997
10 277
10 518
10 702
10 730
10 738
10 791
10 875
10 914
10 942
10 952
10 969
11 335
11 402
11 437
11 539
11 561
11 813
11 817
11 897
11 919
11 973
11 985
11 991
12 282
12 283
12 481
12 518
12 738
12 809
12 875
12 914
12 952
12 969
12 972
12 976
13 25
13 318
13 382
13 525
13 601
13 613
13 636
13 640
13 681
13 699
13 754
13 773
14 410
14 558
14 660
14 765
14 822
14 849
14 866
14 879
14 884
14 910
14 962
14 975
15 124
15 129
15 440
15 701
15 878
15 923
15 939
15 941
15 958
15 971
15 981
15 983
16 130
16 217
16 650
16 821
16 878
16 898
16 923
16 957
16 958
16 981
16 986
16 998
17 252
17 729
17 770
17 833
17 843
17 845
17 900
17 917
17 929
17 945
17 949
17 961
18 91
18 544
18 647
18 697
18 795
18 798
18 845
18 848
18 876
18 896
18 937
18 955
19 84
19 395
19 432
19 454
19 482
19 485
19 560
19 564
19 731
19 751
19 789
19 1000
20 86
20 438
20 671
20 734
20 887
20 888
20 891
20 915
20 916
20 930
20 955
20 975
21 148
21 299
21 380
21 589
21 616
21 624
21 693
21 861
21 872
21 926
21 972
21 974
22 43
22 335
22 349
22 436
22 443
22 489
22 529
22 604
22 682
22 803
22 810
22 847
23 96
23 392
23 405
23 522
23 575
23 648
23 672
23 694
23 726
23 738
23 804
23 805
24 315
24 709
24 760
24 852
24 860
24 874
24 893
24 924
24 938
24 986
24 994
24 995
25 127
25 182
25 456
25 510
25 515
25 601
25 613
25 640
25 681
25 699
25 754
26 183
26 403
26 526
26 554
26 557
26 600
26 732
26 760
26 921
26 953
26 960
26 987
27 105
27 322
27 502
27 527
27 533
27 611
27 745
27 789
27 828
27 834
27 841
27 907
28 51
28 211
28 619
28 644
28 816
28 901
28 922
28 932
28 979
28 982
28 984
28 988
29 235
29 323
29 470
29 530
29 587
29 607
29 668
29 690
29 737
29 827
29 858
29 999
30 299
30 349
30 395
30 432
30 454
30 546
30 564
30 696
30 731
30 751
30 761
30 814
31 145
31 283
31 340
31 498
31 563
31 572
31 685
31 696
31 752
31 759
31 767
31 815
32 36
32 466
32 623
32 783
32 788
32 819
32 887
32 888
32 915
32 916
32 930
32 955
33 128
33 401
33 778
33 809
33 859
33 928
33 965
33 968
33 980
33 989
33 992
33 999
34 225
34 236
34 382
34 433
34 488
34 505
34 551
34 567
34 625
34 705
34 715
34 990
35 64
35 247
35 484
35 739
35 762
35 863
35 908
35 943
35 948
35 951
35 977
35 997
36 498
36 509
36 581
36 685
36 696
36 730
36 746
36 752
36 759
36 767
36 815
37 283
37 518
37 595
37 780
37 791
37 875
37 876
37 878
37 914
37 952
37 969
37 976
38 146
38 155
38 337
38 479
38 512
38 729
38 770
38 809
38 843
38 917
38 933
38 961
39 223
39 302
39 673
39 734
39 788
39 819
39 891
39 915
39 916
39 930
39 955
39 997
40 70
40 115
40 287
40 322
40 506
40 548
40 649
40 745
40 828
40 834
40 841
40 979
41 217
41 561
41 798
41 839
41 893
41 894
41 911
41 938
41 963
41 986
41 994
41 995
42 206
42 326
42 382
42 593
42 598
42 601
42 613
42 681
42 699
42 754
42 857
42 915
43 450
43 619
43 644
43 757
43 802
43 835
43 883
43 922
43 982
43 984
43 988
44 221
44 299
44 432
44 454
44 485
44 560
44 690
44 731
44 751
44 761
44 864
44 983
45 379
45 452
45 478
45 508
45 833
45 843
45 862
45 917
45 929
45 933
45 949
45 962
46 728
46 779
46 792
46 854
46 868
46 899
46 903
46 913
46 920
46 956
46 967
46 996
47 286
47 328
47 811
47 823
47 898
47 905
47 939
47 941
47 971
47 981
47 983
47 998
48 107
48 163
48 174
48 391
48 435
48 491
48 503
48 686
48 700
48 736
48 777
48 829
49 125
49 227
49 504
49 521
49 576
49 740
49 814
49 884
49 889
49 904
49 907
49 918
50 58
50 259
50 446
50 468
50 610
50 635
50 732
50 903
50 960
50 964
50 987
51 53
51 221
51 426
51 432
51 454
51 482
51 546
51 560
51 731
51 751
51 761
52 366
52 556
52 568
52 646
52 648
52 714
52 818
52 827
52 957
52 965
52 985
52 993
53 104
53 263
53 537
53 545
53 666
53 712
53 814
53 889
53 907
53 909
53 918
54 97
54 107
54 194
54 391
54 639
54 680
54 686
54 736
54 741
54 763
54 777
54 829
55 631
55 692
55 720
55 742
55 870
55 928
55 950
55 968
55 980
55 989
55 992
55 999
56 178
56 381
56 480
56 596
56 751
56 898
56 923
56 939
56 957
56 958
56 983
56 998
57 344
57 472
57 528
57 786
57 826
57 860
57 924
57 954
57 963
57 984
57 986
57 995
58 73
58 374
58 626
58 704
58 718
58 747
58 806
58 822
58 910
58 962
58 975
59 179
59 414
59 468
59 615
59 692
59 756
59 789
59 824
59 857
59 858
59 912
59 964
60 259
60 285
60 355
60 469
60 658
60 669
60 795
60 845
60 864
60 876
60 896
60 986
61 94
61 334
61 523
61 641
61 659
61 675
61 722
61 728
61 837
61 846
61 882
61 997
62 361
62 622
62 666
62 712
62 726
62 781
62 889
62 904
62 907
62 909
62 916
62 918
63 349
63 489
63 541
63 573
63 604
63 618
63 682
63 698
63 803
63 834
63 847
63 976
64 341
64 591
64 674
64 773
64 860
64 894
64 911
64 924
64 963
64 994
64 995
65 414
65 547
65 644
65 757
65 802
65 832
65 901
65 922
65 923
65 932
65 979
65 988
66 312
66 464
66 497
66 512
66 519
66 591
66 615
66 628
66 717
66 769
66 774
66 776
67 222
67 442
67 444
67 556
67 621
67 691
67 714
67 797
67 906
67 942
67 965
67 993
68 189
68 246
68 372
68 448
68 495
68 565
68 688
68 806
68 840
68 924
68 940
68 944
69 121
69 291
69 305
69 512
69 603
69 807
69 814
69 843
69 886
69 895
69 900
69 929
70 287
70 352
70 398
70 506
70 583
70 611
70 649
70 745
70 834
70 841
70 950
71 128
71 486
71 498
71 509
71 563
71 581
71 728
71 752
71 759
71 767
71 815
71 918
72 327
72 492
72 507
72 609
72 624
72 746
72 854
72 868
72 899
72 913
72 956
72 967
73 229
73 703
73 704
73 722
73 784
73 822
73 910
73 945
73 962
73 975
73 1000
74 257
74 374
74 526
74 684
74 760
74 858
74 903
74 953
74 958
74 960
74 964
74 987
75 220
75 330
75 352
75 599
75 714
75 767
75 797
75 818
75 827
75 871
75 906
75 993
76 294
76 357
76 370
76 371
76 394
76 544
76 579
76 676
76 710
76 713
76 734
76 911
77 220
77 464
77 576
77 670
77 740
77 781
77 814
77 889
77 904
77 907
77 909
77 918
78 153
78 168
78 377
78 424
78 505
78 551
78 567
78 686
78 705
78 715
78 806
78 840
79 171
79 410
79 423
79 424
79 474
79 543
79 659
79 728
79 778
79 846
79 882
79 995
80 165
80 541
80 826
80 860
80 874
80 893
80 911
80 938
80 963
80 986
80 994
80 995
81 339
81 595
81 662
81 708
81 758
81 817
81 897
81 954
81 960
81 966
81 985
81 991
82 250
82 313
82 387
82 653
82 779
82 856
82 868
82 899
82 919
82 920
82 956
82 996
83 428
83 464
83 669
83 677
83 697
83 798
83 845
83 848
83 864
83 876
83 896
83 937
84 151
84 200
84 299
84 395
84 426
84 485
84 564
84 589
84 731
84 751
84 761
85 95
85 215
85 757
85 802
85 835
85 901
85 907
85 922
85 979
85 982
85 984
85 988
86 267
86 466
86 536
86 693
86 701
86 883
86 921
86 926
86 935
86 936
86 990
87 153
87 225
87 268
87 297
87 461
87 488
87 551
87 567
87 705
87 715
87 792
87 952
88 661
88 698
88 757
88 799
88 828
88 835
88 876
88 922
88 927
88 932
88 982
88 988
89 222
89 419
89 444
89 794
89 797
89 818
89 827
89 871
89 906
89 965
89 993
89 996
90 174
90 388
90 435
90 457
90 583
90 680
90 686
90 692
90 700
90 736
90 741
90 829
91 260
91 802
91 816
91 831
91 854
91 922
91 932
91 979
91 984
91 988
91 990
92 129
92 251
92 274
92 295
92 556
92 599
92 818
92 827
92 871
92 909
92 965
92 993
93 275
93 455
93 677
93 697
93 718
93 768
93 798
93 845
93 848
93 876
93 896
93 933
94 166
94 385
94 409
94 415
94 531
94 838
94 853
94 877
94 890
94 892
94 959
95 281
95 350
95 492
95 653
95 779
95 850
95 854
95 913
95 956
95 967
95 996
96 126
96 302
96 490
96 522
96 524
96 575
96 626
96 663
96 672
96 726
96 804
97 255
97 296
97 623
97 783
97 887
97 891
97 915
97 916
97 930
97 955
97 968
98 298
98 325
98 381
98 708
98 801
98 905
98 939
98 957
98 958
98 966
98 971
98 981
99 110
99 117
99 506
99 533
99 649
99 740
99 745
99 828
99 834
99 841
99 942
100 212
100 224
100 436
100 529
100 618
100 632
100 682
100 698
100 711
100 803
100 810
100 847
101 413
101 602
101 662
101 689
101 817
101 947
101 954
101 966
101 969
101 973
101 985
101 991
102 361
102 463
102 576
102 622
102 712
102 726
102 880
102 889
102 904
102 907
102 909
102 918
103 125
103 389
103 469
103 492
103 669
103 677
103 717
103 795
103 845
103 848
103 864
103 896
103 937
104 127
104 463
104 504
104 670
104 712
104 781
104 814
104 889
104 904
104 907
104 909
104 918
105 352
105 398
105 502
105 527
105 533
105 611
105 649
105 745
105 755
105 828
105 841
105 995
106 321
106 499
106 702
106 757
106 816
106 831
106 922
106 927
106 969
106 979
106 982
106 984
106 988
107 149
107 174
107 213
107 256
107 354
107 491
107 700
107 736
107 741
107 777
107 839
108 274
108 282
108 481
108 631
108 738
108 791
108 858
108 875
108 914
108 969
108 976
108 979
108 988
109 222
109 317
109 610
109 739
109 812
109 851
109 863
109 869
109 908
109 951
109 955
109 977
109 997
110 309
110 324
110 352
110 506
110 533
110 545
110 649
110 664
110 828
110 834
110 841
110 915
111 480
111 557
111 583
111 590
111 679
111 801
111 944
111 957
111 958
111 971
111 981
111 983
111 998
112 461
112 660
112 757
112 768
112 802
112 835
112 927
112 932
112 970
112 979
112 982
112 984
112 988
113 236
113 376
113 704
113 747
113 849
113 879
113 884
113 910
113 945
113 962
113 966
113 975
113 983
114 516
114 660
114 703
114 765
114 790
114 849
114 879
114 884
114 910
114 945
114 962
114 975
114 998
115 415
115 584
115 624
115 693
115 706
115 753
115 861
115 872
115 936
115 972
115 974
115 990
116 454
116 500
116 515
116 602
116 608
116 662
116 762
116 842
116 897
116 919
116 966
116 985
116 991
117 266
117 287
117 309
117 324
117 533
117 611
117 649
117 709
117 828
117 834
117 841
117 999
118 266
118 352
118 502
118 611
118 649
118 745
118 794
118 828
118 834
118 841
118 991
118 992
119 294
119 370
119 371
119 394
119 455
119 559
119 579
119 606
119 676
119 710
119 713
119 936
119 999
120 136
120 184
120 190
120 405
120 522
120 524
120 525
120 648
120 672
120 694
120 726
120 804
120 865
121 305
121 688
121 743
121 833
121 843
121 863
121 900
121 917
121 926
121 929
121 934
121 961
122 279
122 395
122 413
122 489
122 604
122 618
122 682
122 698
122 764
122 779
122 803
122 810
122 847
123 201
123 205
123 523
123 543
123 641
123 659
123 675
123 728
123 784
123 837
123 846
123 882
123 897
124 285
124 291
124 531
124 647
124 658
124 677
124 795
124 848
124 864
124 876
124 896
124 937
125 222
125 251
125 558
125 635
125 646
125 683
125 691
125 714
125 818
125 965
125 993
126 292
126 364
126 405
126 501
126 575
126 648
126 663
126 694
126 726
126 804
126 961
126 985
127 206
127 456
127 510
127 593
127 613
127 636
127 640
127 699
127 754
127 915
127 943
128 176
128 340
128 345
128 563
128 581
128 685
128 746
128 752
128 767
128 815
129 330
129 568
129 646
129 797
129 818
129 827
129 871
129 891
129 906
129 965
129 993
130 477
130 616
130 678
130 701
130 706
130 808
130 872
130 921
130 926
130 935
130 972
130 990
131 592
131 647
131 703
131 745
131 747
131 784
131 822
131 849
131 879
131 884
131 945
131 962
131 975
132 590
132 793
132 801
132 823
132 864
132 898
132 923
132 943
132 957
132 958
132 981
132 983
132 998
133 193
133 401
133 402
133 692
133 756
133 766
133 824
133 856
133 857
133 868
133 884
133 912
133 970
134 147
134 387
134 439
134 492
134 507
134 764
134 779
134 792
134 844
134 913
134 920
134 956
134 967
135 552
135 578
135 595
135 764
135 791
135 797
135 819
135 858
135 875
135 914
135 942
135 952
135 969
136 204
136 292
136 340
136 364
136 405
136 501
136 648
136 672
136 694
136 726
136 804
136 834
137 219
137 263
137 318
137 382
137 510
137 538
137 598
137 601
137 681
137 691
137 699
137 754
137 888
138 265
138 388
138 619
138 688
138 702
138 768
138 831
138 901
138 922
138 927
138 932
138 953
138 984
139 259
139 446
139 481
139 600
139 620
139 627
139 630
139 732
139 953
139 960
139 964
139 987
139 995
140 197
140 321
140 458
140 465
140 715
140 719
140 762
140 855
140 863
140 869
140 948
140 951
140 997
141 375
141 417
141 729
141 743
141 794
141 833
141 843
141 856
141 895
141 900
141 929
141 933
141 949
142 350
142 418
142 507
142 569
142 633
142 653
142 779
142 844
142 868
142 881
142 920
142 988
142 996
143 269
143 412
143 464
143 519
143 591
143 627
143 628
143 717
143 769
143 774
143 776
143 860
144 374
144 597
144 620
144 630
144 650
144 684
144 713
144 772
144 903
144 953
144 960
144 964
144 987
145 218
145 266
145 301
145 446
145 509
145 563
145 681
145 685
145 746
145 752
145 759
145 815
146 286
146 337
146 479
146 507
146 512
146 683
146 729
146 807
146 895
146 917
146 933
146 961
147 512
147 577
147 604
147 743
147 770
147 794
147 807
147 843
147 895
147 929
147 933
147 934
148 221
148 276
148 299
148 395
148 426
148 482
148 485
148 560
148 564
148 731
148 761
148 809
149 216
149 298
149 354
149 388
149 402
149 469
149 491
149 680
149 736
149 741
149 777
149 896
150 245
150 320
150 356
150 384
150 396
150 561
150 689
150 708
150 947
150 954
150 966
150 973
150 991
151 378
151 778
151 805
151 809
151 862
151 885
151 928
151 968
151 980
151 989
151 992
151 999
152 459
152 475
152 537
152 545
152 622
152 670
152 712
152 740
152 814
152 883
152 907
152 909
152 918
153 225
153 461
153 488
153 505
153 551
153 567
153 575
153 625
153 705
153 715
153 749
154 410
154 508
154 718
154 779
154 854
154 868
154 899
154 913
154 920
154 956
154 967
154 994
154 996
155 163
155 240
155 338
155 365
155 513
155 531
155 605
155 727
155 808
155 877
155 892
155 952
156 251
156 373
156 568
156 599
156 683
156 714
156 789
156 790
156 818
156 827
156 871
156 965
156 993
157 239
157 406
157 645
157 655
157 739
157 777
157 806
157 840
157 881
157 885
157 902
157 940
157 944
158 528
158 694
158 825
158 826
158 831
158 852
158 893
158 894
158 938
158 972
158 986
158 994
158 995
159 484
159 598
159 765
159 793
159 851
159 869
159 908
159 943
159 948
159 951
159 977
159 985
159 997
160 212
160 271
160 293
160 407
160 519
160 562
160 566
160 627
160 628
160 717
160 769
160 774
160 776
161 220
161 460
161 608
161 793
161 817
161 866
161 897
161 954
161 966
161 973
161 977
161 985
161 991
162 299
162 373
162 556
162 599
162 646
162 715
162 741
162 818
162 827
162 871
162 906
162 965
162 993
163 574
163 609
163 859
163 862
163 870
163 928
163 945
163 950
163 980
163 989
163 992
164 166
164 306
164 310
164 480
164 532
164 692
164 756
164 766
164 789
164 824
164 856
164 857
164 912
165 298
165 801
165 823
165 878
165 939
165 941
165 957
165 958
165 971
165 981
165 983
165 995
166 369
166 418
166 475
166 844
166 860
166 868
166 913
166 920
166 956
166 967
166 996
167 665
167 695
167 708
167 821
167 830
167 855
167 925
167 946
167 964
167 965
167 970
167 978
167 1000
168 195
168 262
168 297
168 377
168 424
168 461
168 488
168 606
168 625
168 715
168 777
168 810
169 170
169 621
169 744
169 783
169 788
169 792
169 819
169 887
169 891
169 915
169 916
169 930
169 955
170 276
170 395
170 420
170 426
170 482
170 485
170 546
170 560
170 564
170 751
170 761
170 790
171 237
171 523
171 543
171 585
171 617
171 675
171 728
171 767
171 837
171 846
171 865
171 882
172 400
172 423
172 467
172 643
172 659
172 675
172 722
172 728
172 816
172 829
172 837
172 846
172 882
173 375
173 447
173 495
173 553
173 655
173 688
173 771
173 815
173 881
173 902
173 940
173 944
173 977
174 289
174 457
174 639
174 652
174 680
174 741
174 777
174 804
174 829
174 994
175 453
175 770
175 825
175 826
175 839
175 860
175 874
175 924
175 963
175 982
175 986
175 994
175 995
176 218
176 288
176 499
176 581
176 637
176 685
176 696
176 746
176 752
176 759
176 767
176 815
177 383
177 502
177 679
177 811
177 898
177 923
177 941
177 957
177 958
177 968
177 971
177 983
177 998
178 193
178 414
178 433
178 473
178 549
178 667
178 756
178 824
178 856
178 857
178 912
178 976
179 193
179 300
179 473
179 664
179 756
179 766
179 824
179 856
179 857
179 871
179 912
179 978
180 564
180 773
180 825
180 839
180 841
180 874
180 893
180 924
180 938
180 963
180 986
180 994
180 995
181 228
181 328
181 411
181 634
181 655
181 656
181 667
181 733
181 750
181 796
181 823
181 867
181 924
182 234
182 525
182 565
182 771
182 806
182 834
182 840
182 881
182 885
182 902
182 940
182 944
183 361
183 545
183 622
183 666
183 740
183 781
183 889
183 904
183 907
183 909
183 918
183 948
184 581
184 612
184 721
184 742
184 859
184 872
184 928
184 968
184 980
184 989
184 992
184 999
185 191
185 554
185 597
185 684
185 732
185 772
185 903
185 957
185 960
185 964
185 968
185 982
185 987
186 434
186 513
186 572
186 652
186 714
186 808
186 813
186 853
186 877
186 889
186 892
186 935
186 959
187 214
187 362
187 665
187 695
187 775
187 821
187 830
187 886
187 931
187 970
187 978
187 996
187 1000
188 190
188 404
188 465
188 581
188 720
188 749
188 787
188 793
188 851
188 869
188 948
188 977
188 997
189 247
189 420
189 457
189 509
189 553
189 562
189 806
189 881
189 885
189 902
189 940
189 944
190 204
190 501
190 524
190 575
190 648
190 663
190 694
190 720
190 726
190 804
190 930
191 274
191 309
191 554
191 630
191 662
191 684
191 732
191 903
191 953
191 960
191 964
191 987
192 298
192 418
192 593
192 596
192 878
192 898
192 939
192 957
192 958
192 971
192 981
192 983
192 998
193 331
193 401
193 549
193 664
193 789
193 853
193 856
193 857
193 912
193 941
194 210
194 402
194 407
194 435
194 491
194 639
194 700
194 736
194 741
194 777
194 829
194 895
195 225
195 262
195 268
195 377
195 424
195 551
195 567
195 625
195 679
195 705
195 715
195 783
196 306
196 315
196 401
196 434
196 459
196 547
196 549
196 692
196 766
196 789
196 856
196 857
196 912
197 800
197 805
197 809
197 859
197 928
197 950
197 977
197 980
197 984
197 989
197 992
197 999
198 228
198 232
198 290
198 328
198 342
198 346
198 441
198 571
198 634
198 637
198 864
198 865
198 867
199 328
199 496
199 571
199 634
199 656
199 733
199 750
199 763
199 796
199 822
199 867
199 971
199 990
200 481
200 595
200 631
200 642
200 764
200 824
200 858
200 875
200 914
200 942
200 952
200 969
201 523
201 543
201 600
201 617
201 643
201 659
201 675
201 722
201 815
201 837
201 846
201 882
202 286
202 337
202 512
202 605
202 707
202 895
202 917
202 929
202 933
202 934
202 949
202 961
202 967
203 471
203 679
203 823
203 898
203 900
203 905
203 923
203 939
203 941
203 957
203 977
203 981
203 998
204 290
204 302
204 522
204 575
204 580
204 648
204 663
204 672
204 689
204 694
204 726
204 804
205 375
205 406
205 420
205 495
205 525
205 553
205 583
205 771
205 881
205 885
205 940
205 944
205 998
206 382
206 456
206 510
206 598
206 636
206 640
206 681
206 699
206 754
206 880
206 891
206 898
207 235
207 307
207 323
207 336
207 359
207 393
207 396
207 529
207 592
207 607
207 725
207 737
207 778
207 964
208 291
208 417
208 445
208 478
208 603
208 628
208 729
208 770
208 807
208 900
208 933
208 934
208 949
208 961
209 328
209 411
209 430
209 634
209 637
209 656
209 667
209 733
209 750
209 759
209 763
209 795
209 796
209 867
210 289
210 435
210 491
210 535
210 639
210 680
210 686
210 700
210 741
210 777
210 783
210 829
210 908
211 317
211 323
211 336
211 450
211 470
211 530
211 587
211 589
211 592
211 607
211 668
211 690
211 849
212 349
212 413
212 541
212 573
212 604
212 629
212 632
212 659
212 682
212 803
212 810
212 847
213 316
213 338
213 480
213 596
213 639
213 650
213 923
213 939
213 941
213 957
213 971
213 981
213 998
214 446
214 468
214 597
214 601
214 630
214 760
214 772
214 844
214 903
214 953
214 960
214 964
214 987
215 495
215 706
215 744
215 802
215 816
215 831
215 901
215 922
215 927
215 932
215 979
215 984
215 988
216 289
216 354
216 402
216 435
216 457
216 602
216 680
216 700
216 741
216 743
216 777
216 817
216 829
217 596
217 675
217 679
217 811
217 823
217 916
217 923
217 957
217 971
217 981
217 983
217 998
218 345
218 455
218 563
218 581
218 673
218 696
218 746
218 752
218 759
218 767
218 815
218 832
219 263
219 318
219 350
219 442
219 456
219 593
219 613
219 636
219 640
219 681
219 699
219 754
219 985
220 330
220 556
220 646
220 691
220 714
220 818
220 871
220 959
220 965
220 993
221 395
221 454
221 485
221 546
221 564
221 731
221 738
221 751
221 761
221 848
221 868
222 251
222 482
222 558
222 615
222 646
222 683
222 818
222 871
222 906
222 993
223 248
223 261
223 588
223 719
223 787
223 793
223 812
223 863
223 908
223 968
223 977
223 997
224 362
224 674
224 709
224 754
224 826
224 874
224 893
224 894
224 938
224 963
224 986
224 994
224 995
225 297
225 424
225 461
225 551
225 567
225 625
225 705
225 715
225 751
225 846
226 353
226 469
226 540
226 669
226 677
226 718
226 795
226 845
226 848
226 864
226 876
226 896
226 937
226 983
227 288
227 378
227 463
227 504
227 622
227 781
227 814
227 889
227 904
227 907
227 909
227 918
227 943
228 386
228 430
228 467
228 496
228 637
228 733
228 750
228 796
228 801
228 812
228 867
228 881
229 239
229 455
229 516
229 750
229 784
229 822
229 879
229 884
229 910
229 945
229 962
229 974
229 975
230 314
230 419
230 570
230 713
230 718
230 765
230 796
230 849
230 879
230 884
230 910
230 945
230 962
230 975
231 515
231 582
231 614
231 842
231 843
231 866
231 897
231 932
231 947
231 951
231 954
231 966
231 973
231 985
232 290
232 342
232 346
232 411
232 438
232 571
232 614
232 634
232 637
232 733
232 750
232 763
232 867
233 301
233 720
233 721
233 742
233 744
233 772
233 786
233 800
233 862
233 870
233 928
233 950
233 968
233 992
234 448
234 485
234 553
234 565
234 771
234 806
234 819
234 840
234 881
234 885
234 902
234 940
234 944
235 282
235 317
235 359
235 450
235 493
235 530
235 586
235 587
235 668
235 690
235 725
235 947
236 264
236 268
236 297
236 377
236 424
236 461
236 551
236 567
236 603
236 625
236 705
236 715
237 423
237 474
237 489
237 617
237 643
237 675
237 722
237 728
237 738
237 837
237 846
237 862
237 882
238 242
238 409
238 434
238 513
238 538
238 572
238 643
238 727
238 836
238 850
238 853
238 873
238 877
238 959
239 258
239 660
239 704
239 747
239 822
239 849
239 879
239 910
239 945
239 962
239 975
239 997
240 272
240 390
240 585
240 687
240 724
240 727
240 769
240 813
240 838
240 873
240 877
240 890
240 959
241 428
241 514
241 535
241 638
241 665
241 782
241 880
241 910
241 931
241 936
241 945
241 946
241 960
241 1000
242 314
242 319
242 408
242 415
242 487
242 727
242 808
242 831
242 836
242 850
242 890
242 959
242 1000
243 294
243 304
243 357
243 394
243 439
243 445
243 559
243 579
243 606
243 676
243 710
243 713
243 769
243 956
244 350
244 475
244 595
244 633
244 723
244 792
244 807
244 854
244 899
244 913
244 920
244 967
244 968
244 996
245 406
245 543
245 645
245 655
245 688
245 771
245 806
245 862
245 881
245 885
245 902
245 940
245 944
246 447
246 448
246 565
246 645
246 655
246 688
246 789
246 840
246 881
246 895
246 902
246 944
246 987
247 495
247 565
247 655
247 688
247 695
247 771
247 806
247 840
247 881
247 902
247 923
247 940
248 292
248 484
248 739
248 749
248 762
248 793
248 851
248 862
248 908
248 917
248 948
248 951
248 977
249 294
249 357
249 371
249 439
249 445
249 544
249 559
249 579
249 606
249 710
249 713
249 801
249 863
249 987
250 313
250 387
250 642
250 653
250 779
250 840
250 844
250 899
250 913
250 956
250 967
250 973
250 996
251 558
251 568
251 646
251 683
251 799
251 894
251 906
251 932
251 965
251 993
252 534
252 574
252 716
252 721
252 744
252 759
252 805
252 870
252 928
252 950
252 968
252 989
252 999
253 255
253 331
253 490
253 535
253 577
253 581
253 613
253 830
253 865
253 886
253 931
253 936
253 970
253 1000
254 256
254 335
254 436
254 529
254 545
254 573
254 604
254 618
254 632
254 768
254 803
254 810
254 847
254 889
255 390
255 451
255 534
255 621
255 788
255 820
255 888
255 891
255 915
255 930
255 955
255 963
256 427
256 573
256 604
256 629
256 632
256 682
256 698
256 803
256 810
256 847
256 902
256 988
257 395
257 517
257 579
257 600
257 620
257 630
257 635
257 854
257 903
257 953
257 960
257 964
257 987
258 330
258 399
258 435
258 577
258 638
258 735
258 782
258 830
258 865
258 880
258 886
258 925
258 970
259 468
259 517
259 620
259 760
259 772
259 888
259 928
259 953
259 960
259 964
259 987
260 277
260 366
260 552
260 802
260 816
260 835
260 901
260 922
260 927
260 979
260 982
260 984
260 988
261 408
261 749
261 762
261 812
261 863
261 869
261 888
261 908
261 943
261 977
261 978
261 997
262 268
262 297
262 424
262 488
262 505
262 567
262 614
262 625
262 687
262 705
262 715
262 783
263 318
263 382
263 510
263 570
263 593
263 601
263 636
263 640
263 681
263 712
263 754
264 596
264 650
264 674
264 811
264 823
264 923
264 941
264 957
264 971
264 980
264 981
264 983
264 998
265 362
265 363
265 484
265 651
265 702
265 799
265 816
265 835
265 895
265 922
265 982
265 984
265 988
266 287
266 352
266 469
266 502
266 506
266 533
266 745
266 828
266 834
266 841
266 855
267 284
267 287
267 425
267 569
267 589
267 711
267 785
267 861
267 872
267 921
267 972
267 974
267 990
268 461
268 488
268 505
268 567
268 625
268 705
268 715
268 927
268 973
268 998
269 407
269 412
269 566
269 591
269 627
269 628
269 717
269 729
269 758
269 768
269 774
269 776
270 439
270 514
270 583
270 782
270 821
270 855
270 870
270 925
270 931
270 936
270 946
270 961
270 970
270 978
271 403
271 407
271 562
271 566
271 627
271 717
271 769
271 774
271 776
271 941
271 964
271 989
272 661
272 687
272 724
272 729
272 813
272 836
272 838
272 850
272 853
272 873
272 877
272 890
273 384
273 431
273 580
273 653
273 735
273 817
273 842
273 866
273 897
273 919
273 946
273 954
273 973
273 991
274 365
274 578
274 595
274 651
274 730
274 764
274 791
274 914
274 952
274 969
274 976
275 449
275 511
275 540
275 550
275 658
275 669
275 677
275 711
275 752
275 854
275 876
275 896
275 937
276 426
276 432
276 454
276 482
276 546
276 560
276 564
276 731
276 751
276 761
276 778
276 844
277 333
277 502
277 644
277 661
277 757
277 816
277 901
277 922
277 927
277 929
277 979
277 982
278 540
278 609
278 716
278 805
278 809
278 859
278 862
278 870
278 950
278 968
278 980
278 991
278 992
278 994
278 999
279 283
279 335
279 427
279 489
279 529
279 541
279 604
279 632
279 682
279 803
279 810
279 847
279 936
279 967
280 296
280 371
280 425
280 438
280 611
280 621
280 623
280 671
280 820
280 887
280 888
280 915
280 916
280 930
280 955
281 322
281 475
281 633
281 653
281 723
281 811
281 844
281 868
281 894
281 899
281 913
281 956
281 967
281 996
282 358
282 367
282 552
282 631
282 651
282 730
282 764
282 879
282 942
282 952
282 967
282 976
283 315
283 390
283 578
283 595
283 745
283 858
283 875
283 914
283 952
283 969
283 976
284 310
284 442
284 443
284 589
284 678
284 817
284 861
284 872
284 883
284 921
284 926
284 935
284 972
284 990
285 505
285 540
285 550
285 677
285 697
285 831
285 843
285 845
285 848
285 864
285 876
285 896
285 937
286 466
286 478
286 657
286 697
286 794
286 833
286 843
286 897
286 900
286 933
286 934
286 949
287 309
287 506
287 527
287 533
287 722
287 745
287 758
287 828
287 834
287 841
288 340
288 345
288 509
288 581
288 685
288 696
288 746
288 752
288 759
288 767
288 775
288 815
288 950
289 290
289 388
289 402
289 639
289 680
289 686
289 700
289 736
289 777
289 829
289 845
289 900
290 346
290 496
290 634
290 656
290 667
290 668
290 733
290 750
290 763
290 796
290 867
291 305
291 605
291 707
291 743
291 770
291 833
291 843
291 929
291 934
291 949
291 961
291 974
292 364
292 392
292 405
292 501
292 522
292 524
292 575
292 648
292 663
292 804
292 944
292 971
293 312
293 403
293 412
293 496
293 497
293 562
293 566
293 591
293 627
293 769
293 774
293 776
293 907
293 909
294 304
294 311
294 359
294 445
294 559
294 606
294 676
294 710
294 713
294 791
294 962
295 330
295 373
295 414
295 556
295 683
295 691
295 714
295 726
295 816
295 827
295 871
295 906
295 965
295 993
296 300
296 425
296 636
296 788
296 819
296 820
296 861
296 887
296 888
296 891
296 915
296 930
296 955
297 377
297 424
297 461
297 462
297 488
297 567
297 705
297 715
297 857
297 912
298 605
298 650
298 811
298 878
298 905
298 939
298 941
298 945
298 958
298 983
298 998
299 420
299 485
299 546
299 560
299 564
299 574
299 731
299 751
299 761
300 401
300 414
300 487
300 549
300 615
300 664
300 682
300 692
300 766
300 789
300 824
300 856
300 912
301 340
301 345
301 352
301 486
301 498
301 509
301 563
301 676
301 696
301 746
301 759
301 767
301 815
302 392
302 405
302 501
302 524
302 648
302 663
302 672
302 694
302 726
302 756
302 804
302 940
303 320
303 426
303 716
303 720
303 744
303 800
303 859
303 862
303 870
303 906
303 968
303 980
303 989
303 992
303 999
304 311
304 345
304 357
304 371
304 439
304 445
304 554
304 559
304 579
304 676
304 710
304 713
304 780
305 603
305 707
305 794
305 800
305 807
305 881
305 895
305 900
305 917
305 933
305 934
305 939
306 322
306 401
306 412
306 433
306 458
306 615
306 664
306 692
306 766
306 824
306 856
306 857
306 912
307 429
307 450
307 470
307 493
307 587
307 592
307 607
307 651
307 668
307 690
307 707
307 725
307 737
307 897
308 332
308 390
308 580
308 595
308 651
308 730
308 738
308 780
308 791
308 801
308 858
308 875
308 942
308 969
308 976
309 352
309 506
309 527
309 533
309 611
309 646
309 745
309 828
309 834
309 841
309 861
310 459
310 532
310 547
310 549
310 692
310 756
310 766
310 789
310 824
310 856
310 857
310 912
310 977
311 348
311 371
311 394
311 439
311 528
311 544
311 559
311 579
311 606
311 676
311 710
311 713
311 732
312 332
312 389
312 407
312 412
312 464
312 566
312 591
312 628
312 717
312 769
312 776
312 897
313 418
313 494
313 508
313 644
313 723
313 792
313 805
313 854
313 868
313 899
313 913
313 983
313 996
314 334
314 385
314 531
314 558
314 605
314 687
314 724
314 808
314 850
314 853
314 890
314 892
314 959
315 348
315 518
315 520
315 623
315 730
315 738
315 858
315 875
315 914
315 942
315 952
315 969
316 462
316 590
316 643
316 811
316 823
316 905
316 920
316 941
316 957
316 958
316 971
316 981
316 983
316 998
317 323
317 367
317 450
317 470
317 586
317 592
317 607
317 668
317 690
317 691
317 725
317 737
318 326
318 382
318 542
318 576
318 598
318 613
318 636
318 640
318 681
318 699
318 910
319 385
319 409
319 513
319 561
319 572
319 605
319 652
319 727
319 838
319 873
319 877
319 959
320 539
320 608
320 689
320 758
320 800
320 866
320 869
320 897
320 954
320 966
320 973
320 985
320 991
321 453
321 458
321 535
321 669
321 719
321 749
321 851
321 863
321 943
321 948
321 951
321 977
321 997
322 324
322 398
322 527
322 611
322 649
322 745
322 819
322 828
322 834
322 841
323 336
323 421
323 429
323 450
323 586
323 594
323 607
323 668
323 690
323 725
323 962
324 352
324 502
324 506
324 580
324 584
324 611
324 649
324 745
324 828
324 841
324 916
325 452
325 707
325 743
325 770
325 807
325 823
325 824
325 895
325 900
325 917
325 929
325 934
325 949
325 961
326 373
326 456
326 485
326 499
326 510
326 593
326 598
326 601
326 613
326 636
326 640
326 699
326 754
327 476
327 487
327 531
327 652
327 783
327 802
327 808
327 813
327 836
327 850
327 853
327 873
327 890
327 959
328 346
328 430
328 571
328 648
328 733
328 750
328 763
328 796
328 867
328 974
329 344
329 375
329 472
329 742
329 773
329 825
329 826
329 860
329 894
329 911
329 924
329 934
329 938
329 986
329 994
330 373
330 558
330 633
330 691
330 797
330 817
330 871
330 906
330 965
330 993
331 514
331 553
331 594
331 695
331 775
331 790
331 855
331 865
331 875
331 880
331 886
331 946
331 978
332 343
332 538
332 702
332 768
332 799
332 816
332 831
332 901
332 927
332 932
332 979
332 982
332 988
333 499
333 524
333 547
333 644
333 768
333 835
333 901
333 927
333 932
333 979
333 984
333 988
333 993
333 999
334 423
334 543
334 617
334 641
334 643
334 675
334 722
334 728
334 837
334 846
334 882
334 888
334 911
335 427
335 489
335 541
335 556
335 629
335 632
335 698
335 803
335 810
335 847
335 944
336 359
336 393
336 530
336 579
336 586
336 592
336 607
336 668
336 725
336 730
336 737
336 816
337 393
337 417
337 466
337 615
337 657
337 794
337 833
337 929
337 934
337 936
337 949
337 961
338 572
338 652
338 808
338 813
338 836
338 838
338 853
338 873
338 890
338 892
338 956
338 959
338 961
339 573
339 608
339 613
339 642
339 689
339 842
339 866
339 897
339 919
339 947
339 954
339 973
339 985
339 991
340 486
340 498
340 582
340 696
340 746
340 752
340 759
340 767
340 815
340 852
341 366
341 384
341 539
341 580
341 608
341 689
341 786
341 842
341 866
341 947
341 954
341 966
341 985
341 991
342 467
342 570
342 571
342 606
342 611
342 637
342 656
342 667
342 733
342 750
342 763
342 796
342 867
343 565
343 594
343 661
343 702
343 768
343 802
343 816
343 835
343 922
343 925
343 927
343 932
343 982
343 984
344 475
344 773
344 825
344 839
344 852
344 876
344 924
344 938
344 963
344 976
344 986
344 994
344 995
345 486
345 568
345 581
345 685
345 696
345 746
345 759
345 767
345 815
345 890
346 386
346 496
346 634
346 637
346 667
346 733
346 763
346 786
346 867
346 941
346 969
347 349
347 369
347 475
347 492
347 494
347 637
347 642
347 653
347 792
347 854
347 868
347 899
347 913
347 972
347 996
348 481
348 483
348 536
348 730
348 764
348 791
348 875
348 914
348 938
348 942
348 952
348 969
348 976
349 413
349 489
349 529
349 541
349 573
349 604
349 618
349 682
349 698
349 847
349 907
350 492
350 701
350 779
350 792
350 844
350 854
350 899
350 908
350 913
350 956
350 967
350 996
351 400
351 410
351 497
351 523
351 617
351 641
351 643
351 659
351 671
351 675
351 722
351 728
351 837
351 846
351 882
351 958
352 398
352 421
352 502
352 506
352 527
352 834
352 841
353 469
353 511
353 647
353 669
353 677
353 690
353 709
353 710
353 795
353 845
353 848
353 864
353 876
353 896
353 937
354 388
354 418
354 457
354 491
354 639
354 684
354 686
354 700
354 736
354 741
354 777
354 829
354 859
355 368
355 449
355 455
355 590
355 647
355 658
355 669
355 677
355 688
355 697
355 798
355 824
355 848
355 876
355 937
356 384
356 431
356 500
356 556
356 733
356 758
356 817
356 842
356 866
356 897
356 947
356 954
356 973
356 985
356 991
357 370
357 371
357 394
357 486
357 491
357 544
357 559
357 579
357 606
357 635
357 676
357 713
358 481
358 552
358 631
358 651
358 707
358 763
358 764
358 780
358 791
358 812
358 858
358 914
358 942
358 969
358 976
359 393
359 429
359 470
359 493
359 530
359 587
359 607
359 672
359 690
359 725
359 737
359 996
360 392
360 497
360 576
360 624
360 701
360 711
360 753
360 785
360 836
360 883
360 921
360 926
360 935
360 972
360 974
360 990
361 421
361 545
361 666
361 670
361 701
361 712
361 781
361 843
361 889
361 904
361 907
361 909
361 949
362 547
362 757
362 799
362 816
362 831
362 901
362 922
362 927
362 932
362 963
362 982
362 984
362 988
363 661
363 712
363 717
363 757
363 768
363 799
363 802
363 835
363 867
363 927
363 932
363 979
363 982
363 984
363 988
364 405
364 499
364 501
364 575
364 648
364 663
364 672
364 694
364 726
364 804
364 822
364 926
364 939
365 572
365 652
365 680
365 724
365 813
365 836
365 838
365 853
365 873
365 877
365 890
365 892
365 911
365 959
366 479
366 556
366 646
366 683
366 691
366 714
366 797
366 818
366 871
366 906
366 965
366 993
367 469
367 483
367 548
367 554
367 563
367 578
367 595
367 631
367 780
367 858
367 875
367 914
367 952
367 969
368 374
368 447
368 449
368 540
368 550
368 677
368 795
368 798
368 810
368 830
368 848
368 864
368 876
368 896
368 937
369 494
369 507
369 642
369 766
369 792
369 834
369 844
369 899
369 913
369 914
369 920
369 956
369 967
369 996
370 371
370 392
370 394
370 445
370 544
370 559
370 579
370 606
370 630
370 676
370 710
370 713
370 905
371 445
371 544
371 604
371 606
371 676
371 710
371 713
371 972
372 425
372 462
372 478
372 734
372 783
372 788
372 819
372 820
372 828
372 887
372 891
372 915
372 916
372 930
372 955
373 568
373 599
373 691
373 797
373 827
373 871
373 921
373 962
373 965
373 993
374 397
374 468
374 597
374 600
374 630
374 772
374 815
374 903
374 953
374 960
374 964
374 987
375 406
375 565
375 606
375 645
375 655
375 688
375 840
375 881
375 885
375 902
375 940
375 944
376 378
376 566
376 570
376 654
376 703
376 765
376 784
376 849
376 879
376 884
376 910
376 945
376 962
376 975
376 987
377 424
377 488
377 505
377 551
377 593
377 625
377 656
377 705
377 715
377 797
378 565
378 574
378 588
378 612
378 778
378 805
378 862
378 950
378 968
378 980
378 989
378 992
378 999
379 512
379 603
379 696
379 703
379 729
379 794
379 843
379 895
379 900
379 913
379 917
379 933
379 934
379 949
379 961
380 443
380 477
380 538
380 584
380 589
380 701
380 707
380 711
380 753
380 784
380 785
380 860
380 883
380 926
380 990
381 622
381 679
381 801
381 821
381 878
381 898
381 923
381 939
381 941
381 957
381 971
381 983
381 994
381 998
382 400
382 510
382 593
382 598
382 601
382 636
382 699
382 700
382 754
383 650
383 754
383 801
383 859
383 878
383 898
383 905
383 937
383 939
383 941
383 957
383 971
383 981
383 983
383 998
384 460
384 561
384 651
384 658
384 670
384 866
384 919
384 947
384 966
384 973
384 985
384 991
385 391
385 465
385 513
385 533
385 652
385 659
385 687
385 813
385 836
385 877
385 890
385 892
385 959
386 411
386 496
386 573
386 634
386 637
386 656
386 667
386 685
386 733
386 750
386 763
386 796
386 844
386 867
387 418
387 494
387 507
387 508
387 677
387 718
387 854
387 868
387 899
387 913
387 927
387 956
387 967
388 391
388 435
388 639
388 680
388 686
388 736
388 741
388 777
388 826
388 829
388 905
389 505
389 540
389 550
389 647
389 669
389 795
389 798
389 845
389 848
389 864
389 876
389 896
389 920
389 937
390 444
390 481
390 518
390 548
390 631
390 730
390 780
390 858
390 914
390 942
390 952
390 976
391 402
391 491
391 639
391 680
391 686
391 700
391 736
391 741
391 748
391 829
391 899
391 907
392 501
392 522
392 524
392 575
392 648
392 663
392 672
392 694
392 726
392 804
392 929
393 396
393 450
393 470
393 493
393 530
393 550
393 586
393 668
393 690
393 712
393 725
393 737
394 439
394 485
394 544
394 579
394 606
394 676
394 710
394 713
394 803
394 972
395 434
395 454
395 482
395 485
395 546
395 731
395 751
395 761
396 429
396 450
396 493
396 530
396 587
396 592
396 607
396 668
396 690
396 722
396 725
396 737
396 991
397 557
397 597
397 600
397 613
397 620
397 684
397 732
397 760
397 903
397 912
397 918
397 953
397 960
397 964
397 987
398 430
398 502
398 527
398 533
398 611
398 649
398 745
398 828
398 834
398 841
398 929
398 990
399 640
399 681
399 695
399 708
399 755
399 832
399 849
399 854
399 855
399 880
399 925
399 931
399 946
399 978
399 1000
400 410
400 468
400 474
400 617
400 641
400 675
400 722
400 728
400 837
400 846
400 882
400 918
400 965
401 532
401 664
401 756
401 766
401 789
401 856
401 857
401 901
401 912
401 921
402 457
402 491
402 639
402 677
402 680
402 686
402 700
402 777
402 829
403 431
403 497
403 519
403 562
403 566
403 591
403 627
403 717
403 769
403 774
403 776
403 857
404 531
404 610
404 739
404 762
404 851
404 863
404 869
404 880
404 908
404 910
404 943
404 948
404 951
404 977
404 997
405 433
405 522
405 524
405 663
405 672
405 726
405 804
405 883
405 887
406 447
406 495
406 572
406 653
406 771
406 840
406 881
406 885
406 902
406 940
406 944
406 987
407 497
407 519
407 544
407 562
407 566
407 613
407 627
407 628
407 769
407 774
407 776
408 739
408 749
408 762
408 787
408 812
408 851
408 869
408 908
408 943
408 948
408 951
408 969
408 977
408 997
409 434
409 513
409 687
409 737
409 808
409 838
409 850
409 853
409 873
409 877
409 959
409 978
409 995
410 474
410 543
410 587
410 617
410 641
410 643
410 659
410 728
410 837
410 846
410 882
411 477
411 571
411 584
411 616
411 634
411 656
411 667
411 750
411 763
411 796
411 823
411 867
412 497
412 566
412 591
412 627
412 628
412 717
412 769
412 774
412 776
412 894
412 992
413 529
413 541
413 573
413 618
413 629
413 632
413 682
413 698
413 810
413 847
413 949
413 993
414 433
414 549
414 615
414 664
414 709
414 756
414 766
414 789
414 824
414 856
414 857
414 912
415 434
415 476
415 513
415 531
415 572
415 574
415 724
415 819
415 836
415 838
415 850
415 853
415 877
415 892
416 528
416 730
416 773
416 839
416 860
416 874
416 893
416 894
416 910
416 911
416 924
416 938
416 963
416 986
416 993
416 994
416 995
417 516
417 603
417 649
417 707
417 729
417 743
417 770
417 900
417 902
417 917
417 933
417 934
417 949
417 961
418 450
418 475
418 492
418 844
418 854
418 899
418 920
418 925
418 956
418 967
418 996
419 516
419 570
419 654
419 703
419 704
419 718
419 723
419 765
419 849
419 851
419 879
419 945
419 962
419 975
419 980
420 448
420 525
420 655
420 750
420 771
420 806
420 840
420 881
420 885
420 895
420 902
420 940
420 944
421 463
421 504
421 537
421 545
421 622
421 666
421 712
421 814
421 848
421 889
421 904
421 909
421 918
421 938
422 472
422 672
422 674
422 712
422 825
422 826
422 839
422 852
422 860
422 874
422 893
422 894
422 924
422 946
422 963
422 994
422 995
423 523
423 617
423 625
423 641
423 659
423 675
423 685
423 722
423 728
423 837
423 846
423 870
423 882
424 461
424 505
424 567
424 625
424 687
424 705
424 715
424 719
425 604
425 621
425 673
425 734
425 819
425 820
425 835
425 887
425 888
425 891
425 916
425 930
425 955
426 432
426 454
426 485
426 546
426 564
426 731
426 742
426 751
426 761
426 846
426 909
427 436
427 489
427 515
427 541
427 604
427 609
427 618
427 629
427 632
427 682
427 803
427 810
427 847
428 503
428 514
428 583
428 638
428 764
428 782
428 790
428 821
428 855
428 925
428 936
428 946
428 978
428 993
428 1000
429 493
429 530
429 556
429 586
429 592
429 607
429 668
429 690
429 725
429 737
429 877
429 949
429 988
430 467
430 496
430 571
430 634
430 637
430 656
430 667
430 750
430 763
430 796
430 832
430 867
430 978
431 476
431 515
431 561
431 614
431 817
431 866
431 903
431 919
431 947
431 954
431 966
431 973
431 985
431 991
432 482
432 546
432 560
432 564
432 577
432 654
432 665
432 731
432 751
432 761
432 930
433 473
433 532
433 603
433 664
433 692
433 756
433 789
433 824
433 856
433 857
433 912
433 993
434 476
434 605
434 638
434 652
434 687
434 813
434 836
434 853
434 873
434 954
434 959
435 457
435 629
435 639
435 686
435 700
435 736
435 741
435 777
435 829
435 909
436 529
436 541
436 552
436 587
436 629
436 632
436 682
436 698
436 803
436 810
436 816
436 847
436 873
437 561
437 602
437 614
437 662
437 689
437 758
437 760
437 785
437 842
437 866
437 892
437 919
437 947
437 966
437 973
437 985
438 534
438 623
438 666
438 734
438 783
438 788
438 803
438 819
438 820
438 888
438 915
438 916
438 930
438 955
439 445
439 448
439 544
439 559
439 579
439 606
439 676
439 710
439 713
439 908
440 590
440 650
440 758
440 801
440 811
440 830
440 878
440 899
440 905
440 923
440 939
440 957
440 958
440 971
440 983
440 998
441 477
441 492
441 536
441 589
441 616
441 701
441 711
441 735
441 748
441 872
441 883
441 914
441 921
441 935
441 972
441 990
442 444
442 558
442 568
442 599
442 646
442 683
442 714
442 797
442 818
442 827
442 871
442 906
442 957
442 965
443 453
443 477
443 538
443 584
443 616
443 678
443 861
443 872
443 921
443 926
443 935
443 967
443 974
443 990
444 568
444 579
444 646
444 714
444 797
444 818
444 827
444 847
444 871
444 895
444 906
444 965
444 993
445 544
445 559
445 606
445 615
445 676
445 686
445 710
445 713
445 917
446 517
446 557
446 600
446 630
446 684
446 721
446 732
446 760
446 953
446 960
446 964
446 987
446 996
447 553
447 565
447 645
447 655
447 746
447 771
447 806
447 840
447 879
447 885
447 902
447 940
447 944
448 525
448 645
448 688
448 771
448 797
448 840
448 881
448 885
448 890
448 902
448 940
448 944
449 511
449 641
449 647
449 669
449 697
449 713
449 732
449 795
449 798
449 848
449 864
449 876
449 896
449 937
450 459
450 493
450 530
450 586
450 592
450 725
450 737
450 929
451 462
451 534
451 586
451 671
451 673
451 819
451 820
451 887
451 888
451 891
451 892
451 915
451 916
451 930
451 952
451 955
452 466
452 479
452 512
452 729
452 743
452 833
452 900
452 917
452 932
452 933
452 934
452 941
452 949
452 961
452 986
453 610
453 719
453 727
453 793
453 812
453 851
453 863
453 908
453 943
453 948
453 951
453 977
453 997
454 482
454 560
454 564
454 731
454 751
454 761
454 935
454 986
455 469
455 511
455 669
455 795
455 798
455 845
455 848
455 864
455 876
455 896
455 937
455 988
456 519
456 593
456 598
456 601
456 613
456 636
456 640
456 642
456 681
456 699
456 754
456 801
457 491
457 680
457 686
457 700
457 736
457 741
457 777
457 829
457 844
457 935
458 660
458 739
458 762
458 787
458 812
458 863
458 869
458 908
458 943
458 948
458 951
458 969
458 977
458 997
459 473
459 549
459 615
459 664
459 692
459 739
459 766
459 789
459 824
459 856
459 857
459 912
459 940
460 537
460 539
460 561
460 614
460 662
460 716
460 758
460 817
460 842
460 863
460 897
460 947
460 966
460 973
460 985
461 505
461 506
461 551
461 625
461 705
461 715
461 879
461 960
462 671
462 673
462 681
462 734
462 783
462 819
462 866
462 887
462 888
462 891
462 915
462 916
462 955
463 537
463 543
463 576
463 666
463 736
463 740
463 781
463 889
463 904
463 907
463 909
463 918
463 980
464 519
464 566
464 591
464 627
464 628
464 717
464 769
464 774
464 776
464 803
464 925
465 484
465 610
465 719
465 740
465 749
465 812
465 877
465 908
465 916
465 943
465 948
465 977
465 997
466 512
466 729
466 731
466 794
466 804
466 833
466 900
466 917
466 933
466 934
466 949
466 961
467 496
467 571
467 637
467 656
467 667
467 706
467 727
467 733
467 750
467 763
467 796
467 867
467 901
468 557
468 606
468 635
468 760
468 772
468 903
468 953
468 960
468 964
468 987
469 511
469 550
469 658
469 677
469 707
469 798
469 864
469 876
469 937
470 472
470 530
470 586
470 587
470 592
470 668
470 682
470 690
470 725
470 737
470 843
471 514
471 555
471 598
471 609
471 742
471 744
471 798
471 809
471 862
471 870
471 928
471 950
471 968
471 980
471 989
471 992
471 999
472 528
472 786
472 852
472 860
472 867
472 874
472 893
472 911
472 917
472 938
472 963
472 986
472 994
472 995
473 532
473 549
473 566
473 615
473 692
473 756
473 766
473 784
473 789
473 824
473 856
473 857
473 912
473 981
474 512
474 617
474 641
474 643
474 659
474 675
474 722
474 728
474 837
474 846
474 882
474 953
474 979
474 980
475 507
475 582
475 642
475 723
475 833
475 899
475 913
475 920
475 956
475 967
475 996
476 487
476 605
476 652
476 724
476 808
476 813
476 836
476 850
476 853
476 890
476 892
476 947
476 959
476 964
477 706
477 748
477 753
477 785
477 791
477 840
477 857
477 861
477 872
477 883
477 972
477 974
477 990
478 479
478 557
478 559
478 603
478 657
478 770
478 794
478 807
478 817
478 843
478 933
478 934
478 949
478 961
479 657
479 807
479 833
479 843
479 895
479 900
479 912
479 929
479 933
479 949
479 961
479 989
479 990
480 486
480 545
480 679
480 801
480 823
480 905
480 923
480 941
480 957
480 958
480 971
480 981
480 989
480 998
481 483
481 578
481 723
481 730
481 764
481 780
481 940
481 942
481 952
481 969
481 976
482 514
482 546
482 560
482 564
482 731
482 751
482 761
482 768
482 906
483 518
483 554
483 595
483 631
483 639
483 648
483 651
483 738
483 858
483 937
483 942
483 952
483 969
483 976
484 601
484 610
484 762
484 793
484 812
484 851
484 863
484 865
484 869
484 908
484 951
484 977
484 997
485 546
485 560
485 731
485 751
485 761
485 808
486 498
486 509
486 581
486 600
486 685
486 696
486 746
486 752
486 759
486 762
486 767
486 815
487 605
487 687
487 724
487 727
487 813
487 836
487 838
487 848
487 850
487 853
487 873
487 892
487 952
487 959
488 505
488 551
488 567
488 625
488 644
488 705
488 715
488 773
488 900
488 953
489 529
489 618
489 629
489 698
489 699
489 753
489 803
489 810
489 847
489 891
490 535
490 562
490 695
490 755
490 775
490 782
490 790
490 832
490 865
490 898
490 936
490 946
490 970
490 973
490 978
490 1000
491 686
491 700
491 736
491 775
491 777
491 829
491 891
491 942
492 534
492 633
492 653
492 844
492 868
492 913
492 920
492 956
492 957
492 996
493 586
493 587
493 592
493 600
493 607
493 668
493 690
493 725
493 860
493 914
493 969
494 508
494 642
494 653
494 733
494 792
494 820
494 844
494 854
494 899
494 956
494 967
494 977
494 996
494 1000
495 525
495 553
495 565
495 649
495 655
495 688
495 806
495 814
495 840
495 885
495 940
495 944
496 503
496 634
496 637
496 656
496 750
496 763
496 796
496 867
496 928
496 974
497 517
497 519
497 562
497 566
497 591
497 717
497 769
497 774
497 776
497 960
498 509
498 563
498 581
498 685
498 696
498 746
498 752
498 767
498 805
498 815
498 952
498 954
499 619
499 661
499 768
499 816
499 831
499 835
499 875
499 901
499 932
499 979
499 982
499 984
499 988
500 515
500 662
500 689
500 708
500 742
500 801
500 817
500 842
500 866
500 897
500 919
500 947
500 966
500 973
500 985
500 991
501 522
501 575
501 648
501 654
501 663
501 672
501 694
501 726
501 747
501 804
501 869
502 527
502 611
502 649
502 745
502 828
502 834
502 841
502 938
503 514
503 551
503 570
503 638
503 665
503 755
503 782
503 855
503 865
503 925
503 936
503 946
503 970
503 978
503 1000
504 521
504 622
504 670
504 710
504 740
504 745
504 781
504 814
504 889
504 904
504 907
504 909
504 913
504 918
505 546
505 551
505 567
505 625
505 698
505 705
505 715
506 649
506 721
506 745
506 828
506 834
506 841
506 911
506 947
507 549
507 569
507 642
507 663
507 723
507 779
507 792
507 844
507 913
507 967
507 996
508 609
508 633
508 744
508 779
508 792
508 844
508 854
508 868
508 920
508 932
508 956
508 967
508 996
509 563
509 685
509 696
509 746
509 752
509 759
509 767
509 815
509 858
509 979
510 593
510 598
510 601
510 636
510 640
510 681
510 699
510 754
510 763
510 975
510 994
511 641
511 647
511 658
511 697
511 725
511 798
511 809
511 848
511 864
511 876
511 878
511 896
511 937
512 707
512 794
512 807
512 908
512 933
512 934
512 949
512 961
513 531
513 584
513 687
513 727
513 850
513 873
513 882
513 890
513 892
513 985
513 997
514 583
514 665
514 680
514 695
514 790
514 821
514 830
514 855
514 880
514 925
514 958
515 580
515 582
515 602
515 608
515 817
515 855
515 866
515 919
515 947
515 966
515 973
515 991
516 626
516 703
516 765
516 784
516 813
516 822
516 849
516 884
516 910
516 917
516 945
516 962
516 975
516 976
517 526
517 554
517 600
517 630
517 635
517 732
517 760
517 772
517 806
517 903
517 960
517 964
517 987
517 994
518 548
518 627
518 738
518 764
518 791
518 798
518 858
518 914
518 948
518 952
518 976
519 562
519 591
519 628
519 717
519 721
519 769
519 774
519 776
519 930
519 951
520 548
520 552
520 578
520 651
520 730
520 759
520 764
520 780
520 858
520 875
520 914
520 930
520 942
520 963
520 966
520 969
520 976
521 545
521 666
521 670
521 712
521 716
521 740
521 762
521 781
521 814
521 844
521 878
521 889
521 904
521 907
521 909
521 918
522 524
522 575
522 648
522 672
522 694
522 726
522 804
522 838
522 943
523 524
523 543
523 641
523 643
523 659
523 675
523 722
523 723
523 728
523 735
523 837
523 882
524 575
524 663
524 672
524 694
524 726
524 804
524 923
524 958
525 553
525 645
525 688
525 699
525 771
525 806
525 881
525 885
525 902
525 940
525 944
526 554
526 597
526 600
526 635
526 684
526 760
526 772
526 787
526 820
526 875
526 903
526 953
526 960
526 964
526 987
527 533
527 569
527 611
527 619
527 649
527 745
527 824
527 828
527 834
527 957
528 773
528 779
528 786
528 860
528 894
528 896
528 911
528 921
528 924
528 938
528 963
528 986
528 994
528 995
529 541
529 604
529 618
529 629
529 632
529 803
529 810
529 818
529 847
529 983
530 586
530 587
530 690
530 725
530 737
530 833
530 846
530 855
530 892
531 550
531 599
531 808
531 813
531 836
531 838
531 850
531 877
531 890
531 892
531 959
532 615
532 664
532 668
532 692
532 756
532 766
532 789
532 790
532 824
532 856
532 857
532 912
532 917
532 985
533 611
533 828
533 834
533 841
533 873
533 879
533 936
534 621
534 623
534 666
534 673
534 783
534 788
534 819
534 820
534 888
534 891
534 906
534 916
534 930
534 955
535 684
535 708
535 775
535 782
535 790
535 821
535 855
535 886
535 925
535 931
535 936
535 970
535 978
535 993
536 538
536 587
536 618
536 678
536 701
536 706
536 861
536 872
536 883
536 902
536 921
536 926
536 935
536 972
536 974
536 990
537 545
537 576
537 670
537 702
537 712
537 740
537 781
537 795
537 814
537 882
537 904
537 907
537 909
537 918
538 585
538 624
538 711
538 748
538 753
538 861
538 921
538 926
538 935
538 957
538 972
538 974
538 990
539 582
539 602
539 614
539 623
539 700
539 758
539 817
539 842
539 897
539 925
539 947
539 954
539 973
539 985
539 987
540 544
540 601
540 647
540 658
540 676
540 677
540 697
540 795
540 845
540 864
540 876
540 896
540 937
541 561
541 573
541 618
541 629
541 645
541 682
541 698
541 803
541 980
542 570
542 626
542 654
542 660
542 704
542 718
542 747
542 781
542 784
542 789
542 822
542 849
542 870
542 879
542 884
542 945
542 962
542 975
543 617
543 641
543 643
543 659
543 722
543 737
543 837
543 846
543 882
543 895
544 559
544 579
544 606
544 676
544 710
544 713
544 978
545 622
545 666
545 740
545 781
545 889
545 904
545 907
545 909
545 918
546 564
546 731
546 751
546 761
546 830
546 838
546 928
547 619
547 644
547 701
547 702
547 802
547 816
547 835
547 889
547 901
547 927
547 979
547 982
547 984
547 988
548 578
548 730
548 738
548 764
548 791
548 853
548 875
548 914
548 942
548 949
548 952
548 969
548 976
548 984
549 615
549 630
549 649
549 766
549 780
549 789
549 824
549 856
549 857
549 912
550 647
550 658
550 669
550 697
550 795
550 798
550 848
550 876
550 887
550 896
550 915
550 937
551 567
551 591
551 625
551 676
551 705
551 715
551 978
552 578
552 595
552 651
552 764
552 780
552 791
552 835
552 875
552 935
552 942
552 952
552 976
553 655
553 688
553 717
553 741
553 771
553 806
553 840
553 852
553 885
553 940
553 944
554 557
554 600
554 620
554 732
554 772
554 853
554 903
554 953
554 960
554 964
554 987
555 588
555 682
555 742
555 744
555 778
555 805
555 826
555 859
555 862
555 876
555 888
555 928
555 950
555 968
555 980
555 989
555 992
555 999
556 599
556 678
556 683
556 797
556 818
556 827
556 871
556 965
556 993
557 597
557 620
557 732
557 760
557 771
557 772
557 902
557 903
557 953
557 960
557 964
557 987
558 568
558 599
558 646
558 683
558 691
558 714
558 827
558 871
558 918
558 948
558 965
558 993
559 579
559 606
559 619
559 676
559 710
559 713
559 956
560 564
560 628
560 731
560 751
560 761
560 831
560 885
560 920
561 614
561 662
561 758
561 817
561 842
561 919
561 947
561 966
561 985
561 991
562 566
562 591
562 623
562 627
562 628
562 717
562 769
562 774
562 776
562 930
563 581
563 640
563 685
563 695
563 696
563 746
563 752
563 759
563 767
563 815
563 999
564 728
564 751
564 761
564 811
564 934
565 645
565 653
565 655
565 715
565 806
565 881
565 885
565 902
565 940
565 944
566 627
566 628
566 769
566 774
566 776
566 883
566 954
567 625
567 632
567 705
567 827
567 953
567 1000
568 599
568 615
568 683
568 691
568 746
568 797
568 871
568 906
568 928
568 965
568 993
569 585
569 589
569 678
569 693
569 706
569 711
569 748
569 753
569 839
569 861
569 872
569 883
569 921
569 972
569 974
569 990
570 626
570 654
570 660
570 703
570 704
570 718
570 765
570 784
570 910
570 945
570 962
570 975
570 1000
571 594
571 634
571 656
571 667
571 727
571 733
571 750
571 763
571 796
571 867
571 991
571 1000
572 605
572 652
572 724
572 727
572 813
572 836
572 850
572 853
572 878
572 882
572 892
572 959
573 602
573 604
573 618
573 629
573 632
573 682
573 698
573 803
573 810
573 833
573 847
574 588
574 612
574 696
574 720
574 721
574 742
574 744
574 778
574 840
574 950
574 968
574 980
574 989
574 992
574 999
575 648
575 663
575 672
575 694
575 751
575 770
575 804
575 981
576 622
576 666
576 712
576 740
576 759
576 781
576 814
576 859
576 889
576 904
576 907
576 909
576 918
577 658
577 665
577 735
577 755
577 775
577 830
577 832
577 855
577 865
577 880
577 925
577 931
577 936
577 965
577 970
577 978
578 619
578 631
578 764
578 770
578 780
578 788
578 816
578 858
578 914
578 942
578 969
578 976
579 606
579 676
579 710
579 713
579 764
580 582
580 608
580 630
580 758
580 817
580 842
580 866
580 897
580 947
580 954
580 966
580 973
580 985
580 991
581 685
581 739
581 746
581 752
581 759
581 767
581 815
582 602
582 662
582 689
582 758
582 817
582 897
582 919
582 941
582 947
582 954
582 966
582 971
582 973
582 991
583 708
583 775
583 821
583 830
583 832
583 855
583 865
583 886
583 936
583 946
583 970
583 978
583 1000
584 585
584 693
584 706
584 711
584 748
584 785
584 833
584 861
584 872
584 883
584 935
584 972
584 974
584 990
585 617
585 624
585 706
585 711
585 748
585 753
585 785
585 798
585 861
585 921
585 926
585 935
585 972
585 974
585 990
586 587
586 592
586 667
586 668
586 690
586 725
586 737
586 803
586 932
587 592
587 607
587 668
587 690
587 725
587 737
587 837
588 589
588 612
588 624
588 693
588 744
588 778
588 800
588 809
588 859
588 862
588 870
588 950
588 968
588 989
588 992
588 999
589 616
589 678
589 693
589 748
589 861
589 900
589 921
589 926
589 935
589 972
589 974
590 650
590 679
590 761
590 811
590 823
590 826
590 878
590 898
590 905
590 923
590 934
590 939
590 958
590 971
590 983
591 627
591 694
591 717
591 769
591 774
591 776
591 793
592 607
592 668
592 690
592 725
592 737
592 809
592 812
593 598
593 601
593 613
593 636
593 640
593 681
593 699
593 754
593 765
593 982
594 638
594 639
594 695
594 735
594 755
594 775
594 790
594 865
594 880
594 886
594 931
594 936
594 946
594 970
594 978
594 1000
595 651
595 738
595 858
595 886
595 914
595 952
595 969
595 976
595 981
596 624
596 733
596 823
596 836
596 878
596 898
596 905
596 939
596 941
596 958
596 971
596 981
596 983
596 998
597 630
597 635
597 684
597 706
597 732
597 760
597 772
597 903
597 913
597 924
597 953
597 960
597 987
598 601
598 613
598 636
598 640
598 654
598 681
598 699
598 754
598 795
599 620
599 683
599 691
599 714
599 743
599 797
599 827
599 906
599 958
599 965
599 993
600 603
600 620
600 630
600 684
600 903
600 953
600 960
600 964
600 987
601 613
601 636
601 640
601 681
601 699
601 754
601 866
602 607
602 662
602 689
602 758
602 842
602 866
602 878
602 897
602 919
602 947
602 954
602 973
602 991
603 716
603 743
603 770
603 794
603 807
603 843
603 895
603 900
603 917
603 929
603 934
603 961
604 618
604 629
604 632
604 698
604 803
604 810
604 931
605 614
605 687
605 724
605 808
605 836
605 838
605 850
605 862
605 877
605 890
605 959
606 676
606 710
606 713
607 646
607 668
607 690
607 725
607 737
607 873
607 984
608 616
608 658
608 669
608 689
608 712
608 758
608 866
608 897
608 919
608 947
608 954
608 966
608 973
608 991
609 715
609 716
609 720
609 778
609 800
609 859
609 862
609 926
609 928
609 950
609 968
609 980
609 989
609 992
609 999
610 687
610 703
610 719
610 786
610 787
610 793
610 812
610 851
610 863
610 908
610 943
610 948
610 951
610 977
610 997
611 649
611 728
611 745
611 828
611 834
611 841
611 996
612 721
612 742
612 796
612 800
612 805
612 809
612 862
612 870
612 917
612 927
612 928
612 950
612 971
612 980
612 989
612 992
612 999
613 614
613 636
613 640
613 681
613 699
613 754
614 662
614 830
614 842
614 897
614 919
614 947
614 954
614 966
614 973
614 985
614 991
615 664
615 692
615 756
615 766
615 824
615 856
615 857
615 912
616 677
616 693
616 706
616 729
616 753
616 785
616 861
616 872
616 883
616 921
616 935
616 972
616 974
616 990
617 631
617 641
617 643
617 675
617 708
617 722
617 724
617 837
617 846
617 882
618 629
618 682
618 691
618 803
618 810
618 847
618 856
618 976
619 702
619 711
619 768
619 802
619 831
619 835
619 901
619 922
619 927
619 932
619 979
619 982
619 984
620 621
620 630
620 635
620 659
620 684
620 760
620 772
620 889
620 903
620 953
620 964
620 987
621 673
621 714
621 734
621 783
621 788
621 819
621 820
621 853
621 888
621 891
621 915
621 916
621 930
621 955
622 666
622 670
622 712
622 744
622 807
622 814
622 875
622 889
622 904
622 907
622 909
623 671
623 673
623 788
623 819
623 820
623 887
623 888
623 891
623 908
623 915
623 916
623 930
623 955
624 701
624 748
624 785
624 811
624 861
624 883
624 921
624 926
624 935
624 972
624 974
624 976
624 990
625 705
625 715
625 718
625 760
625 804
626 660
626 704
626 718
626 720
626 747
626 784
626 822
626 859
626 879
626 884
626 887
626 906
626 910
626 945
626 962
626 975
627 628
627 645
627 680
627 717
627 769
627 774
627 776
628 717
628 755
628 769
628 774
628 776
628 1000
629 632
629 682
629 698
629 803
629 810
629 847
629 860
629 944
630 760
630 849
630 903
630 953
630 960
630 964
630 987
631 738
631 753
631 764
631 780
631 815
631 858
631 875
631 942
631 952
631 969
631 976
632 634
632 682
632 698
632 810
632 847
632 863
632 946
633 642
633 653
633 671
633 723
633 779
633 792
633 813
633 854
633 868
633 913
633 920
633 936
633 956
633 967
633 996
634 656
634 667
634 733
634 796
634 825
634 842
634 867
635 654
635 684
635 732
635 760
635 772
635 903
635 943
635 953
635 960
635 964
635 987
636 640
636 681
636 730
636 754
636 761
636 901
637 656
637 667
637 733
637 750
637 763
637 796
637 804
637 867
637 938
638 702
638 735
638 782
638 790
638 821
638 830
638 872
638 880
638 886
638 925
638 931
638 946
638 970
638 978
638 986
638 1000
639 680
639 686
639 700
639 736
639 741
639 777
639 829
639 942
639 944
640 659
640 681
640 699
640 754
640 893
641 643
641 646
641 659
641 675
641 722
641 837
641 846
641 882
641 961
642 723
642 844
642 854
642 868
642 899
642 913
642 919
642 920
642 950
642 956
642 967
642 996
643 659
643 675
643 722
643 728
643 837
643 846
643 882
643 959
643 961
644 702
644 757
644 799
644 802
644 816
644 829
644 831
644 901
644 927
644 932
644 979
644 982
644 984
644 986
645 675
645 688
645 771
645 806
645 840
645 841
645 881
645 885
645 902
645 940
645 944
645 951
646 691
646 714
646 818
646 827
646 871
646 906
646 970
646 993
647 669
647 692
647 697
647 770
647 798
647 845
647 848
647 864
647 866
647 876
647 896
647 937
648 663
648 672
648 694
648 726
648 804
648 955
649 692
649 828
649 829
649 834
649 841
650 673
650 689
650 755
650 801
650 823
650 878
650 898
650 905
650 923
650 939
650 941
650 958
650 983
650 998
651 730
651 738
651 780
651 791
651 875
651 894
651 942
651 952
651 969
651 975
651 976
652 679
652 682
652 724
652 836
652 838
652 850
652 873
652 877
652 890
652 892
652 959
652 973
653 723
653 779
653 792
653 854
653 899
653 920
653 956
653 967
653 975
653 996
654 660
654 704
654 718
654 747
654 765
654 784
654 822
654 849
654 884
654 910
654 935
654 945
654 962
654 975
655 671
655 771
655 840
655 881
655 885
655 902
655 940
655 944
655 967
655 973
656 667
656 681
656 733
656 750
656 763
656 860
656 867
656 946
657 707
657 729
657 743
657 765
657 770
657 794
657 807
657 820
657 833
657 843
657 895
657 900
657 909
657 917
657 929
657 940
657 949
657 961
658 677
658 697
658 698
658 795
658 798
658 837
658 845
658 848
658 864
658 876
658 937
659 722
659 728
659 837
659 846
659 882
660 703
660 704
660 718
660 747
660 787
660 822
660 849
660 879
660 884
660 886
660 910
660 945
660 975
661 680
661 702
661 738
661 757
661 768
661 787
661 799
661 802
661 831
661 856
661 901
661 932
661 979
661 982
661 984
661 988
662 689
662 704
662 817
662 884
662 897
662 919
662 947
662 954
662 964
662 966
662 985
663 672
663 676
663 694
663 726
663 772
663 804
663 934
663 994
664 692
664 756
664 766
664 789
664 824
664 856
664 857
664 912
664 939
664 953
665 672
665 735
665 737
665 746
665 755
665 790
665 821
665 832
665 865
665 925
665 931
665 936
665 970
665 978
665 1000
666 670
666 740
666 814
666 839
666 887
666 904
666 907
666 909
666 918
666 932
667 750
667 763
667 796
667 832
667 867
667 881
667 998
668 679
668 690
668 737
668 945
669 697
669 782
669 845
669 864
669 876
669 896
669 906
669 937
670 712
670 740
670 781
670 805
670 814
670 869
670 889
670 904
670 907
670 909
670 918
671 673
671 734
671 742
671 783
671 788
671 819
671 820
671 887
671 888
671 891
671 915
671 916
671 930
671 955
672 694
672 726
672 804
672 979
673 783
673 785
673 788
673 818
673 820
673 887
673 888
673 891
673 915
673 916
673 930
673 955
674 709
674 753
674 773
674 786
674 825
674 826
674 839
674 860
674 893
674 894
674 911
674 924
674 937
674 938
674 945
674 963
674 986
674 995
675 722
675 781
675 837
675 845
675 846
675 882
676 710
676 713
676 942
677 697
677 798
677 845
677 848
677 864
677 896
677 944
678 693
678 701
678 706
678 711
678 748
678 785
678 829
678 861
678 872
678 883
678 926
678 935
678 938
678 967
678 974
678 990
679 811
679 861
679 878
679 898
679 905
679 923
679 939
679 941
679 957
679 958
679 971
679 981
679 998
680 686
680 700
680 736
680 741
680 777
680 829
680 890
681 699
681 754
681 776
682 698
682 810
682 847
683 691
683 714
683 744
683 787
683 797
683 835
683 871
683 906
683 933
683 965
683 993
684 714
684 732
684 760
684 903
684 953
684 960
684 964
684 987
684 997
685 690
685 696
685 746
685 752
685 757
685 759
685 767
685 771
685 815
686 700
686 741
686 756
686 777
686 829
686 852
686 950
687 727
687 808
687 813
687 838
687 850
687 853
687 873
687 877
687 890
687 892
687 980
688 781
688 806
688 840
688 881
688 885
688 902
688 940
688 944
688 961
689 773
689 866
689 919
689 947
689 953
689 954
689 962
689 966
689 985
689 991
690 716
690 737
691 769
691 797
691 818
691 827
691 898
691 906
691 965
691 993
692 756
692 805
692 824
692 856
692 857
692 912
693 694
693 701
693 711
693 747
693 748
693 861
693 872
693 883
693 921
693 926
693 972
693 974
693 984
693 990
694 726
694 770
694 804
694 842
695 708
695 735
695 755
695 775
695 821
695 850
695 855
695 865
695 886
695 912
695 925
695 936
695 946
695 1000
696 746
696 752
696 759
696 767
696 792
696 815
696 982
697 761
697 795
697 798
697 845
697 848
697 864
697 872
697 914
697 937
698 747
698 803
698 810
698 847
698 855
699 734
699 754
699 904
700 736
700 741
700 822
700 829
700 986
701 753
701 785
701 872
701 883
701 921
701 926
701 935
701 972
701 974
701 990
702 758
702 768
702 799
702 802
702 816
702 901
702 927
702 932
702 979
702 982
702 984
703 718
703 719
703 747
703 765
703 768
703 784
703 822
703 858
703 879
703 884
703 945
703 962
703 975
704 765
704 822
704 849
704 879
704 884
704 910
704 942
704 945
704 950
704 951
704 962
704 975
705 715
705 754
705 829
705 849
705 931
706 711
706 748
706 785
706 872
706 926
706 935
706 944
706 964
706 972
706 974
706 990
707 770
707 794
707 833
707 843
707 895
707 900
707 917
707 929
707 933
707 934
707 949
707 961
708 775
708 821
708 830
708 832
708 865
708 880
708 886
708 925
708 931
708 936
708 946
708 970
708 1000
709 786
709 825
709 839
709 852
709 859
709 860
709 874
709 893
709 894
709 911
709 924
709 938
709 963
709 983
709 986
709 994
709 995
710 713
710 828
710 880
710 948
711 716
711 785
711 846
711 861
711 921
711 926
711 935
711 972
711 974
711 990
712 740
712 781
712 814
712 889
712 904
712 907
712 918
713 719
713 966
714 797
714 818
714 827
714 906
714 926
714 965
714 993
715 921
716 720
716 721
716 742
716 778
716 800
716 805
716 809
716 859
716 862
716 870
716 950
716 968
716 980
716 989
716 999
717 769
717 774
717 776
717 791
717 880
718 747
718 765
718 784
718 849
718 879
718 884
718 910
718 945
718 962
718 975
719 739
719 749
719 762
719 787
719 799
719 812
719 836
719 851
719 863
719 869
719 908
719 943
719 948
719 951
719 997
720 721
720 742
720 744
720 778
720 800
720 805
720 862
720 870
720 918
720 928
720 950
720 980
720 989
720 992
720 999
721 800
721 809
721 859
721 862
721 870
721 874
721 928
721 950
721 968
721 980
721 982
721 989
721 992
721 999
722 728
722 784
722 837
722 846
722 882
723 779
723 792
723 827
723 844
723 854
723 868
723 899
723 913
723 920
723 956
723 965
723 967
723 996
724 727
724 729
724 751
724 808
724 813
724 836
724 838
724 850
724 873
724 890
724 892
724 931
724 959
725 728
725 737
725 775
725 788
725 793
726 804
726 808
726 971
727 736
727 836
727 838
727 850
727 853
727 873
727 877
727 890
727 892
727 957
727 959
728 837
728 846
728 882
729 807
729 833
729 843
729 895
729 900
729 917
729 929
729 939
729 949
729 961
730 738
730 764
730 791
730 858
730 875
730 914
730 969
730 976
730 984
731 751
731 761
731 782
731 883
731 945
731 973
732 760
732 772
732 821
732 903
732 953
732 960
732 987
732 996
733 750
733 763
733 796
733 828
733 867
733 961
734 783
734 788
734 819
734 820
734 887
734 888
734 890
734 891
734 915
734 916
734 922
734 930
734 955
734 975
735 755
735 775
735 782
735 832
735 855
735 880
735 886
735 931
735 936
735 946
735 959
735 970
735 978
735 991
735 1000
736 739
736 741
736 776
736 777
736 829
736 847
737 869
737 958
738 780
738 791
738 858
738 928
738 942
738 969
738 976
739 749
739 787
739 793
739 812
739 851
739 869
739 885
739 943
739 948
739 951
739 977
739 997
740 781
740 799
740 814
740 817
740 889
740 904
740 907
740 909
740 918
740 955
741 777
741 829
741 841
741 879
741 899
742 778
742 800
742 805
742 859
742 870
742 928
742 950
742 968
742 971
742 980
742 992
742 999
743 770
743 794
743 822
743 833
743 843
743 874
743 895
743 900
743 929
743 933
743 934
743 949
743 958
743 961
744 778
744 800
744 805
744 859
744 870
744 928
744 950
744 968
744 980
744 989
744 992
744 999
745 828
745 834
745 841
745 872
745 962
746 752
746 759
746 767
746 815
746 884
747 765
747 784
747 803
747 808
747 822
747 849
747 879
747 884
747 910
747 945
747 962
747 975
748 753
748 767
748 785
748 798
748 861
748 883
748 921
748 935
748 942
748 972
748 974
748 990
749 762
749 789
749 793
749 826
749 851
749 863
749 869
749 901
749 908
749 943
749 948
749 951
749 960
749 977
749 997
750 763
750 796
750 818
750 867
750 885
751 761
751 832
752 754
752 759
752 767
752 815
752 832
752 965
752 996
753 756
753 785
753 861
753 871
753 872
753 883
753 921
753 926
753 935
753 972
753 974
753 990
754 938
755 775
755 832
755 840
755 855
755 865
755 880
755 886
755 925
755 931
755 946
755 970
755 978
755 1000
756 765
756 766
756 789
756 824
756 856
756 857
756 912
756 967
757 768
757 799
757 831
757 892
757 898
757 900
757 922
757 927
757 932
757 979
757 982
757 984
757 997
758 792
758 842
758 866
758 897
758 919
758 947
758 954
758 966
758 985
758 991
759 767
759 815
759 847
760 772
760 914
760 953
760 964
760 987
760 995
761 848
761 899
762 793
762 803
762 812
762 863
762 869
762 908
762 943
762 948
762 951
762 977
762 997
763 796
763 867
763 902
763 983
764 791
764 875
764 914
764 942
764 952
764 963
764 969
765 822
765 849
765 879
765 884
765 910
765 945
765 962
765 970
765 975
766 789
766 802
766 824
766 856
766 882
766 889
766 912
766 949
767 815
767 849
767 954
768 799
768 802
768 831
768 835
768 901
768 922
768 932
768 979
768 982
768 988
769 774
769 776
769 796
769 857
769 862
770 807
770 833
770 843
770 895
770 929
770 933
770 934
770 949
770 961
771 797
771 806
771 838
771 840
771 881
771 885
771 902
771 940
771 944
771 958
772 817
772 903
772 913
772 933
772 953
772 960
772 964
772 987
773 786
773 825
773 826
773 839
773 852
773 860
773 887
773 894
773 911
773 924
773 938
773 963
773 985
773 986
773 994
773 995
774 776
774 779
774 809
774 909
774 912
774 952
775 790
775 814
775 832
775 855
775 880
775 925
775 931
775 936
775 946
775 978
775 1000
776 922
776 975
776 989
777 782
777 829
777 870
777 999
778 800
778 805
778 809
778 813
778 859
778 928
778 935
778 950
778 980
778 989
778 992
778 999
779 792
779 844
779 868
779 913
779 920
779 947
779 955
779 956
779 967
779 996
780 787
780 791
780 858
780 875
780 914
780 942
780 952
780 955
780 969
780 976
780 995
781 814
781 889
781 904
781 907
781 909
781 918
781 933
781 973
782 790
782 821
782 830
782 832
782 855
782 880
782 905
782 925
782 931
782 936
782 946
782 971
782 978
782 1000
783 788
783 820
783 880
783 887
783 888
783 891
783 915
783 916
783 929
783 930
783 955
784 822
784 849
784 875
784 879
784 881
784 884
784 910
784 945
784 962
784 975
785 807
785 869
785 883
785 901
785 921
785 926
785 935
785 972
785 974
785 990
786 825
786 826
786 828
786 839
786 852
786 860
786 874
786 893
786 894
786 911
786 924
786 938
786 963
786 986
786 994
786 995
787 793
787 812
787 851
787 863
787 869
787 908
787 943
787 948
787 951
787 977
787 997
788 818
788 819
788 820
788 873
788 881
788 887
788 888
788 915
788 930
788 955
789 824
789 856
789 857
789 912
790 800
790 821
790 830
790 832
790 855
790 865
790 886
790 925
790 936
790 970
790 978
790 1000
791 825
791 858
791 885
791 914
791 942
791 969
792 793
792 844
792 854
792 894
792 899
792 920
792 956
792 967
793 851
793 863
793 869
793 908
793 943
793 948
793 951
793 997
794 802
794 807
794 843
794 870
794 917
794 925
794 929
794 933
794 934
794 949
794 961
795 798
795 845
795 848
795 864
795 876
795 882
795 896
795 937
795 977
796 867
796 874
796 937
796 963
797 818
797 871
797 906
797 937
797 965
797 993
798 845
798 847
798 848
798 864
798 896
798 937
799 802
799 816
799 831
799 835
799 901
799 922
799 927
799 931
799 932
799 951
799 979
799 982
799 984
799 988
800 805
800 809
800 841
800 862
800 892
800 900
800 928
800 968
800 980
800 989
800 992
800 999
801 811
801 823
801 878
801 898
801 905
801 923
801 941
801 957
801 958
801 981
801 983
801 985
801 998
802 852
802 901
802 922
802 927
802 970
802 979
802 984
802 988
803 810
803 847
804 868
804 956
805 809
805 859
805 870
805 928
805 950
805 968
805 980
805 989
805 992
806 826
806 840
806 868
806 881
806 885
806 902
806 940
806 944
807 812
807 833
807 843
807 895
807 917
807 929
807 934
807 949
807 961
808 813
808 838
808 850
808 853
808 873
808 877
808 884
808 890
808 892
808 950
808 959
809 859
809 870
809 928
809 950
809 968
809 980
809 989
809 992
809 999
810 847
810 907
810 929
810 993
811 815
811 823
811 837
811 878
811 898
811 905
811 923
811 939
811 958
811 971
811 981
811 983
811 992
811 998
812 851
812 869
812 908
812 943
812 951
812 977
812 982
812 997
813 838
813 850
813 853
813 863
813 873
813 877
813 892
813 959
814 889
814 904
814 907
814 909
814 918
814 949
816 831
816 835
816 927
816 979
816 982
816 984
816 988
817 842
817 866
817 897
817 919
817 947
817 966
817 973
818 827
818 906
818 926
818 965
818 992
818 993
819 820
819 826
819 887
819 888
819 891
819 915
819 916
819 930
819 955
820 823
820 887
820 888
820 891
820 915
820 916
820 920
820 930
820 955
821 825
821 832
821 851
821 865
821 880
821 886
821 931
821 946
821 970
821 978
821 981
821 1000
822 829
822 879
822 884
822 910
822 919
822 945
822 962
822 975
823 878
823 886
823 898
823 905
823 923
823 939
823 941
823 958
823 971
823 981
823 998
824 857
824 905
824 912
824 919
825 826
825 839
825 852
825 858
825 860
825 874
825 885
825 893
825 894
825 911
825 924
825 938
825 946
825 994
825 995
826 839
826 852
826 860
826 874
826 893
826 911
826 924
826 963
826 986
826 994
826 995
827 871
827 906
827 921
827 965
827 993
828 834
828 841
830 832
830 837
830 855
830 865
830 880
830 886
830 925
830 931
830 946
830 959
830 970
830 978
830 1000
831 835
831 850
831 852
831 922
831 927
831 932
831 979
831 982
831 984
831 988
832 855
832 865
832 880
832 886
832 925
832 931
832 936
832 978
832 1000
833 838
833 843
833 895
833 917
833 929
833 933
833 934
833 961
834 841
834 916
835 845
835 901
835 922
835 923
835 927
835 932
835 943
835 979
835 982
835 988
836 838
836 853
836 872
836 873
836 890
836 892
836 896
836 954
836 959
837 842
837 846
837 882
837 953
838 853
838 873
838 877
838 890
838 922
838 947
838 959
839 852
839 860
839 874
839 893
839 894
839 906
839 911
839 924
839 938
839 948
839 963
839 986
839 994
839 995
840 842
840 881
840 885
840 902
840 940
840 944
842 897
842 919
842 947
842 954
842 973
842 976
842 985
842 991
842 992
843 895
843 900
843 929
843 947
844 854
844 868
844 899
844 913
844 920
844 956
844 967
844 996
845 848
845 864
845 876
845 896
845 937
845 944
845 980
846 882
846 973
846 990
847 922
847 980
848 854
848 937
848 993
849 859
849 879
849 884
849 910
849 945
849 962
849 975
850 853
850 873
850 877
850 890
850 898
850 923
850 959
851 854
851 863
851 864
851 869
851 894
851 923
851 943
851 948
851 951
851 977
851 997
852 860
852 874
852 893
852 894
852 911
852 924
852 938
852 962
852 963
852 986
852 994
852 995
853 873
853 877
853 892
853 909
853 940
854 868
854 899
854 920
854 956
854 967
854 996
855 865
855 877
855 931
855 936
855 946
855 970
855 1000
856 857
856 912
856 931
856 978
857 912
857 918
858 914
858 942
858 952
858 969
858 976
859 862
859 870
859 950
859 968
859 980
859 989
859 992
859 999
860 874
860 911
860 924
860 963
860 986
860 994
861 877
861 882
861 883
861 926
861 935
861 972
861 974
861 990
862 870
862 928
862 950
862 968
862 980
862 989
862 992
862 999
863 892
863 908
863 943
863 948
863 951
863 977
863 997
864 874
864 896
864 937
864 943
865 867
865 880
865 886
865 931
865 936
865 946
865 948
865 970
865 1000
866 904
866 919
866 954
866 966
866 971
866 973
866 985
866 991
867 905
867 910
867 968
868 882
868 899
868 913
868 920
868 941
868 956
868 967
868 996
869 870
869 908
869 943
869 948
869 951
869 977
869 997
870 928
870 950
870 968
870 980
870 989
870 992
870 999
871 876
871 904
871 906
871 949
871 965
871 993
871 999
872 883
872 894
872 921
872 926
872 935
872 972
872 974
872 977
872 990
873 877
873 890
873 892
873 903
873 904
873 959
874 888
874 893
874 894
874 911
874 924
874 938
874 946
874 963
874 986
874 994
874 995
875 914
875 922
875 931
875 942
875 952
875 976
876 896
876 937
876 998
877 879
877 890
877 892
877 959
877 996
878 898
878 905
878 923
878 939
878 941
878 957
878 970
878 971
878 981
878 983
878 998
879 884
879 910
879 945
879 962
879 975
880 886
880 925
880 931
880 936
880 946
880 970
880 978
880 1000
881 885
881 902
881 940
881 944
883 897
883 926
883 935
883 972
883 974
883 990
883 991
884 910
884 921
884 945
884 962
884 975
885 902
885 940
885 944
886 893
886 925
886 931
886 936
886 946
886 970
886 978
886 989
886 1000
887 888
887 891
887 902
887 906
887 915
887 916
887 930
887 955
888 891
888 915
888 916
888 930
888 955
889 891
889 904
889 907
889 909
889 918
890 891
890 892
890 938
890 959
891 915
891 916
891 930
891 955
892 959
893 894
893 901
893 902
893 911
893 924
893 938
893 946
893 963
893 986
893 989
893 994
893 995
894 911
894 924
894 938
894 963
894 986
894 994
894 995
895 900
895 917
895 929
895 933
895 934
895 949
895 961
895 964
896 903
896 925
896 927
896 937
897 919
897 954
897 966
897 985
897 989
897 991
898 905
898 939
898 941
898 957
898 958
898 966
898 971
898 981
898 983
898 998
899 920
899 945
899 956
899 967
899 981
899 996
900 917
900 929
900 933
900 934
900 949
900 961
901 922
901 927
901 979
901 982
901 984
901 988
902 940
902 944
903 953
903 956
903 960
903 964
903 975
903 987
904 907
904 909
904 918
904 920
904 939
905 913
905 923
905 939
905 941
905 957
905 958
905 971
905 981
905 983
905 998
906 965
906 993
907 909
907 918
908 943
908 948
908 951
908 982
908 997
909 918
910 912
910 920
910 945
910 962
910 975
911 915
911 920
911 924
911 938
911 951
911 963
911 986
911 994
911 995
912 918
913 920
913 956
913 967
913 991
913 996
914 924
914 942
914 952
914 976
915 916
915 930
915 955
915 956
916 927
916 930
916 955
916 970
917 929
917 933
917 934
917 949
917 961
917 981
919 927
919 947
919 954
919 966
919 973
919 985
919 988
919 991
920 956
920 967
920 996
921 926
921 935
921 972
921 974
921 990
922 926
922 927
922 932
922 972
922 982
922 984
922 988
923 941
923 957
923 958
923 971
923 981
923 983
923 987
923 998
924 938
924 959
924 960
924 963
924 986
924 994
924 995
925 931
925 936
925 946
925 970
925 976
925 978
925 1000
926 930
926 935
926 972
926 974
926 990
927 932
927 979
927 984
927 988
928 950
928 966
928 968
928 974
928 980
928 989
928 992
928 999
929 933
929 934
929 949
929 961
929 988
930 948
930 955
931 936
931 940
931 946
931 970
931 978
931 1000
932 933
932 979
932 982
932 984
932 988
933 934
933 937
933 949
933 961
933 988
934 940
934 949
934 963
934 998
935 972
935 974
935 982
935 990
936 946
936 970
936 978
936 1000
937 959
938 963
938 986
938 994
938 995
939 941
939 957
939 958
939 971
939 981
939 983
939 986
939 995
939 998
940 944
941 956
941 957
941 958
941 971
941 981
941 983
941 998
942 952
942 969
942 976
943 948
943 951
943 977
943 997
945 962
945 975
946 970
946 978
946 1000
947 954
947 973
947 985
947 991
947 997
948 951
948 974
948 977
948 997
950 968
950 980
950 984
950 992
950 999
951 968
951 977
951 997
952 960
952 969
952 976
953 960
953 964
953 987
954 963
954 966
954 973
954 985
954 991
955 959
955 979
956 996
957 958
957 971
957 981
957 983
957 998
958 981
958 983
958 998
960 964
960 987
962 975
962 992
963 986
963 994
963 995
964 987
965 970
965 993
966 973
966 978
966 985
966 991
967 996
968 980
968 989
968 992
968 999
969 976
969 991
970 978
970 1000
971 981
971 983
972 974
972 981
972 987
973 985
973 991
974 975
974 983
974 990
977 997
978 1000
979 982
979 984
979 988
979 992
980 989
980 999
981 983
981 998
982 984
982 988
983 998
984 988
985 991
986 994
986 995
989 990
989 992
989 999
990 997
992 994
992 999
994 995
998 999
