1 74
1 157
1 554
1 592
1 620
1 635
1 850
1 903
1 953
1 960
1 964
1 987
2 159
2 731
2 760
2 779
2 863
2 869
2 908
2 943
2 948
2 951
2 977
2 997
3 105
3 465
3 523
3 527
3 533
3 560
3 649
3 806
3 828
3 834
3 841
3 901
4 293
4 412
4 464
4 475
4 519
4 520
4 627
4 717
4 774
4 776
4 910
4 975
5 113
5 468
5 556
5 641
5 646
5 691
5 797
5 818
5 871
5 906
5 965
5 993
6 719
6 762
6 812
6 822
6 830
6 908
6 943
6 948
6 951
6 977
6 990
6 997
7 220
7 252
7 409
7 839
7 852
7 911
7 924
7 938
7 963
7 986
7 994
7 995
8 235
8 242
8 359
8 418
8 629
8 706
8 733
8 865
8 907
8 912
8 983
8 1000
9 148
9 261
9 787
9 812
9 863
9 872
9 881
9 908
9 943
9 948
9 977
9 997
10 264
10 367
10 434
10 483
10 663
10 694
10 738
10 764
10 875
10 952
10 974
10 976
11 310
11 341
11 395
11 431
11 460
11 582
11 722
11 836
11 866
11 947
11 973
11 985
12 504
12 653
12 804
12 854
12 886
12 893
12 925
12 941
12 945
12 967
12 991
12 998
13 620
13 650
13 811
13 833
13 854
13 869
13 880
13 898
13 913
13 923
13 957
13 980
14 311
14 542
14 725
14 747
14 765
14 822
14 849
14 884
14 945
14 948
14 962
14 975
15 168
15 255
15 418
15 576
15 606
15 706
15 733
15 768
15 865
15 888
15 983
15 1000
17 325
17 370
17 466
17 657
17 659
17 738
17 770
17 850
17 895
17 917
17 934
17 961
18 389
18 492
18 522
18 697
18 795
18 845
18 864
18 866
18 870
18 876
18 896
18 937
19 84
19 299
19 426
19 449
19 454
19 560
19 592
19 750
19 751
19 754
19 761
19 991
20 425
20 651
20 767
20 781
20 783
20 788
20 819
20 820
20 888
20 915
20 930
20 955
21 57
21 321
21 324
21 338
21 663
21 844
21 851
21 878
21 882
21 903
21 928
21 996
22 175
22 212
22 254
22 413
22 529
22 618
22 682
22 698
22 715
22 803
22 810
22 847
24 33
24 339
24 437
24 561
24 689
24 763
24 817
24 842
24 866
24 919
24 966
24 985
25 137
25 219
25 325
25 510
25 579
25 598
25 601
25 636
25 640
25 681
25 699
25 726
26 247
26 517
26 620
26 627
26 732
26 772
26 903
26 953
26 960
26 964
26 973
26 987
27 70
27 266
27 350
27 506
27 527
27 614
27 649
27 806
27 828
27 834
27 841
27 901
28 145
28 252
28 499
28 540
28 619
28 768
28 799
28 922
28 927
28 979
28 982
28 984
29 339
29 470
29 493
29 587
29 642
29 668
29 690
29 725
29 840
29 909
29 965
29 998
30 149
30 606
30 629
30 672
30 733
30 779
30 865
30 907
30 947
30 964
30 983
30 1000
31 176
31 340
31 458
31 509
31 563
31 685
31 696
31 746
31 752
31 815
32 451
32 516
32 673
32 729
32 767
32 819
32 884
32 887
32 888
32 915
32 930
32 955
33 303
33 516
33 805
33 862
33 870
33 890
33 950
33 968
33 989
33 992
33 999
34 195
34 196
34 222
34 225
34 297
34 551
34 567
34 705
34 715
34 757
34 860
34 910
35 207
35 610
35 762
35 787
35 863
35 887
35 908
35 943
35 948
35 951
35 977
35 997
36 145
36 176
36 340
36 345
36 563
36 685
36 696
36 746
36 752
36 815
36 986
36 991
37 128
37 135
37 274
37 283
37 290
37 548
37 722
37 764
37 875
37 914
37 976
37 986
38 202
38 206
38 743
38 770
38 794
38 843
38 900
38 912
38 917
38 929
38 934
38 961
39 280
39 673
39 738
39 783
39 820
39 887
39 888
39 900
39 913
39 915
39 930
39 955
40 105
40 324
40 467
40 506
40 583
40 649
40 806
40 828
40 834
40 841
40 885
40 901
41 786
41 864
41 874
41 894
41 911
41 924
41 938
41 963
41 986
41 989
41 994
41 995
42 127
42 456
42 562
42 593
42 601
42 628
42 636
42 640
42 681
42 699
42 726
42 743
43 363
43 471
43 547
43 584
43 757
43 772
43 802
43 922
43 927
43 932
43 984
43 988
44 133
44 299
44 395
44 482
44 546
44 564
44 637
44 731
44 751
44 754
44 761
44 834
45 103
45 272
45 311
45 425
45 657
45 707
45 743
45 759
45 850
45 900
45 933
45 961
48 90
48 210
48 354
48 402
48 610
48 680
48 686
48 688
48 700
48 736
48 741
48 829
49 236
49 284
49 443
49 624
49 678
49 693
49 859
49 921
49 926
49 950
49 972
49 990
50 248
50 342
50 397
50 597
50 600
50 684
50 903
50 932
50 953
50 960
50 964
50 987
51 94
51 300
51 527
51 583
51 615
51 692
51 766
51 789
51 824
51 856
51 857
51 912
52 251
52 320
52 491
52 646
52 683
52 691
52 697
52 797
52 827
52 906
52 965
52 993
53 390
53 521
53 537
53 670
53 712
53 740
53 781
53 814
53 889
53 904
53 910
53 918
54 185
54 194
54 210
54 289
54 435
54 457
54 686
54 700
54 736
54 741
54 829
54 968
55 83
55 389
55 511
55 697
55 795
55 798
55 864
55 873
55 876
55 896
55 937
55 966
57 185
57 494
57 663
57 703
57 844
57 851
57 878
57 882
57 928
57 951
57 996
58 243
58 357
58 370
58 432
58 445
58 559
58 666
58 676
58 696
58 710
58 713
58 777
59 133
59 401
59 459
59 473
59 615
59 727
59 760
59 809
59 824
59 856
59 857
59 881
60 318
60 455
60 522
60 795
60 798
60 816
60 845
60 848
60 864
60 876
60 896
60 937
61 425
61 582
61 602
61 608
61 662
61 716
61 897
61 947
61 966
61 973
61 985
61 996
62 421
62 463
62 552
62 622
62 712
62 726
62 740
62 781
62 814
62 889
62 904
62 918
63 212
63 413
63 427
63 529
63 604
63 618
63 669
63 726
63 803
63 810
63 838
63 847
64 337
64 852
64 874
64 894
64 909
64 924
64 938
64 947
64 963
64 986
64 994
64 995
65 174
65 802
65 831
65 835
65 922
65 927
65 930
65 932
65 953
65 982
65 984
65 988
66 271
66 356
66 464
66 519
66 520
66 562
66 591
66 630
66 769
66 774
66 776
66 825
67 153
67 295
67 373
67 444
67 522
67 599
67 732
67 797
67 871
67 906
67 965
67 993
68 448
68 605
68 645
68 655
68 688
68 771
68 881
68 885
68 902
68 906
68 940
68 944
69 286
69 720
69 743
69 770
69 807
69 850
69 877
69 895
69 900
69 929
69 933
69 961
70 322
70 350
70 506
70 533
70 649
70 806
70 828
70 834
70 841
70 901
70 976
71 145
71 218
71 458
71 509
71 563
71 652
71 685
71 696
71 746
71 752
71 785
71 815
73 373
73 516
73 602
73 626
73 747
73 765
73 784
73 879
73 884
73 945
73 962
73 975
74 131
74 397
74 597
74 684
74 732
74 772
74 953
74 960
74 964
74 975
74 987
75 251
75 373
75 568
75 613
75 646
75 714
75 717
75 797
75 871
75 877
75 965
75 993
76 124
76 179
76 414
76 433
76 615
76 653
76 756
76 760
76 824
76 856
76 857
76 912
77 451
77 502
77 521
77 622
77 670
77 712
77 740
77 781
77 814
77 889
77 904
77 918
78 225
78 297
78 505
78 551
78 567
78 690
78 696
78 705
78 715
78 845
78 860
78 910
79 180
79 423
79 474
79 523
79 543
79 617
79 728
79 737
79 759
79 826
79 837
79 846
80 635
80 709
80 826
80 839
80 860
80 874
80 924
80 938
80 963
80 986
80 994
80 995
81 225
81 515
81 580
81 662
81 681
81 758
81 817
81 842
81 919
81 950
81 952
81 985
82 396
82 428
82 705
82 742
82 833
82 898
82 905
82 913
82 923
82 952
82 957
82 980
83 285
83 540
83 691
83 697
83 795
83 798
83 838
83 864
83 876
83 896
83 937
84 395
84 426
84 482
84 592
84 645
84 731
84 751
84 754
84 761
84 791
84 886
85 198
85 702
85 768
85 784
85 831
85 922
85 927
85 932
85 979
85 982
85 984
85 988
86 360
86 463
86 624
86 701
86 745
86 861
86 872
86 883
86 935
86 972
86 990
86 1000
87 153
87 195
87 225
87 297
87 424
87 584
87 705
87 715
87 819
87 860
87 910
87 979
88 172
88 363
88 595
88 667
88 768
88 802
88 816
88 835
88 927
88 979
88 982
88 988
89 330
89 373
89 599
89 687
89 797
89 818
89 827
89 906
89 927
89 930
89 965
89 993
90 107
90 216
90 289
90 317
90 457
90 680
90 686
90 700
90 741
90 823
90 829
91 328
91 363
91 394
91 757
91 768
91 816
91 831
91 875
91 922
91 979
91 984
91 988
92 373
92 556
92 566
92 606
92 683
92 691
92 714
92 827
92 871
92 906
92 965
92 993
93 154
93 226
93 522
93 550
93 677
93 796
93 848
93 864
93 876
93 896
93 934
93 937
94 133
94 178
94 241
94 414
94 459
94 615
94 754
94 810
94 824
94 857
94 912
97 671
97 673
97 767
97 788
97 819
97 820
97 886
97 888
97 915
97 930
97 955
97 980
99 110
99 224
99 322
99 352
99 358
99 506
99 527
99 806
99 828
99 834
99 841
99 901
100 122
100 427
100 485
100 529
100 541
100 573
100 593
100 669
100 682
100 803
100 810
100 847
101 561
101 662
101 716
101 726
101 840
101 842
101 866
101 897
101 919
101 966
101 973
101 985
102 227
102 415
102 670
102 712
102 740
102 759
102 781
102 814
102 889
102 890
102 904
102 918
103 141
103 220
103 379
103 452
103 466
103 807
103 885
103 900
103 917
103 929
103 933
103 940
104 403
104 712
104 825
104 854
104 880
104 891
104 898
104 905
104 913
104 923
104 957
104 980
105 465
105 506
105 533
105 618
105 649
105 783
105 806
105 828
105 834
105 841
105 901
106 384
106 702
106 757
106 802
106 816
106 835
106 851
106 922
106 932
106 979
106 982
106 984
106 988
107 216
107 354
107 413
107 457
107 599
107 680
107 686
107 700
107 736
107 741
107 746
107 829
108 518
108 631
108 645
108 730
108 764
108 780
108 875
108 914
108 928
108 942
108 952
108 969
108 976
110 266
110 533
110 589
110 628
110 649
110 715
110 806
110 828
110 834
110 841
110 901
111 492
111 501
111 576
111 706
111 733
111 739
111 779
111 865
111 905
111 907
111 965
111 983
111 1000
112 201
112 362
112 547
112 644
112 745
112 799
112 802
112 825
112 831
112 932
112 982
112 984
112 988
113 654
113 704
113 784
113 822
113 849
113 853
113 879
113 884
113 914
113 945
113 962
113 975
114 234
114 246
114 247
114 420
114 495
114 633
114 645
114 655
114 771
114 876
114 881
114 940
114 944
115 441
115 583
115 693
115 701
115 785
115 806
115 859
115 861
115 870
115 921
115 935
115 972
115 990
116 150
116 310
116 489
116 602
116 817
116 866
116 919
116 947
116 966
116 969
116 973
116 983
116 985
117 266
117 322
117 352
117 418
117 465
117 527
117 649
117 806
117 819
117 828
117 834
117 841
117 901
118 335
118 347
118 442
118 576
118 663
118 750
118 844
118 851
118 878
118 882
118 928
118 976
118 996
119 286
119 742
119 833
119 880
119 886
119 891
119 898
119 905
119 913
119 923
119 957
119 980
119 986
121 721
121 778
121 802
121 809
121 858
121 862
121 891
121 893
121 950
121 968
121 989
121 992
121 999
122 190
122 349
122 427
122 541
122 604
122 618
122 669
122 698
122 803
122 807
122 847
122 955
123 232
123 423
123 474
123 543
123 641
123 643
123 675
123 728
123 737
123 837
123 846
123 858
123 995
124 173
124 186
124 234
124 486
124 495
124 553
124 688
124 771
124 881
124 886
124 940
124 944
125 131
125 196
125 459
125 473
125 549
125 692
125 766
125 789
125 824
125 856
125 857
125 923
125 966
126 466
126 579
126 666
126 745
126 804
126 886
126 893
126 911
126 925
126 941
126 967
126 991
126 998
127 263
127 430
127 510
127 593
127 598
127 628
127 636
127 640
127 681
127 699
127 726
127 858
128 315
128 344
128 483
128 518
128 651
128 722
128 764
128 914
128 935
128 942
128 969
128 974
129 294
129 311
129 371
129 394
129 445
129 544
129 559
129 587
129 675
129 676
129 710
129 713
129 777
130 389
130 585
130 678
130 693
130 701
130 859
130 883
130 891
130 921
130 926
130 935
130 972
130 990
131 555
131 570
131 718
131 822
131 849
131 879
131 884
131 937
131 945
131 962
131 975
133 193
133 300
133 322
133 433
133 650
133 756
133 766
133 789
133 856
133 912
134 217
134 430
134 494
134 531
134 532
134 611
134 617
134 630
134 851
134 878
134 928
134 992
134 996
135 200
135 308
135 358
135 428
135 483
135 498
135 722
135 753
135 942
135 952
135 974
135 976
136 400
136 444
136 583
136 699
136 745
136 823
136 886
136 893
136 925
136 941
136 967
136 991
136 998
137 417
137 444
137 456
137 593
137 598
137 601
137 628
137 640
137 681
137 699
137 726
137 758
138 619
138 661
138 750
138 768
138 808
138 831
138 922
138 927
138 932
138 960
138 979
138 984
138 988
139 419
139 468
139 502
139 573
139 600
139 623
139 684
139 732
139 903
139 953
139 960
139 964
139 987
140 762
140 787
140 812
140 863
140 908
140 943
140 948
140 951
140 968
140 977
140 982
140 983
140 997
141 291
141 452
141 466
141 512
141 656
141 759
141 794
141 843
141 895
141 917
141 961
141 962
143 312
143 349
143 356
143 464
143 497
143 562
143 591
143 627
143 717
143 769
143 774
143 776
143 976
144 374
144 446
144 468
144 502
144 566
144 635
144 772
144 810
144 903
144 953
144 960
144 964
144 987
145 176
145 218
145 345
145 685
145 696
145 746
145 752
145 815
145 885
145 944
146 208
146 286
146 337
146 517
146 658
146 743
146 807
146 900
146 917
146 929
146 933
146 934
146 961
147 479
147 617
147 759
147 789
147 807
147 843
147 895
147 900
147 917
147 929
147 933
147 934
147 942
148 739
148 762
148 787
148 793
148 863
148 943
148 944
148 948
148 951
148 968
148 977
148 997
149 354
149 388
149 391
149 402
149 680
149 686
149 700
149 734
149 736
149 741
149 829
149 850
150 226
150 320
150 339
150 608
150 716
150 817
150 866
150 880
150 897
150 915
150 973
150 985
151 588
151 628
151 720
151 744
151 805
151 859
151 862
151 870
151 950
151 968
151 989
151 992
151 999
152 379
152 529
152 694
152 742
152 745
152 804
152 823
152 886
152 925
152 941
152 967
152 991
152 998
153 195
153 297
153 377
153 505
153 567
153 584
153 612
153 705
153 715
153 860
153 910
154 430
154 440
154 611
154 703
154 844
154 851
154 859
154 878
154 882
154 907
154 928
154 996
155 487
155 531
155 687
155 703
155 719
155 749
155 753
155 808
155 813
155 836
155 838
155 853
155 877
156 268
156 453
156 744
156 749
156 762
156 793
156 812
156 908
156 943
156 948
156 951
156 977
156 997
157 189
157 375
157 420
157 447
157 495
157 525
157 639
157 771
157 902
157 940
157 944
157 945
158 756
158 773
158 799
158 852
158 894
158 911
158 915
158 924
158 938
158 963
158 986
158 994
158 995
159 563
159 749
159 787
159 830
159 863
159 869
159 889
159 908
159 943
159 963
159 977
159 997
160 825
160 828
160 833
160 854
160 880
160 891
160 898
160 905
160 913
160 923
160 945
160 957
160 980
161 200
161 673
161 720
161 748
161 798
161 809
161 858
161 862
161 950
161 968
161 989
161 992
161 999
162 330
162 369
162 390
162 558
162 613
162 683
162 714
162 797
162 811
162 827
162 906
162 965
162 993
163 189
163 386
163 721
163 748
163 800
163 805
163 809
163 858
163 930
163 968
163 989
163 992
163 999
164 193
164 241
164 433
164 615
164 692
164 756
164 760
164 766
164 817
164 856
164 857
164 912
164 947
166 168
166 529
166 629
166 659
166 672
166 733
166 775
166 779
166 907
166 916
166 983
166 996
166 1000
168 256
168 458
168 659
168 672
168 775
168 779
168 865
168 870
168 907
168 983
168 1000
169 171
169 510
169 545
169 608
169 729
169 783
169 788
169 819
169 887
169 888
169 915
169 930
169 955
170 418
170 439
170 496
170 629
170 659
170 706
170 779
170 802
170 907
170 937
170 983
170 1000
171 237
171 265
171 351
171 423
171 523
171 641
171 643
171 728
171 737
171 837
171 846
171 930
172 410
172 423
172 424
172 474
172 523
172 641
172 643
172 675
172 728
172 837
172 846
172 918
173 266
173 339
173 420
173 486
173 491
173 495
173 553
173 645
173 881
173 885
173 940
173 944
174 216
174 289
174 354
174 388
174 680
174 686
174 700
174 736
174 741
174 761
174 796
174 829
175 826
175 839
175 852
175 911
175 924
175 938
175 963
175 974
175 986
175 994
175 995
175 997
176 301
176 443
176 509
176 563
176 685
176 696
176 746
176 752
176 805
176 815
178 352
178 414
178 421
178 615
178 692
178 760
178 766
178 780
178 824
178 856
178 857
178 912
179 433
179 440
179 549
179 692
179 756
179 766
179 789
179 824
179 856
179 857
179 883
179 912
180 773
180 786
180 826
180 857
180 874
180 911
180 924
180 938
180 963
180 986
180 994
180 995
181 209
181 346
181 386
181 404
181 566
181 656
181 667
181 724
181 750
181 867
181 880
181 916
181 967
182 420
182 525
182 553
182 565
182 655
182 672
182 771
182 858
182 881
182 885
182 902
182 940
182 944
184 422
184 615
184 619
184 720
184 721
184 778
184 809
184 858
184 950
184 968
184 989
184 992
184 999
185 259
185 468
185 502
185 554
185 600
185 861
185 903
185 953
185 960
185 964
185 987
186 272
186 545
186 572
186 687
186 783
186 808
186 813
186 873
186 877
186 890
186 949
186 959
187 554
187 791
187 825
187 854
187 880
187 891
187 898
187 905
187 913
187 923
187 957
187 980
187 987
188 604
188 605
188 739
188 777
188 812
188 830
188 869
188 908
188 943
188 951
188 977
188 997
189 406
189 420
189 448
189 500
189 553
189 688
189 798
189 885
189 902
189 914
189 944
190 408
190 457
190 739
190 745
190 793
190 863
190 869
190 943
190 948
190 951
190 977
190 997
191 397
191 420
191 600
191 620
191 709
191 712
191 732
191 772
191 903
191 953
191 960
191 964
191 987
193 241
193 401
193 560
193 756
193 760
193 766
193 789
193 820
193 836
193 856
193 912
194 210
194 289
194 388
194 391
194 435
194 457
194 680
194 736
194 741
194 762
194 764
194 829
195 236
195 267
195 461
195 505
195 584
195 705
195 715
195 823
195 860
195 910
196 241
196 300
196 306
196 401
196 550
196 756
196 766
196 789
196 824
196 839
196 856
197 328
197 378
197 588
197 720
197 800
197 858
197 870
197 898
197 950
197 959
197 989
197 992
197 999
198 225
198 342
198 467
198 592
198 634
198 637
198 656
198 667
198 750
198 796
198 867
198 916
199 328
199 404
199 496
199 533
199 566
199 623
199 634
199 637
199 696
199 750
199 796
199 867
199 916
200 367
200 518
200 578
200 722
200 839
200 876
200 914
200 942
200 952
200 969
200 976
201 351
201 523
201 526
201 543
201 617
201 641
201 643
201 675
201 737
201 809
201 837
201 846
202 254
202 466
202 770
202 794
202 843
202 888
202 895
202 900
202 917
202 929
202 933
202 961
205 246
205 318
205 406
205 447
205 553
205 565
205 771
205 872
205 881
205 885
205 902
205 935
205 940
205 944
206 263
206 326
206 488
206 510
206 593
206 601
206 628
206 636
206 640
206 681
206 699
206 726
206 980
207 226
207 317
207 450
207 470
207 586
207 587
207 642
207 668
207 690
207 725
207 840
207 909
207 952
208 452
208 479
208 707
208 770
208 807
208 829
208 843
208 850
208 895
208 917
208 933
208 955
208 961
209 232
209 328
209 340
209 346
209 404
209 505
209 566
209 634
209 637
209 667
209 796
209 867
209 916
210 391
210 435
210 645
210 686
210 700
210 736
210 741
210 829
210 955
210 982
211 272
211 441
211 536
211 589
211 601
211 861
211 872
211 883
211 921
211 926
211 934
211 935
211 972
211 990
212 254
212 529
212 618
212 632
212 669
212 682
212 698
212 803
212 810
212 831
212 847
212 901
214 374
214 420
214 468
214 539
214 597
214 684
214 732
214 772
214 842
214 903
214 953
214 960
214 964
214 987
216 354
216 388
216 402
216 627
216 680
216 688
216 700
216 736
216 741
216 829
216 980
217 338
217 369
217 433
217 494
217 611
217 703
217 844
217 851
217 882
217 909
217 928
217 948
217 996
218 288
218 443
218 458
218 509
218 555
218 563
218 672
218 685
218 696
218 746
218 752
218 815
219 233
219 326
219 370
219 510
219 593
219 598
219 628
219 636
219 640
219 681
219 699
219 726
219 965
220 222
220 558
220 599
220 613
220 646
220 683
220 714
220 818
220 871
220 906
220 965
220 993
221 432
221 449
221 454
221 485
221 488
221 500
221 546
221 560
221 564
221 731
221 751
221 754
221 761
221 846
222 789
222 811
222 825
222 833
222 880
222 891
222 898
222 905
222 913
222 923
222 957
222 980
223 588
223 647
223 742
223 833
223 854
223 880
223 891
223 898
223 905
223 907
223 913
223 923
223 957
223 980
224 466
224 826
224 839
224 874
224 894
224 911
224 918
224 924
224 938
224 963
224 986
224 994
224 995
225 377
225 424
225 461
225 551
225 567
225 705
225 715
225 860
225 910
226 355
226 455
226 540
226 550
226 697
226 845
226 848
226 864
226 876
226 896
226 937
227 415
227 552
227 554
227 622
227 670
227 712
227 740
227 781
227 814
227 848
227 889
227 904
227 918
228 232
228 290
228 467
228 554
228 566
228 634
228 636
228 637
228 656
228 667
228 796
228 867
228 884
228 916
229 472
229 626
229 654
229 688
229 698
229 747
229 784
229 822
229 849
229 879
229 884
229 945
229 962
229 975
230 516
230 747
230 751
230 765
230 784
230 822
230 835
230 849
230 879
230 880
230 884
230 945
230 962
230 975
231 431
231 489
231 495
231 582
231 602
231 662
231 689
231 758
231 769
231 897
231 919
231 922
231 947
231 966
232 328
232 411
232 467
232 566
232 571
232 656
232 750
232 796
232 867
232 916
232 935
233 493
233 574
233 744
233 778
233 786
233 809
233 862
233 870
233 950
233 968
233 989
233 992
233 999
234 406
234 495
234 500
234 525
234 655
234 688
234 692
234 754
234 771
234 885
234 940
234 944
235 309
235 418
235 439
235 576
235 629
235 775
235 779
235 865
235 894
235 907
235 980
235 983
235 1000
236 268
236 323
236 424
236 461
236 505
236 551
236 584
236 705
236 715
236 860
236 910
236 914
237 423
237 513
237 523
237 526
237 582
237 617
237 641
237 643
237 675
237 728
237 837
237 846
237 993
238 487
238 652
238 724
238 727
238 808
238 813
238 853
238 873
238 890
238 892
238 903
238 949
238 959
238 963
239 271
239 332
239 484
239 555
239 654
239 660
239 747
239 784
239 849
239 879
239 884
239 945
239 962
239 975
240 382
240 491
240 652
240 719
240 724
240 813
240 836
240 838
240 853
240 877
240 890
240 892
240 916
240 949
241 452
241 549
241 750
241 752
241 760
241 766
241 789
241 824
241 857
241 912
242 365
242 409
242 488
242 572
242 605
242 659
242 687
242 739
242 836
242 873
242 877
242 949
242 959
243 304
243 311
243 357
243 371
243 394
243 402
243 451
243 544
243 559
243 676
243 710
243 713
243 777
244 471
244 624
244 639
244 694
244 790
244 804
244 823
244 886
244 925
244 941
244 967
244 973
244 991
244 998
245 375
245 447
245 525
245 565
245 645
245 655
245 688
245 742
245 881
245 902
245 940
245 944
245 973
245 996
246 247
246 329
246 447
246 448
246 486
246 655
246 766
246 795
246 881
246 885
246 902
246 940
247 500
247 525
247 645
247 688
247 770
247 789
247 881
247 885
247 902
247 940
247 944
248 263
248 484
248 719
248 739
248 749
248 812
248 830
248 869
248 906
248 908
248 951
248 977
248 997
249 541
249 720
249 748
249 798
249 800
249 805
249 858
249 862
249 950
249 968
249 979
249 989
249 992
249 999
250 275
250 528
250 650
250 742
250 811
250 854
250 880
250 891
250 898
250 905
250 913
250 923
250 957
250 980
251 336
251 444
251 492
251 527
251 556
251 599
251 646
251 797
251 827
251 871
251 965
251 993
252 260
252 342
252 768
252 799
252 835
252 842
252 922
252 927
252 932
252 979
252 982
252 988
254 529
254 541
254 632
254 669
254 682
254 698
254 770
254 803
254 810
254 839
254 847
255 395
255 451
255 534
255 621
255 671
255 721
255 767
255 819
255 887
255 888
255 915
255 930
255 955
256 319
256 465
256 541
256 604
256 618
256 632
256 669
256 682
256 698
256 803
256 810
256 847
256 935
257 356
257 373
257 517
257 554
257 635
257 684
257 732
257 772
257 903
257 953
257 960
257 964
257 968
257 987
259 264
259 502
259 517
259 589
259 684
259 732
259 762
259 772
259 903
259 953
259 960
259 964
259 987
260 619
260 644
260 661
260 780
260 802
260 816
260 835
260 927
260 932
260 933
260 979
260 982
260 984
261 541
261 662
261 739
261 749
261 812
261 830
261 863
261 869
261 908
261 943
261 948
261 951
261 997
262 359
262 439
262 462
262 492
262 578
262 606
262 629
262 775
262 779
262 861
262 865
262 907
262 983
262 1000
263 318
263 456
263 510
263 511
263 601
263 636
263 640
263 681
263 699
263 726
263 784
264 338
264 347
264 440
264 442
264 630
264 703
264 785
264 844
264 878
264 882
264 928
264 996
265 499
265 661
265 768
265 800
265 816
265 835
265 884
265 922
265 927
265 979
265 982
265 984
265 988
266 324
266 352
266 649
266 661
266 806
266 828
266 834
266 841
266 869
266 901
267 585
267 678
267 693
267 701
267 707
267 785
267 859
267 861
267 921
267 926
267 935
267 972
267 990
268 297
268 424
268 505
268 551
268 567
268 584
268 705
268 715
268 803
268 860
268 910
268 979
269 271
269 356
269 438
269 464
269 520
269 562
269 601
269 619
269 627
269 717
269 769
269 774
269 776
269 814
271 272
271 312
271 407
271 520
271 562
271 591
271 717
271 769
271 774
271 776
271 962
272 360
272 365
272 531
272 572
272 727
272 877
272 890
272 892
272 949
272 959
273 310
273 489
273 582
273 602
273 758
273 842
273 866
273 876
273 879
273 919
273 947
273 973
273 977
273 985
274 434
274 481
274 512
274 631
274 764
274 772
274 791
274 942
274 952
274 969
274 974
274 976
274 982
275 368
275 410
275 540
275 550
275 647
275 677
275 719
275 798
275 845
275 848
275 864
275 896
275 937
276 395
276 449
276 454
276 482
276 546
276 560
276 564
276 592
276 731
276 751
276 754
276 761
276 805
276 826
278 280
278 299
278 471
278 612
278 744
278 748
278 805
278 858
278 870
278 880
278 950
278 968
278 989
278 992
278 999
279 319
279 349
279 436
279 460
279 526
279 573
279 604
279 618
279 632
279 682
279 698
279 803
279 810
279 847
279 879
280 434
280 545
280 621
280 623
280 729
280 788
280 819
280 887
280 888
280 915
280 925
280 930
280 955
282 483
282 518
282 578
282 595
282 631
282 639
282 730
282 763
282 780
282 883
282 914
282 942
282 969
282 974
282 976
283 284
283 367
283 483
283 548
283 551
283 552
283 606
283 722
283 730
283 914
283 942
283 952
283 969
283 974
284 462
284 476
284 538
284 678
284 711
284 861
284 872
284 883
284 921
284 926
284 935
284 972
284 990
285 353
285 368
285 389
285 410
285 677
285 683
285 779
285 795
285 845
285 848
285 864
285 876
285 896
285 937
286 657
286 730
286 770
286 794
286 843
286 850
286 895
286 897
286 917
286 929
286 933
286 934
287 365
287 419
287 504
287 505
287 633
287 653
287 763
287 790
287 863
287 893
287 925
287 941
287 967
287 991
287 998
288 301
288 340
288 345
288 401
288 458
288 467
288 509
288 563
288 685
288 696
288 746
288 752
288 783
288 815
289 291
289 321
289 354
289 388
289 402
289 510
289 686
289 700
289 736
289 741
289 829
290 342
290 404
290 411
290 432
290 566
290 571
290 634
290 656
290 750
290 796
290 867
290 916
290 993
291 417
291 452
291 512
291 743
291 775
291 794
291 796
291 850
291 900
291 917
291 929
291 934
291 961
293 356
293 407
293 412
293 438
293 497
293 519
293 562
293 717
293 769
293 774
293 776
293 833
293 908
293 917
294 304
294 311
294 370
294 371
294 394
294 544
294 559
294 578
294 663
294 676
294 710
294 713
294 777
294 835
295 373
295 599
295 646
295 691
295 714
295 797
295 817
295 818
295 827
295 871
295 965
295 976
295 993
295 999
296 299
296 451
296 597
296 621
296 671
296 729
296 734
296 783
296 819
296 820
296 887
296 915
296 930
296 944
296 955
297 461
297 567
297 584
297 641
297 705
297 715
297 842
297 860
297 890
297 910
298 440
298 442
298 494
298 532
298 611
298 663
298 790
298 795
298 844
298 851
298 873
298 878
298 882
298 928
298 996
299 449
299 485
299 546
299 560
299 564
299 592
299 731
299 751
299 754
299 761
299 776
300 401
300 459
300 549
300 635
300 692
300 705
300 756
300 757
300 760
300 766
300 856
300 912
301 340
301 345
301 458
301 465
301 509
301 563
301 685
301 696
301 746
301 752
301 815
301 823
301 972
303 372
303 473
303 612
303 721
303 744
303 809
303 858
303 862
303 887
303 950
303 968
303 989
303 992
303 999
304 357
304 371
304 385
304 394
304 445
304 544
304 559
304 581
304 676
304 710
304 713
304 777
304 874
305 308
305 479
305 743
305 759
305 793
305 807
305 843
305 895
305 900
305 917
305 929
305 933
305 934
305 961
305 995
306 401
306 473
306 531
306 549
306 611
306 615
306 760
306 766
306 789
306 824
306 856
306 857
306 893
306 912
307 393
307 429
307 493
307 530
307 586
307 587
307 642
307 668
307 690
307 725
307 747
307 840
307 864
307 909
307 941
308 348
308 567
308 578
308 595
308 651
308 722
308 780
308 875
308 914
308 942
308 952
308 974
308 990
309 439
309 492
309 501
309 582
309 629
309 645
309 672
309 733
309 775
309 865
309 907
309 949
309 983
309 1000
310 339
310 437
310 582
310 716
310 728
310 800
310 817
310 889
310 897
310 947
310 966
310 973
311 357
311 370
311 394
311 544
311 559
311 634
311 676
311 710
311 713
311 777
312 412
312 464
312 497
312 519
312 520
312 569
312 624
312 627
312 717
312 742
312 769
312 774
312 776
314 605
314 687
314 724
314 727
314 753
314 808
314 809
314 836
314 838
314 873
314 892
314 949
314 959
314 973
314 987
315 346
315 358
315 376
315 631
315 651
315 727
315 730
315 738
315 875
315 942
315 952
315 969
315 974
315 976
317 323
317 336
317 450
317 586
317 587
317 630
317 642
317 668
317 690
317 712
317 725
317 840
317 909
318 326
318 456
318 593
318 598
318 601
318 628
318 636
318 640
318 681
318 699
318 726
318 826
319 427
319 470
319 482
319 541
319 604
319 618
319 632
319 682
319 698
319 709
319 803
319 810
319 847
320 532
320 614
320 716
320 758
320 809
320 817
320 842
320 866
320 897
320 947
320 966
320 973
320 985
321 335
321 442
321 475
321 494
321 611
321 630
321 813
321 835
321 844
321 851
321 882
321 928
321 996
322 324
322 506
322 527
322 533
322 806
322 828
322 834
322 841
322 901
322 912
322 930
323 393
323 470
323 493
323 530
323 586
323 642
323 668
323 690
323 725
323 790
323 820
323 840
323 909
324 465
324 506
324 527
324 649
324 749
324 806
324 828
324 834
324 841
324 901
324 1000
325 379
325 512
325 707
325 742
325 743
325 807
325 843
325 850
325 895
325 933
325 934
325 959
325 961
326 510
326 538
326 593
326 598
326 601
326 628
326 636
326 640
326 699
326 700
326 726
326 923
327 382
327 409
327 461
327 502
327 605
327 637
327 652
327 724
327 808
327 836
327 838
327 873
327 877
327 949
327 959
328 342
328 467
328 496
328 571
328 637
328 750
328 778
328 796
328 867
328 916
329 412
329 612
329 773
329 839
329 852
329 874
329 894
329 911
329 924
329 938
329 963
329 986
329 994
329 995
330 355
330 373
330 568
330 613
330 714
330 797
330 818
330 827
330 866
330 906
330 918
330 965
330 993
332 479
332 644
332 757
332 768
332 799
332 807
332 831
332 922
332 927
332 932
332 979
332 982
332 984
332 988
333 363
333 564
333 644
333 661
333 702
333 732
333 757
333 802
333 927
333 932
333 949
333 979
333 982
333 984
333 988
334 351
334 410
334 419
334 474
334 526
334 617
334 641
334 643
334 675
334 690
334 728
334 737
334 831
334 837
334 846
335 338
335 347
335 442
335 553
335 611
335 747
335 771
335 844
335 851
335 878
335 882
335 928
335 996
336 393
336 450
336 470
336 564
336 586
336 587
336 642
336 668
336 690
336 725
336 840
336 909
336 1000
337 479
337 538
337 606
337 707
337 759
337 770
337 794
337 843
337 850
337 900
337 929
337 933
337 934
338 369
338 440
338 663
338 768
338 814
338 844
338 878
338 882
338 893
338 928
338 996
339 539
339 580
339 608
339 842
339 884
339 919
339 947
339 966
339 973
339 985
340 458
340 506
340 509
340 563
340 685
340 696
340 746
340 752
340 815
340 878
341 464
341 489
341 532
341 561
341 602
341 614
341 689
341 842
341 866
341 897
341 919
341 947
341 966
341 999
342 346
342 496
342 571
342 637
342 667
342 750
342 796
342 826
342 867
342 916
343 362
343 644
343 661
343 799
343 802
343 816
343 831
343 850
343 871
343 874
343 932
343 979
343 982
343 984
343 988
344 786
344 793
344 813
344 839
344 852
344 874
344 894
344 911
344 924
344 938
344 963
344 986
344 994
344 995
345 358
345 458
345 509
345 563
345 597
345 685
345 696
345 746
345 752
345 815
345 897
346 496
346 566
346 571
346 637
346 656
346 717
346 750
346 796
346 857
346 867
346 916
347 430
347 431
347 440
347 494
347 591
347 630
347 844
347 851
347 878
347 911
347 928
347 996
348 358
348 366
348 498
348 552
348 626
348 631
348 651
348 722
348 738
348 764
348 778
348 875
348 914
348 969
349 408
349 427
349 541
349 573
349 604
349 618
349 632
349 669
349 698
349 803
349 810
349 847
349 995
350 359
350 403
350 418
350 576
350 606
350 659
350 706
350 775
350 779
350 865
350 886
350 907
350 983
350 1000
351 423
351 526
351 527
351 617
351 641
351 643
351 675
351 728
351 732
351 737
351 837
351 846
351 928
352 465
352 506
352 527
352 533
352 649
352 775
352 803
352 806
352 828
352 834
352 841
352 901
353 367
353 389
353 455
353 522
353 647
353 658
353 677
353 678
353 697
353 798
353 848
353 867
353 876
353 896
353 937
354 402
354 435
354 446
354 467
354 680
354 686
354 700
354 741
354 829
354 919
355 395
355 511
355 540
355 647
355 658
355 662
355 677
355 795
355 798
355 845
355 848
355 864
355 896
355 937
356 438
356 497
356 562
356 591
356 627
356 642
356 677
356 717
356 769
356 774
356 776
357 370
357 371
357 445
357 544
357 551
357 559
357 676
357 710
357 713
357 757
357 777
357 802
358 390
358 476
358 483
358 730
358 780
358 791
358 914
358 942
358 969
358 974
358 976
359 403
359 439
359 501
359 569
359 606
359 629
359 672
359 779
359 907
359 928
359 957
359 983
359 1000
360 589
360 693
360 701
360 711
360 740
360 785
360 862
360 872
360 883
360 921
360 926
360 962
360 972
360 990
361 421
361 463
361 521
361 533
361 537
361 622
361 670
361 712
361 740
361 781
361 804
361 814
361 889
361 904
361 916
361 918
362 499
362 702
362 709
362 768
362 799
362 816
362 818
362 830
362 835
362 932
362 979
362 982
362 984
362 988
363 619
363 644
363 702
363 756
363 795
363 799
363 831
363 927
363 979
363 982
363 984
363 989
365 652
365 687
365 724
365 753
365 781
365 808
365 838
365 877
365 890
365 892
365 942
365 949
365 959
366 368
366 556
366 558
366 568
366 613
366 678
366 683
366 691
366 714
366 818
366 827
366 871
366 906
366 965
366 993
367 578
367 642
367 670
367 730
367 764
367 875
367 914
367 922
367 942
367 969
367 974
367 976
368 455
368 591
368 647
368 658
368 677
368 697
368 795
368 845
368 848
368 864
368 876
368 890
368 937
369 430
369 452
369 532
369 611
369 630
369 703
369 819
369 844
369 851
369 878
369 882
369 928
369 996
370 371
370 394
370 445
370 544
370 559
370 676
370 710
370 713
370 777
370 834
371 445
371 544
371 559
371 676
371 710
371 712
371 713
371 777
371 882
371 903
372 447
372 545
372 623
372 727
372 729
372 734
372 767
372 783
372 788
372 819
372 887
372 888
372 915
372 930
372 955
373 558
373 683
373 811
373 827
373 871
373 906
373 965
373 993
374 382
374 446
374 554
374 597
374 620
374 630
374 635
374 772
374 842
374 903
374 953
374 960
374 964
374 987
375 482
375 486
375 491
375 565
375 645
375 688
375 771
375 881
375 885
375 902
375 932
375 940
375 944
375 963
376 448
376 516
376 554
376 626
376 660
376 704
376 718
376 765
376 822
376 879
376 884
376 945
376 962
376 975
377 385
377 395
377 424
377 461
377 505
377 551
377 567
377 584
377 705
377 715
377 776
377 785
377 860
377 910
378 411
378 486
378 510
378 574
378 720
378 744
378 778
378 858
378 862
378 870
378 950
378 968
378 989
378 992
378 999
379 417
379 434
379 452
379 616
379 707
379 759
379 770
379 807
379 850
379 895
379 929
379 933
379 934
380 382
380 538
380 624
380 649
380 678
380 711
380 785
380 859
380 861
380 872
380 921
380 926
380 927
380 935
380 972
380 990
382 386
382 409
382 652
382 808
382 836
382 838
382 853
382 877
382 890
382 892
382 949
382 959
383 579
383 584
383 666
383 694
383 745
383 763
383 790
383 796
383 804
383 886
383 887
383 925
383 941
383 967
383 991
383 998
384 551
384 582
384 614
384 662
384 689
384 716
384 817
384 842
384 866
384 876
384 897
384 919
384 966
384 973
384 985
385 531
385 620
385 652
385 687
385 727
385 753
385 813
385 816
385 836
385 873
385 877
385 890
385 949
385 959
386 411
386 429
386 467
386 496
386 566
386 634
386 637
386 656
386 667
386 750
386 796
386 867
386 916
388 435
388 457
388 661
388 680
388 686
388 700
388 736
388 741
388 829
388 967
388 989
389 522
389 540
389 550
389 677
389 687
389 697
389 798
389 848
389 876
389 937
389 955
390 481
390 518
390 543
390 595
390 722
390 730
390 780
390 791
390 875
390 914
390 952
390 974
390 976
391 402
391 435
391 453
391 457
391 483
391 680
391 686
391 700
391 721
391 736
391 741
391 798
391 829
393 493
393 530
393 586
393 587
393 613
393 642
393 668
393 690
393 725
393 824
393 840
393 909
393 976
394 445
394 544
394 559
394 676
394 710
394 713
394 776
394 777
394 822
395 426
395 449
395 454
395 482
395 560
395 731
395 751
395 754
395 761
396 811
396 825
396 833
396 853
396 854
396 880
396 891
396 898
396 905
396 913
396 923
396 943
396 957
396 966
396 980
397 468
397 597
397 600
397 620
397 635
397 684
397 953
397 960
397 964
397 966
397 973
397 977
397 987
400 439
400 633
400 653
400 693
400 763
400 769
400 823
400 858
400 893
400 925
400 941
400 967
400 991
400 998
401 407
401 419
401 433
401 473
401 549
401 692
401 789
401 856
401 857
401 912
402 435
402 457
402 631
402 680
402 700
402 736
402 741
402 769
402 829
403 419
403 576
403 606
403 659
403 706
403 775
403 779
403 840
403 865
403 907
403 925
403 983
403 1000
404 467
404 571
404 634
404 637
404 650
404 667
404 681
404 750
404 796
404 867
404 900
404 916
405 555
405 579
405 626
405 694
405 763
405 790
405 804
405 823
405 886
405 893
405 925
405 941
405 967
405 979
405 991
405 998
406 420
406 448
406 460
406 486
406 635
406 658
406 688
406 771
406 881
406 885
406 902
406 940
406 944
407 412
407 438
407 464
407 520
407 562
407 591
407 627
407 717
407 769
407 774
407 776
407 900
407 941
408 642
408 719
408 739
408 786
408 812
408 830
408 863
408 869
408 908
408 943
408 948
408 951
408 977
408 997
409 605
409 716
409 724
409 808
409 836
409 838
409 853
409 877
409 892
409 923
409 949
409 959
410 474
410 526
410 543
410 617
410 641
410 643
410 675
410 728
410 737
410 837
410 846
410 975
411 433
411 496
411 566
411 569
411 571
411 634
411 637
411 667
411 750
411 859
411 867
411 916
412 438
412 497
412 519
412 520
412 562
412 591
412 769
412 774
412 776
412 887
412 940
413 436
413 529
413 541
413 573
413 604
413 632
413 669
413 682
413 698
413 738
413 810
413 847
413 969
414 433
414 615
414 684
414 685
414 692
414 726
414 756
414 760
414 766
414 789
414 824
414 856
414 857
414 912
415 421
415 422
415 463
415 537
415 622
415 670
415 712
415 740
415 781
415 803
415 806
415 814
415 889
415 904
415 918
416 587
416 661
416 709
416 773
416 786
416 820
416 826
416 839
416 874
416 894
416 911
416 924
416 938
416 963
416 986
416 994
416 995
417 512
417 657
417 737
417 743
417 759
417 794
417 807
417 843
417 872
417 895
417 900
417 917
417 933
417 961
418 512
418 659
418 672
418 706
418 707
418 775
418 865
418 907
418 962
418 983
418 1000
419 633
419 653
419 666
419 790
419 804
419 823
419 886
419 893
419 941
419 967
419 991
419 998
420 448
420 495
420 552
420 556
420 565
420 881
420 885
420 902
420 944
421 537
421 571
421 622
421 670
421 712
421 740
421 741
421 781
421 814
421 889
421 902
421 904
421 918
422 773
422 786
422 788
422 826
422 839
422 852
422 874
422 894
422 911
422 924
422 938
422 963
422 986
422 994
422 995
423 523
423 526
423 641
423 643
423 675
423 737
423 837
423 846
423 873
423 875
423 945
424 461
424 501
424 505
424 551
424 567
424 584
424 705
424 715
424 808
424 860
424 910
425 534
425 545
425 621
425 673
425 734
425 767
425 819
425 820
425 887
425 888
425 915
425 926
425 930
425 955
426 432
426 482
426 546
426 560
426 564
426 592
426 689
426 731
426 751
426 754
426 761
426 820
426 866
426 937
427 529
427 573
427 604
427 618
427 669
427 682
427 698
427 794
427 803
427 847
427 934
427 972
428 544
428 616
428 739
428 742
428 811
428 825
428 833
428 854
428 880
428 891
428 905
428 913
428 923
428 957
428 980
429 450
429 470
429 493
429 530
429 586
429 587
429 642
429 668
429 690
429 725
429 840
429 885
429 890
429 909
429 949
430 475
430 494
430 532
430 546
430 663
430 703
430 844
430 851
430 882
430 905
430 928
430 996
431 460
431 515
431 560
431 581
431 602
431 714
431 758
431 842
431 866
431 919
431 947
431 966
431 973
431 985
432 449
432 454
432 485
432 546
432 560
432 564
432 592
432 731
432 751
432 754
432 761
432 774
432 840
433 436
433 473
433 498
433 756
433 760
433 789
433 856
433 857
433 912
434 481
434 498
434 552
434 578
434 631
434 702
434 738
434 791
434 875
434 910
434 942
434 974
434 976
435 457
435 481
435 680
435 686
435 700
435 736
435 741
435 829
435 860
435 964
436 529
436 541
436 573
436 604
436 618
436 669
436 682
436 698
436 746
436 803
436 810
436 847
436 863
436 999
437 453
437 539
437 561
437 582
437 662
437 674
437 689
437 716
437 842
437 897
437 904
437 919
437 947
437 973
437 985
438 497
438 512
438 519
438 562
438 591
438 599
438 627
438 717
438 769
438 774
438 776
438 871
439 492
439 501
439 565
439 576
439 692
439 775
439 779
439 839
439 907
439 983
439 1000
440 475
440 532
440 663
440 716
440 844
440 851
440 878
440 882
440 928
440 989
440 996
441 450
441 536
441 538
441 668
441 693
441 711
441 787
441 859
441 861
441 883
441 892
441 926
441 935
441 972
441 990
442 537
442 611
442 630
442 703
442 741
442 752
442 844
442 851
442 878
442 882
442 928
442 996
443 538
443 569
443 624
443 678
443 711
443 785
443 859
443 872
443 883
443 914
443 926
443 935
443 972
443 990
444 556
444 568
444 599
444 662
444 714
444 797
444 818
444 827
444 871
444 906
444 924
444 965
444 993
445 544
445 559
445 576
445 676
445 710
445 713
445 748
445 777
445 852
445 998
446 475
446 502
446 517
446 554
446 600
446 620
446 732
446 772
446 777
446 903
446 953
446 960
446 964
446 987
447 470
447 491
447 500
447 645
447 655
447 688
447 881
447 885
447 895
447 902
447 940
447 944
448 491
448 565
448 632
448 655
448 688
448 771
448 849
448 885
448 902
448 940
448 944
449 454
449 485
449 546
449 592
449 660
449 731
449 751
449 754
449 761
449 967
449 992
450 470
450 493
450 530
450 587
450 668
450 690
450 725
450 840
450 862
450 865
450 901
450 909
451 623
451 646
451 671
451 734
451 767
451 788
451 820
451 887
451 888
451 915
451 930
451 955
452 742
452 743
452 770
452 794
452 807
452 895
452 900
452 933
452 934
452 961
453 484
453 548
453 610
453 719
453 762
453 793
453 812
453 830
453 869
453 943
453 948
453 951
453 977
453 997
454 482
454 485
454 564
454 592
454 731
454 749
454 751
454 754
454 761
454 926
454 988
455 485
455 511
455 536
455 543
455 647
455 693
455 795
455 798
455 845
455 848
455 876
455 896
455 937
456 510
456 526
456 550
456 593
456 598
456 601
456 628
456 636
456 640
456 681
456 699
456 726
456 773
457 523
457 680
457 686
457 700
457 736
457 741
457 804
457 829
458 509
458 563
458 685
458 696
458 727
458 746
458 752
458 815
458 994
459 473
459 561
459 643
459 692
459 756
459 760
459 789
459 824
459 856
459 857
459 896
459 912
459 998
460 580
460 582
460 602
460 614
460 758
460 847
460 866
460 897
460 919
460 947
460 966
460 973
460 985
461 551
461 567
461 584
461 670
461 705
461 715
461 717
461 860
461 872
461 910
462 545
462 623
462 697
462 729
462 734
462 767
462 783
462 819
462 820
462 887
462 888
462 915
462 930
462 955
462 992
463 521
463 537
463 622
463 670
463 712
463 740
463 781
463 793
463 814
463 845
463 889
463 904
463 918
464 497
464 552
464 586
464 591
464 627
464 645
464 717
464 769
464 774
464 776
465 527
465 533
465 649
465 797
465 806
465 811
465 828
465 834
465 841
465 901
466 479
466 657
466 666
466 794
466 807
466 843
466 894
466 929
466 933
466 934
466 961
467 496
467 637
467 656
467 667
467 685
467 750
467 867
467 916
468 502
468 620
468 635
468 684
468 711
468 732
468 903
468 953
468 960
468 964
468 987
469 487
469 511
469 550
469 598
469 647
469 658
469 677
469 781
469 795
469 798
469 845
469 848
469 864
469 876
469 896
469 937
469 938
470 493
470 530
470 586
470 642
470 690
470 725
470 772
470 840
470 909
471 479
471 588
471 720
471 744
471 748
471 778
471 800
471 809
471 870
471 937
471 950
471 968
471 989
471 992
471 999
472 683
472 709
472 766
472 773
472 786
472 826
472 839
472 852
472 874
472 894
472 911
472 924
472 938
472 963
472 986
472 994
472 995
473 549
473 636
473 661
473 692
473 722
473 756
473 789
473 824
473 856
473 857
473 912
474 515
474 523
474 543
474 544
474 562
474 617
474 641
474 675
474 728
474 737
474 760
474 837
474 846
475 532
475 611
475 630
475 663
475 677
475 703
475 844
475 851
475 878
475 882
475 928
475 995
475 996
476 487
476 572
476 605
476 652
476 727
476 753
476 813
476 836
476 838
476 853
476 873
476 890
476 892
476 949
476 957
476 959
479 672
479 707
479 759
479 770
479 843
479 895
479 900
479 917
479 929
479 961
479 986
481 483
481 498
481 518
481 552
481 578
481 595
481 780
481 791
481 818
481 933
481 942
481 952
481 969
481 976
482 485
482 499
482 546
482 564
482 592
482 731
482 751
482 754
482 761
482 888
483 572
483 631
483 722
483 813
483 856
483 875
483 914
483 942
483 952
483 969
484 591
484 719
484 739
484 787
484 793
484 812
484 830
484 863
484 908
484 915
484 943
484 948
484 951
484 977
484 997
485 546
485 560
485 564
485 592
485 677
485 731
485 751
485 754
485 761
485 861
486 500
486 553
486 565
486 574
486 655
486 760
486 771
486 885
486 892
486 902
486 940
486 944
487 513
487 572
487 605
487 652
487 687
487 838
487 873
487 877
487 890
487 892
487 940
487 949
487 951
487 959
488 513
488 521
488 531
488 713
488 724
488 727
488 753
488 808
488 813
488 836
488 853
488 873
488 890
488 949
488 959
489 515
489 516
489 561
489 608
489 640
489 681
489 758
489 762
489 817
489 842
489 866
489 897
489 966
489 985
491 500
491 525
491 553
491 567
491 614
491 688
491 771
491 881
491 885
491 902
491 940
491 944
492 576
492 672
492 683
492 706
492 733
492 775
492 779
492 865
492 907
492 972
492 983
492 1000
493 530
493 668
493 675
493 690
493 714
493 725
493 840
493 874
493 909
494 532
494 611
494 651
494 671
494 678
494 703
494 844
494 878
494 903
494 928
494 996
495 516
495 525
495 645
495 655
495 688
495 771
495 856
495 885
495 902
495 940
495 944
496 566
496 571
496 634
496 656
496 667
496 844
496 867
496 893
496 911
496 916
497 519
497 565
497 591
497 627
497 673
497 717
497 769
497 773
497 774
497 776
497 922
498 518
498 548
498 651
498 738
498 764
498 791
498 858
498 889
498 914
498 942
498 952
498 969
498 974
499 547
499 629
499 699
499 757
499 768
499 831
499 835
499 844
499 922
499 927
499 979
499 982
499 984
499 988
500 525
500 553
500 565
500 616
500 645
500 771
500 881
500 885
500 905
500 940
500 944
501 576
501 606
501 629
501 650
501 659
501 672
501 733
501 779
501 786
501 865
501 907
501 983
501 1000
502 554
502 597
502 732
502 769
502 772
502 903
502 953
502 960
502 964
502 987
504 528
504 579
504 583
504 618
504 653
504 666
504 694
504 745
504 763
504 823
504 893
504 941
504 953
504 967
504 991
504 998
505 551
505 567
505 584
505 705
505 715
505 860
505 910
505 945
505 991
506 533
506 649
506 786
506 806
506 828
506 834
506 841
506 901
506 922
509 563
509 685
509 696
509 746
509 752
509 772
509 815
509 857
509 877
510 598
510 601
510 628
510 636
510 640
510 681
510 699
510 726
511 540
511 550
511 600
511 647
511 658
511 765
511 795
511 798
511 845
511 864
511 876
511 937
511 990
512 743
512 759
512 794
512 843
512 850
512 895
512 900
512 929
512 933
512 934
512 961
513 572
513 585
513 652
513 694
513 727
513 808
513 813
513 836
513 838
513 853
513 873
513 877
513 949
513 959
513 992
515 539
515 581
515 608
515 614
515 662
515 689
515 716
515 758
515 831
515 851
515 947
515 966
515 973
515 985
516 605
516 660
516 718
516 765
516 822
516 849
516 879
516 884
516 945
516 962
516 975
517 554
517 600
517 635
517 684
517 732
517 757
517 772
517 864
517 903
517 953
517 960
517 964
517 987
518 570
518 651
518 718
518 722
518 730
518 780
518 838
518 942
518 952
518 974
518 976
519 562
519 591
519 627
519 717
519 720
519 769
519 774
519 776
519 830
519 963
519 991
520 562
520 568
520 591
520 627
520 717
520 764
520 769
520 773
520 774
520 776
520 913
521 537
521 557
521 622
521 670
521 712
521 740
521 781
521 814
521 889
521 904
521 918
521 984
521 996
522 647
522 697
522 795
522 798
522 845
522 848
522 864
522 871
522 876
522 896
522 937
522 962
523 526
523 543
523 573
523 617
523 675
523 728
523 737
523 837
523 846
525 553
525 623
525 645
525 837
525 881
525 885
525 902
525 940
525 944
525 947
526 543
526 617
526 643
526 657
526 675
526 728
526 737
526 837
526 846
527 533
527 805
527 806
527 828
527 834
527 841
527 901
528 570
528 616
528 650
528 669
528 742
528 789
528 811
528 825
528 854
528 880
528 891
528 898
528 905
528 913
528 923
528 957
528 980
529 618
529 629
529 632
529 669
529 682
529 698
529 803
529 810
529 847
530 586
530 587
530 642
530 668
530 690
530 725
530 840
530 860
530 873
530 909
530 960
530 1000
531 652
531 687
531 706
531 724
531 727
531 813
531 836
531 838
531 853
531 877
531 890
531 892
531 962
532 611
532 630
532 659
532 663
532 680
532 703
532 851
532 878
532 928
532 996
533 540
533 649
533 657
533 806
533 828
533 834
533 841
533 901
534 623
534 671
534 673
534 686
534 729
534 737
534 767
534 783
534 788
534 820
534 848
534 887
534 888
534 915
534 930
534 955
534 960
536 563
536 585
536 589
536 671
536 693
536 701
536 711
536 785
536 872
536 883
536 921
536 926
536 935
536 961
536 972
536 990
537 622
537 670
537 712
537 740
537 781
537 808
537 812
537 814
537 889
537 904
537 918
537 973
538 585
538 693
538 711
538 776
538 859
538 861
538 883
538 921
538 926
538 935
538 972
538 982
538 990
539 561
539 581
539 582
539 656
539 689
539 758
539 817
539 852
539 866
539 897
539 919
539 947
539 952
539 966
539 973
540 647
540 658
540 677
540 697
540 729
540 845
540 848
540 876
540 896
540 937
540 960
541 573
541 604
541 669
541 698
541 794
541 803
541 810
541 819
541 847
542 570
542 626
542 660
542 704
542 718
542 740
542 747
542 784
542 822
542 849
542 879
542 884
542 945
542 947
542 962
542 975
542 982
542 997
543 559
543 617
543 641
543 643
543 675
543 728
543 737
543 746
543 837
543 846
544 559
544 676
544 710
544 713
544 777
544 887
544 982
545 621
545 623
545 652
545 671
545 673
545 729
545 734
545 783
545 820
545 915
545 929
545 930
545 955
546 560
546 564
546 731
546 751
546 754
546 761
546 869
546 923
546 986
547 555
547 644
547 647
547 757
547 758
547 802
547 816
547 831
547 835
547 922
547 927
547 932
547 975
547 979
547 982
547 988
548 552
548 595
548 631
548 655
548 722
548 738
548 739
548 777
548 780
548 791
548 942
548 952
548 969
548 974
548 976
549 598
549 615
549 692
549 756
549 760
549 789
549 824
549 841
549 856
549 877
549 901
549 912
550 626
550 646
550 647
550 677
550 798
550 845
550 848
550 864
550 876
550 896
550 937
551 567
551 584
551 705
551 715
551 860
551 910
551 972
552 631
552 730
552 738
552 764
552 791
552 875
552 914
552 942
552 974
552 976
553 565
553 567
553 655
553 771
553 784
553 881
553 902
553 941
553 944
554 597
554 635
554 772
554 903
554 953
554 960
554 964
554 987
555 626
555 654
555 704
555 718
555 756
555 765
555 784
555 822
555 849
555 879
555 884
555 945
555 962
555 975
556 568
556 599
556 691
556 711
556 714
556 818
556 827
556 871
556 879
556 906
556 934
556 965
556 993
557 558
557 562
557 616
557 650
557 742
557 811
557 825
557 833
557 854
557 880
557 891
557 898
557 905
557 913
557 923
557 957
557 980
557 989
558 568
558 613
558 646
558 674
558 691
558 714
558 818
558 827
558 871
558 906
558 965
558 983
558 993
558 999
559 581
559 676
559 710
559 713
559 777
559 990
560 562
560 564
560 592
560 731
560 751
560 754
560 761
561 614
561 615
561 662
561 689
561 716
561 842
561 897
561 907
561 919
561 947
561 966
561 985
562 627
562 717
562 769
562 774
562 776
563 685
563 696
563 734
563 746
563 752
563 815
563 898
564 592
564 687
564 731
564 751
564 752
564 754
564 761
565 645
565 733
565 771
565 881
565 885
565 902
565 916
565 940
565 944
566 634
566 656
566 750
566 796
566 852
566 867
566 916
566 923
567 584
567 705
567 715
567 759
567 860
567 910
568 599
568 613
568 683
568 691
568 799
568 818
568 827
568 871
568 901
568 906
568 938
568 965
568 993
569 585
569 589
569 624
569 678
569 701
569 711
569 785
569 815
569 859
569 861
569 872
569 921
569 926
569 935
569 972
569 990
570 595
570 654
570 660
570 704
570 718
570 747
570 765
570 784
570 822
570 847
570 849
570 879
570 884
570 945
570 962
570 975
571 634
571 637
571 656
571 667
571 675
571 741
571 750
571 790
571 796
571 867
571 916
572 601
572 605
572 687
572 714
572 727
572 753
572 838
572 853
572 873
572 877
572 892
572 928
572 959
573 604
573 618
573 632
573 669
573 682
573 698
573 712
573 761
573 803
573 810
573 847
574 710
574 721
574 744
574 748
574 778
574 800
574 809
574 858
574 862
574 870
574 894
574 902
574 950
574 968
574 989
574 992
574 999
576 629
576 659
576 672
576 775
576 784
576 841
576 865
576 907
576 983
576 1000
578 579
578 651
578 730
578 738
578 762
578 780
578 791
578 875
578 942
578 952
578 969
578 974
579 580
579 633
579 639
579 653
579 804
579 823
579 854
579 886
579 893
579 925
579 941
579 967
579 991
579 998
580 581
580 582
580 608
580 614
580 689
580 694
580 812
580 817
580 842
580 866
580 897
580 917
580 919
580 966
580 973
580 985
581 608
581 614
581 689
581 731
581 758
581 817
581 866
581 897
581 919
581 944
581 947
581 966
581 973
581 985
582 589
582 614
582 680
582 689
582 842
582 966
582 973
582 985
583 633
583 694
583 745
583 763
583 790
583 804
583 823
583 886
583 893
583 916
583 925
583 941
583 967
583 991
583 998
584 639
584 705
584 715
584 860
584 910
584 964
585 589
585 611
585 640
585 693
585 701
585 711
585 857
585 859
585 872
585 883
585 921
585 935
585 972
585 990
586 587
586 642
586 652
586 668
586 690
586 725
586 840
586 854
586 896
586 909
587 642
587 655
587 668
587 690
587 725
587 840
587 909
587 993
588 720
588 721
588 748
588 778
588 800
588 805
588 862
588 870
588 878
588 895
588 933
588 950
588 968
588 989
588 992
588 999
589 693
589 711
589 785
589 861
589 872
589 883
589 921
589 926
589 935
589 972
589 990
589 999
591 627
591 717
591 769
591 774
591 776
591 808
592 667
592 731
592 739
592 751
592 754
592 761
593 598
593 601
593 628
593 636
593 640
593 681
593 699
593 726
593 853
593 980
593 996
595 631
595 651
595 722
595 738
595 791
595 813
595 895
595 914
595 942
595 952
595 969
595 974
595 976
597 598
597 600
597 620
597 635
597 684
597 903
597 953
597 960
597 964
597 980
597 987
598 601
598 628
598 636
598 640
598 681
598 699
598 726
598 922
599 602
599 646
599 683
599 797
599 818
599 827
599 871
599 882
599 906
599 965
599 993
600 620
600 676
600 684
600 688
600 716
600 732
600 772
600 903
600 953
600 960
600 964
600 987
601 628
601 636
601 640
601 666
601 681
601 699
601 726
602 662
602 716
602 758
602 827
602 866
602 897
602 903
602 919
602 947
602 966
602 973
602 985
604 632
604 671
604 682
604 698
604 725
604 803
604 810
604 847
604 957
605 753
605 823
605 836
605 838
605 853
605 873
605 890
605 892
605 925
605 949
605 959
606 629
606 659
606 672
606 706
606 733
606 775
606 779
606 824
606 907
606 983
606 1000
608 628
608 662
608 716
608 758
608 759
608 842
608 897
608 910
608 919
608 947
608 966
608 973
608 985
610 691
610 719
610 749
610 762
610 778
610 787
610 793
610 812
610 830
610 863
610 869
610 898
610 908
610 943
610 948
610 951
610 977
610 997
611 630
611 703
611 814
611 836
611 878
611 882
611 928
611 996
612 720
612 721
612 744
612 778
612 800
612 805
612 809
612 858
612 862
612 870
612 922
612 929
612 950
612 968
612 989
612 992
612 999
613 623
613 683
613 691
613 706
613 714
613 724
613 797
613 818
613 871
613 894
613 906
613 965
613 993
614 662
614 669
614 689
614 718
614 842
614 866
614 897
614 911
614 919
614 947
615 692
615 756
615 760
615 766
615 774
615 799
615 856
615 857
615 912
615 961
616 619
616 650
616 651
616 742
616 811
616 825
616 833
616 854
616 880
616 891
616 898
616 905
616 913
616 923
616 957
616 980
617 636
617 641
617 643
617 675
617 728
617 737
617 837
617 846
617 950
618 620
618 632
618 669
618 682
618 767
618 810
618 847
619 644
619 661
619 702
619 799
619 802
619 816
619 831
619 835
619 875
619 932
619 979
619 982
619 984
619 988
620 684
620 732
620 772
620 795
620 903
620 953
620 960
620 964
620 987
621 623
621 671
621 729
621 783
621 788
621 803
621 819
621 820
621 851
621 887
621 888
621 896
621 913
621 915
621 930
621 955
622 670
622 712
622 740
622 764
622 781
622 814
622 835
622 889
622 904
622 918
622 938
622 975
623 673
623 734
623 783
623 788
623 820
623 887
623 888
623 915
623 930
623 955
624 678
624 717
624 785
624 828
624 859
624 861
624 872
624 883
624 921
624 926
624 935
624 972
624 974
624 990
626 654
626 660
626 704
626 747
626 784
626 849
626 856
626 879
626 884
626 945
626 948
626 962
626 975
627 631
627 652
627 717
627 769
627 774
627 776
628 636
628 640
628 681
628 699
628 726
628 728
629 698
629 706
629 733
629 809
629 865
629 907
629 983
629 1000
630 655
630 663
630 780
630 844
630 851
630 878
630 882
630 928
630 996
631 730
631 738
631 776
631 791
631 883
631 914
631 952
631 969
631 974
632 636
632 669
632 682
632 698
632 803
632 810
632 847
632 927
632 929
633 639
633 653
633 666
633 763
633 787
633 823
633 886
633 893
633 897
633 925
633 941
633 967
633 974
633 991
633 998
634 656
634 667
634 692
634 722
634 750
634 796
634 867
634 916
634 925
635 684
635 732
635 772
635 780
635 903
635 953
635 960
635 964
635 987
636 681
636 699
636 726
637 656
637 667
637 750
637 796
637 867
637 916
637 948
639 666
639 694
639 745
639 763
639 790
639 804
639 823
639 865
639 886
639 893
639 925
639 941
639 967
639 991
639 995
639 998
640 681
640 699
640 726
640 790
640 815
641 643
641 675
641 728
641 734
641 737
641 837
641 846
641 875
642 668
642 690
642 713
642 725
642 789
642 840
642 909
643 675
643 728
643 737
643 771
643 817
643 837
643 846
643 916
644 680
644 702
644 749
644 763
644 799
644 802
644 816
644 825
644 831
644 835
644 922
644 979
644 982
644 984
645 655
645 688
645 881
645 885
645 902
645 940
646 683
646 691
646 714
646 732
646 797
646 818
646 827
646 871
646 906
646 965
646 993
646 1000
647 658
647 677
647 697
647 798
647 835
647 864
647 876
647 896
647 912
647 937
649 658
649 806
649 828
649 834
649 841
649 846
649 901
649 996
650 742
650 811
650 825
650 833
650 854
650 880
650 891
650 898
650 905
650 913
650 923
650 957
650 980
650 994
651 730
651 738
651 764
651 780
651 791
651 914
651 916
651 952
651 969
651 974
651 976
652 753
652 813
652 853
652 873
652 890
652 892
652 949
652 959
653 666
653 694
653 745
653 763
653 790
653 823
653 849
653 893
653 909
653 925
653 926
653 967
653 991
653 998
654 660
654 666
654 704
654 718
654 747
654 765
654 783
654 784
654 849
654 879
654 938
654 945
654 949
654 962
654 975
654 985
655 771
655 866
655 881
655 898
655 902
655 940
655 944
656 657
656 667
656 750
656 796
656 816
656 867
656 916
657 707
657 743
657 759
657 770
657 794
657 807
657 874
657 895
657 900
657 917
657 929
657 933
657 934
657 961
658 677
658 697
658 791
658 795
658 798
658 845
658 848
658 864
658 876
658 896
658 937
658 988
659 672
659 706
659 733
659 775
659 779
659 865
659 907
659 953
659 983
659 1000
660 701
660 704
660 718
660 747
660 765
660 784
660 822
660 864
660 879
660 884
660 945
660 962
660 972
660 975
661 702
661 757
661 768
661 799
661 831
661 922
661 927
661 932
661 948
661 982
661 984
661 988
662 689
662 817
662 919
662 947
662 966
662 973
662 985
662 993
663 680
663 703
663 844
663 851
663 878
663 882
663 928
663 953
663 967
663 996
666 745
666 763
666 790
666 808
666 886
666 893
666 925
666 941
666 967
666 991
666 998
667 796
667 803
667 844
667 867
667 916
667 988
668 690
668 725
668 743
668 826
668 840
668 846
668 909
669 682
669 810
669 824
669 830
669 847
670 712
670 740
670 781
670 814
670 889
670 904
670 906
670 918
670 964
671 673
671 734
671 767
671 783
671 788
671 819
671 820
671 888
671 915
671 930
671 933
671 955
672 706
672 733
672 775
672 779
672 865
672 872
672 983
672 1000
673 734
673 760
673 767
673 783
673 788
673 819
673 820
673 887
673 888
673 891
673 930
673 955
674 709
674 715
674 773
674 786
674 826
674 839
674 852
674 874
674 894
674 911
674 917
674 924
674 938
674 963
674 986
674 994
674 995
675 728
675 737
675 837
675 846
675 934
676 710
676 713
676 761
676 777
676 818
676 827
676 880
677 697
677 795
677 807
677 845
677 864
677 876
677 896
677 937
678 701
678 785
678 859
678 861
678 872
678 883
678 921
678 926
678 935
678 942
678 972
678 990
680 686
680 700
680 736
680 741
680 829
680 968
681 699
681 726
681 908
681 987
682 754
682 803
682 810
682 847
682 893
682 897
682 966
683 691
683 703
683 797
683 818
683 827
683 871
683 906
683 963
683 965
683 993
684 713
684 732
684 748
684 772
684 941
684 953
684 960
684 964
684 987
685 696
685 746
685 752
685 814
685 815
685 867
685 940
686 700
686 736
686 741
686 829
686 876
686 914
686 974
686 994
687 724
687 727
687 753
687 813
687 838
687 873
687 877
687 892
687 921
687 949
687 959
688 771
688 885
688 902
688 940
688 944
688 991
689 753
689 794
689 866
689 929
689 947
689 959
689 966
689 973
689 985
690 725
690 840
690 909
690 949
690 964
691 702
691 714
691 818
691 827
691 871
691 906
691 926
691 965
691 993
691 995
692 756
692 766
692 778
692 789
692 824
692 857
692 912
692 938
693 744
693 785
693 859
693 861
693 872
693 921
693 926
693 935
693 972
693 975
693 990
694 745
694 790
694 823
694 830
694 886
694 893
694 925
694 941
694 967
694 984
694 991
694 998
696 746
696 752
696 768
696 815
696 851
697 795
697 798
697 811
697 845
697 848
697 864
697 896
697 937
697 993
698 703
698 803
698 810
698 843
698 886
699 703
699 726
699 860
700 702
700 736
700 829
700 923
700 969
701 711
701 767
701 785
701 849
701 859
701 861
701 883
701 921
701 926
701 935
701 972
701 985
701 990
702 757
702 799
702 816
702 835
702 922
702 927
702 932
702 955
702 979
702 982
702 984
702 988
703 743
703 844
703 851
703 878
703 882
703 928
703 996
704 718
704 747
704 765
704 784
704 822
704 829
704 849
704 879
704 884
704 904
704 945
704 950
704 959
704 962
704 975
705 715
705 798
705 860
705 910
705 961
706 733
706 740
706 775
706 865
706 907
706 915
706 927
706 983
706 1000
707 720
707 743
707 759
707 794
707 807
707 820
707 843
707 850
707 895
707 900
707 929
707 933
707 934
707 961
709 773
709 786
709 826
709 839
709 847
709 852
709 874
709 894
709 911
709 924
709 932
709 938
709 963
709 986
709 994
709 995
710 713
710 777
710 862
710 919
710 961
710 991
711 715
711 797
711 859
711 861
711 872
711 883
711 892
711 926
711 935
711 972
711 990
712 740
712 781
712 814
712 889
712 904
712 918
713 777
713 884
713 975
714 797
714 818
714 827
714 857
714 871
714 906
714 965
714 993
715 751
715 860
715 910
716 758
716 817
716 842
716 897
716 904
716 919
716 947
716 962
716 973
716 985
717 769
717 774
717 776
717 861
718 728
718 747
718 765
718 775
718 784
718 822
718 849
718 879
718 884
718 915
718 945
718 962
718 975
719 749
719 762
719 787
719 793
719 812
719 830
719 863
719 869
719 908
719 943
719 948
719 951
719 977
719 987
719 997
720 778
720 800
720 805
720 858
720 862
720 870
720 950
720 968
720 983
720 989
720 992
720 999
721 748
721 778
721 800
721 805
721 809
721 862
721 870
721 950
721 966
721 968
721 983
721 984
721 989
721 992
721 999
722 738
722 875
722 891
722 914
722 942
722 952
722 969
722 974
722 976
724 727
724 753
724 813
724 836
724 838
724 865
724 873
724 877
724 890
724 892
724 896
724 949
724 959
725 840
725 909
725 919
725 948
725 995
726 972
727 753
727 808
727 813
727 853
727 873
727 890
727 892
727 959
727 997
728 737
728 837
728 844
728 846
728 940
729 734
729 736
729 762
729 783
729 788
729 819
729 820
729 887
729 888
729 914
729 915
729 930
729 955
729 998
730 733
730 753
730 764
730 780
730 875
730 902
730 914
730 952
730 969
730 976
730 988
731 740
731 751
731 753
731 754
731 761
731 1000
732 903
732 953
732 960
732 964
732 987
733 743
733 775
733 779
733 836
733 865
733 897
733 907
733 983
733 1000
734 767
734 788
734 819
734 820
734 887
734 888
734 915
734 930
734 951
734 955
734 974
736 741
736 829
736 843
736 856
736 932
736 963
737 738
737 822
737 837
737 846
737 942
738 780
738 791
738 875
738 877
738 952
738 969
738 974
738 976
739 749
739 762
739 787
739 793
739 863
739 869
739 908
739 943
739 948
739 951
739 977
739 997
740 781
740 814
740 889
740 904
740 918
740 980
741 751
741 829
741 972
742 811
742 825
742 833
742 854
742 891
742 898
742 905
742 913
742 923
742 957
742 980
743 807
743 850
743 900
743 917
743 929
743 933
743 934
743 961
743 962
744 748
744 778
744 800
744 805
744 809
744 869
744 870
744 922
744 928
744 950
744 953
744 968
744 989
744 992
744 999
745 790
745 804
745 823
745 842
745 880
745 886
745 893
745 925
745 941
745 967
745 991
745 998
746 752
746 799
746 815
746 835
747 765
747 822
747 849
747 867
747 879
747 884
747 945
747 962
747 975
747 994
747 1000
748 752
748 778
748 800
748 805
748 858
748 862
748 870
748 907
748 950
748 968
748 977
748 989
748 992
748 999
749 762
749 787
749 793
749 812
749 830
749 841
749 863
749 869
749 908
749 943
749 948
749 951
749 977
749 997
750 796
750 839
750 867
750 916
751 754
751 761
751 878
751 951
752 815
752 948
753 836
753 853
753 873
753 877
753 890
753 892
753 949
753 959
753 961
754 761
754 926
754 959
756 760
756 766
756 796
756 816
756 824
756 856
756 857
756 912
757 768
757 799
757 802
757 816
757 831
757 835
757 922
757 927
757 932
757 942
757 979
757 984
758 817
758 842
758 866
758 870
758 878
758 897
758 966
758 973
758 983
758 985
759 767
759 794
759 807
759 850
759 900
759 917
759 929
759 933
759 934
759 961
760 766
760 789
760 824
760 856
760 857
760 912
760 935
761 906
761 941
762 787
762 793
762 830
762 863
762 869
762 908
762 948
762 951
762 977
762 997
763 790
763 804
763 822
763 823
763 886
763 888
763 893
763 925
763 941
763 967
763 991
763 998
764 780
764 791
764 875
764 893
764 914
764 940
764 942
764 952
764 969
764 974
764 976
765 784
765 822
765 849
765 870
765 879
765 884
765 944
765 945
765 962
765 975
765 995
765 997
766 789
766 824
766 857
766 912
766 955
766 985
766 997
767 783
767 788
767 809
767 819
767 820
767 825
767 887
767 888
767 915
767 930
767 955
768 816
768 835
768 922
768 927
768 932
768 959
768 979
768 982
768 984
768 985
768 988
769 774
769 776
769 828
769 837
770 771
770 794
770 804
770 807
770 812
770 843
770 850
770 900
770 917
770 929
770 933
770 934
770 961
771 838
771 881
771 885
771 902
771 913
772 903
772 928
772 953
772 960
772 964
772 987
773 786
773 826
773 839
773 848
773 852
773 874
773 894
773 908
773 911
773 924
773 938
773 963
773 986
773 994
773 995
774 776
774 784
774 831
774 898
775 779
775 805
775 831
775 865
775 907
775 983
775 1000
777 862
777 908
778 800
778 805
778 858
778 860
778 862
778 870
778 968
778 989
778 992
778 999
779 865
779 907
779 919
779 955
779 983
779 1000
780 788
780 791
780 875
780 914
780 942
780 952
780 969
780 974
780 976
781 788
781 814
781 889
781 904
781 918
781 919
783 819
783 820
783 879
783 882
783 887
783 888
783 930
783 955
784 822
784 849
784 879
784 884
784 945
784 962
784 975
785 859
785 861
785 872
785 883
785 892
785 921
785 926
785 935
785 938
785 972
785 990
786 826
786 839
786 852
786 874
786 894
786 911
786 924
786 938
786 963
786 979
786 986
786 994
786 995
787 793
787 812
787 830
787 869
787 882
787 908
787 910
787 943
787 948
787 951
787 977
787 997
787 999
788 791
788 819
788 820
788 887
788 888
788 915
788 930
788 932
788 955
789 824
789 857
789 863
789 912
790 804
790 823
790 886
790 893
790 912
790 925
790 941
790 967
790 991
790 998
791 875
791 914
791 952
791 969
791 974
791 976
791 984
793 810
793 812
793 830
793 863
793 869
793 908
793 943
793 948
793 951
793 960
793 977
793 997
794 802
794 843
794 850
794 895
794 900
794 903
794 917
794 929
794 934
795 798
795 845
795 848
795 864
795 876
795 896
795 937
795 943
796 808
796 867
796 916
797 818
797 827
797 871
797 906
797 938
797 964
797 965
797 993
797 996
798 800
798 845
798 848
798 876
798 896
798 937
799 802
799 806
799 816
799 831
799 922
799 927
799 932
799 979
799 982
799 984
799 988
800 805
800 809
800 852
800 858
800 870
800 895
800 935
800 950
800 968
800 989
800 992
800 999
802 831
802 835
802 922
802 927
802 932
802 979
802 982
802 984
802 988
802 994
803 810
803 847
803 942
804 823
804 886
804 893
804 894
804 925
804 941
804 967
804 985
804 990
804 991
804 998
805 809
805 858
805 862
805 870
805 950
805 951
805 968
805 989
805 992
805 999
806 828
806 834
806 841
806 900
806 901
806 991
807 850
807 865
807 895
807 917
807 933
807 934
807 937
807 961
808 813
808 836
808 838
808 853
808 873
808 877
808 890
808 892
808 949
808 959
809 858
809 862
809 870
809 950
809 968
809 989
809 992
809 999
810 847
810 863
810 905
811 825
811 830
811 833
811 854
811 880
811 891
811 898
811 905
811 913
811 923
811 957
811 964
811 980
812 813
812 830
812 869
812 881
812 908
812 948
812 951
812 977
812 997
813 836
813 838
813 853
813 877
813 890
813 892
813 949
813 959
814 837
814 889
814 904
814 918
815 829
815 834
815 866
816 831
816 835
816 889
816 922
816 927
816 932
816 982
816 984
816 988
817 824
817 842
817 866
817 897
817 913
817 919
817 947
817 957
817 966
817 973
817 985
818 827
818 871
818 883
818 906
818 965
818 966
818 989
818 993
819 820
819 887
819 915
819 930
819 952
819 955
820 887
820 915
820 930
820 955
822 828
822 849
822 865
822 879
822 884
822 945
822 962
822 975
823 886
823 925
823 941
823 967
823 988
823 991
823 998
824 856
824 857
824 912
824 953
824 969
825 833
825 854
825 880
825 891
825 898
825 905
825 913
825 923
825 955
825 957
825 980
825 996
826 828
826 839
826 852
826 874
826 894
826 911
826 924
826 938
826 963
826 986
826 994
826 995
827 834
827 871
827 872
827 943
827 965
827 993
828 834
828 841
828 901
829 833
829 900
829 901
830 863
830 869
830 943
830 948
830 951
830 959
830 977
830 997
831 922
831 927
831 932
831 979
831 984
831 988
833 854
833 880
833 891
833 898
833 905
833 910
833 913
833 923
833 957
833 969
833 980
833 997
834 841
834 901
834 943
835 922
835 927
835 932
835 979
835 982
835 984
835 988
836 838
836 845
836 853
836 873
836 890
836 949
836 959
836 961
837 838
837 846
837 859
837 979
838 853
838 877
838 892
838 949
838 957
838 959
839 852
839 874
839 894
839 911
839 924
839 938
839 963
839 986
839 994
839 995
840 845
840 888
840 909
840 984
841 843
841 887
841 901
842 866
842 918
842 919
842 947
842 966
843 850
843 895
843 900
843 911
843 917
843 929
843 933
843 934
843 948
843 961
844 858
844 878
844 882
844 928
844 996
845 848
845 852
845 864
845 876
845 896
845 921
845 937
846 856
846 911
846 933
847 848
847 883
847 972
848 864
848 866
848 876
848 896
848 937
848 980
849 854
849 879
849 884
849 933
849 945
849 962
849 975
849 985
850 895
850 900
850 901
850 902
850 917
850 929
850 933
850 934
850 961
851 854
851 878
851 882
851 928
851 932
851 996
852 874
852 894
852 911
852 924
852 938
852 963
852 964
852 986
852 994
852 995
853 873
853 877
853 890
853 892
853 894
853 924
853 949
853 959
853 969
854 862
854 880
854 891
854 898
854 905
854 913
854 923
854 957
854 980
856 857
856 912
856 918
857 912
857 950
858 862
858 870
858 950
858 968
858 989
858 992
858 999
859 861
859 872
859 883
859 921
859 926
859 929
859 935
859 943
859 972
859 990
860 885
860 910
861 864
861 867
861 872
861 883
861 921
861 926
861 935
861 972
861 990
862 870
862 950
862 968
862 988
862 989
862 992
862 999
863 869
863 902
863 908
863 925
863 943
863 948
863 951
863 977
863 997
864 876
864 894
864 896
864 937
865 907
865 983
865 998
865 1000
866 897
866 947
866 973
867 874
867 916
867 988
869 870
869 878
869 908
869 943
869 948
869 951
869 977
869 997
870 950
870 968
870 989
870 992
870 999
871 905
871 906
871 965
871 973
871 982
871 993
872 883
872 921
872 926
872 935
872 940
872 972
872 974
872 990
873 877
873 890
873 892
873 925
873 929
873 949
873 959
874 894
874 905
874 911
874 924
874 938
874 963
874 986
874 994
874 995
875 881
875 891
875 914
875 934
875 942
875 952
875 969
875 974
875 976
876 896
876 982
877 890
877 892
877 906
877 959
878 882
878 897
878 928
878 996
879 884
879 945
879 962
879 967
879 975
879 998
880 891
880 898
880 905
880 913
880 923
880 957
880 980
881 885
881 902
881 940
881 944
881 952
881 990
882 912
882 917
882 928
882 993
882 996
883 888
883 921
883 926
883 935
883 972
883 989
883 990
884 943
884 945
884 962
884 975
885 940
885 944
885 992
886 893
886 925
886 941
886 967
886 991
886 998
887 888
887 915
887 955
887 965
888 915
888 930
888 955
889 892
889 904
889 918
889 976
890 892
890 949
890 959
890 977
891 898
891 905
891 913
891 923
891 957
891 974
891 980
892 932
892 949
893 925
893 941
893 967
893 991
893 998
894 911
894 921
894 924
894 938
894 963
894 986
894 994
894 995
895 900
895 917
895 929
895 934
895 949
895 960
895 961
895 977
896 937
896 986
896 994
897 919
897 947
897 966
897 973
898 905
898 913
898 923
898 957
898 980
898 998
900 904
900 929
900 934
900 961
902 906
902 940
902 961
903 953
903 960
903 964
903 987
904 907
904 918
904 985
905 913
905 923
905 957
905 980
906 953
906 965
906 993
907 933
907 983
907 1000
908 943
908 945
908 947
908 948
908 951
908 977
908 997
909 915
909 924
909 983
909 990
910 960
911 924
911 938
911 963
911 977
911 986
911 994
911 995
912 968
913 923
913 957
913 980
913 992
914 952
914 969
914 974
914 976
915 930
915 955
917 918
917 926
917 929
917 933
917 934
917 961
917 988
918 989
919 966
919 973
919 977
919 985
921 923
921 925
921 926
921 935
921 967
921 972
921 987
921 990
922 932
922 979
922 982
922 984
922 988
923 957
923 980
924 938
924 963
924 967
924 976
924 986
924 992
924 994
924 995
925 941
925 967
925 991
925 998
926 935
926 972
926 990
926 999
927 932
927 944
927 945
927 979
927 982
927 984
927 988
928 993
928 996
929 933
929 934
929 950
929 961
930 937
930 955
930 987
932 979
932 982
932 988
933 934
933 961
934 961
934 983
935 941
935 972
935 990
937 963
938 963
938 986
938 994
938 995
940 944
941 942
941 967
941 991
941 998
942 952
942 969
942 974
942 976
943 948
943 949
943 951
943 977
943 997
944 965
944 974
945 962
945 973
945 975
947 950
947 966
947 973
947 985
948 951
948 977
948 997
949 959
950 968
950 989
950 992
950 999
951 952
951 976
951 977
951 997
952 969
952 976
953 960
953 964
953 987
957 977
957 980
957 999
960 964
960 987
962 975
963 986
963 994
963 995
964 987
965 979
965 984
965 993
966 985
967 991
967 998
968 989
968 992
968 997
968 999
969 974
969 976
969 994
972 990
973 985
974 976
975 990
977 997
979 982
979 984
979 988
982 984
982 988
983 1000
984 987
984 988
985 986
986 991
986 994
986 995
989 992
989 999
991 998
992 998
992 999
993 994
994 995
997 1000
