1 493
1 654
1 734
1 765
1 879
1 882
1 884
1 945
1 951
1 962
1 967
1 975
2 812
2 830
2 863
2 869
2 873
2 885
2 943
2 948
2 967
2 977
2 993
2 997
3 105
3 465
3 506
3 676
3 802
3 806
3 834
3 841
3 898
3 901
3 949
3 989
4 293
4 438
4 464
4 521
4 543
4 627
4 662
4 769
4 774
4 776
4 789
4 816
5 226
5 355
5 360
5 680
5 738
5 789
5 833
5 862
5 867
5 924
5 936
5 938
6 261
6 538
6 762
6 793
6 812
6 908
6 932
6 943
6 948
6 977
6 993
6 997
8 190
8 302
8 315
8 353
8 642
8 777
8 846
8 848
8 854
8 872
8 974
8 981
9 454
9 637
9 762
9 812
9 830
9 869
9 908
9 943
9 948
9 977
9 993
9 997
11 322
11 602
11 741
11 817
11 842
11 883
11 891
11 897
11 919
11 947
11 973
11 985
12 583
12 622
12 763
12 790
12 823
12 871
12 876
12 925
12 941
12 967
12 991
12 998
13 742
13 825
13 833
13 880
13 898
13 900
13 905
13 913
13 923
13 957
13 980
13 992
14 660
14 747
14 769
14 784
14 879
14 884
14 921
14 945
14 951
14 962
14 975
14 996
15 456
15 629
15 672
15 706
15 775
15 779
15 865
15 886
15 907
15 983
15 998
15 1000
17 585
17 710
17 740
17 794
17 807
17 843
17 849
17 850
17 900
17 934
17 961
17 996
19 176
19 360
19 547
19 560
19 738
19 789
19 801
19 862
19 904
19 924
19 936
19 938
20 517
20 734
20 767
20 788
20 819
20 820
20 880
20 887
20 888
20 915
20 930
20 955
21 149
21 161
21 321
21 338
21 440
21 611
21 703
21 705
21 844
21 851
21 878
21 928
22 100
22 349
22 427
22 442
22 529
22 698
22 810
22 814
22 835
22 847
22 875
22 905
24 284
24 437
24 489
24 539
24 580
24 741
24 758
24 866
24 870
24 919
24 966
24 973
25 219
25 263
25 318
25 326
25 510
25 593
25 601
25 636
25 640
25 681
25 912
25 989
26 139
26 355
26 415
26 537
26 600
26 732
26 903
26 953
26 960
26 964
26 987
26 994
27 418
27 465
27 527
27 624
27 649
27 676
27 806
27 834
27 841
27 901
27 949
27 989
28 516
28 702
28 706
28 768
28 802
28 811
28 927
28 932
28 979
28 982
28 984
28 988
29 336
29 429
29 432
29 441
29 534
29 578
29 663
29 690
29 725
29 840
29 857
29 909
30 236
30 330
30 388
30 576
30 606
30 659
30 672
30 733
30 865
30 907
30 983
30 1000
32 97
32 231
32 767
32 788
32 819
32 820
32 865
32 887
32 888
32 915
32 930
32 955
33 118
33 184
33 704
33 720
33 762
33 778
33 800
33 805
33 858
33 870
33 968
34 184
34 193
34 297
34 461
34 551
34 669
34 699
34 705
34 715
34 860
34 917
34 918
35 197
35 385
35 408
35 739
35 812
35 830
35 908
35 943
35 948
35 977
35 993
35 997
38 45
38 479
38 582
38 759
38 794
38 807
38 843
38 908
38 911
38 929
38 961
38 996
39 191
39 193
39 293
39 552
39 628
39 670
39 750
39 862
39 874
39 924
39 936
39 938
40 113
40 119
40 376
40 527
40 533
40 806
40 834
40 841
40 888
40 901
40 949
40 989
42 137
42 206
42 251
42 263
42 318
42 510
42 593
42 601
42 636
42 640
42 681
42 832
43 423
43 576
43 619
43 702
43 732
43 757
43 799
43 922
43 932
43 979
43 982
43 984
44 201
44 232
44 446
44 467
44 566
44 656
44 728
44 796
44 867
44 902
44 916
44 996
45 59
45 512
45 707
45 743
45 770
45 813
45 843
45 929
45 934
45 990
45 996
46 311
46 574
46 717
46 726
46 744
46 798
46 812
46 818
46 832
46 956
46 963
46 992
48 67
48 210
48 216
48 280
48 289
48 312
48 435
48 457
48 579
48 686
48 700
48 736
49 441
49 539
49 635
49 678
49 693
49 861
49 883
49 921
49 926
49 935
49 972
49 990
50 554
50 667
50 684
50 772
50 886
50 903
50 940
50 953
50 960
50 964
50 987
50 994
51 124
51 226
51 355
51 547
51 738
51 750
51 801
51 862
51 921
51 924
51 936
51 938
52 241
52 642
52 777
52 783
52 787
52 802
52 848
52 874
52 900
52 953
52 974
52 981
53 421
53 463
53 537
53 584
53 622
53 689
53 740
53 745
53 781
53 889
53 904
53 918
54 67
54 210
54 216
54 280
54 338
54 391
54 402
54 435
54 686
54 700
54 736
54 930
57 331
57 663
57 777
57 783
57 846
57 848
57 872
57 874
57 882
57 884
57 974
57 981
58 357
58 370
58 394
58 417
58 428
58 445
58 544
58 560
58 701
58 710
58 713
58 823
59 136
59 164
59 525
59 615
59 658
59 692
59 756
59 760
59 766
59 824
59 912
61 431
61 437
61 539
61 716
61 758
61 841
61 842
61 897
61 906
61 966
61 973
61 985
62 227
62 463
62 537
62 622
62 689
62 727
62 740
62 781
62 834
62 889
62 904
62 918
63 436
63 529
63 541
63 698
63 810
63 814
63 835
63 847
63 875
63 964
63 998
65 640
65 702
65 802
65 812
65 825
65 831
65 922
65 932
65 979
65 982
65 984
65 988
66 269
66 407
66 497
66 562
66 627
66 629
66 662
66 769
66 774
66 776
66 816
66 936
67 216
67 280
67 354
67 388
67 391
67 435
67 700
67 716
67 736
67 817
68 447
68 495
68 553
68 688
68 737
68 771
68 881
68 902
68 933
68 940
68 944
68 979
69 147
69 286
69 417
69 489
69 759
69 838
69 849
69 850
69 900
69 911
69 929
69 961
70 324
70 352
70 465
70 676
70 777
70 806
70 834
70 841
70 901
70 918
70 949
70 989
73 595
73 616
73 704
73 784
73 822
73 879
73 882
73 884
73 945
73 951
73 962
73 975
74 139
74 468
74 620
74 661
74 732
74 903
74 905
74 953
74 960
74 964
74 987
74 994
75 125
75 170
75 414
75 473
75 518
75 658
75 692
75 824
75 856
75 912
75 977
75 980
76 178
76 394
76 414
76 459
76 518
76 615
76 692
76 756
76 760
76 766
76 856
76 904
77 222
77 521
77 537
77 622
77 689
77 740
77 748
77 781
77 889
77 904
77 918
78 195
78 198
78 225
78 268
78 584
78 669
78 680
78 705
78 715
78 860
78 917
78 980
79 334
79 472
79 617
79 675
79 676
79 710
79 712
79 728
79 729
79 737
79 797
79 837
81 172
81 515
81 581
81 716
81 741
81 758
81 834
81 897
81 929
81 947
81 966
81 985
82 297
82 742
82 854
82 880
82 888
82 891
82 898
82 910
82 913
82 923
82 957
82 980
83 235
83 492
83 576
83 706
83 733
83 779
83 865
83 904
83 907
83 968
83 983
83 1000
84 299
84 449
84 482
84 546
84 564
84 731
84 751
84 754
84 761
84 783
84 967
84 998
85 106
85 309
85 619
85 799
85 811
85 922
85 927
85 932
85 979
85 982
85 988
85 994
86 443
86 493
86 653
86 693
86 861
86 883
86 921
86 926
86 934
86 935
86 972
86 990
87 236
87 297
87 461
87 584
87 669
87 699
87 705
87 715
87 835
87 860
87 895
87 917
88 332
88 333
88 406
88 619
88 813
88 831
88 922
88 959
88 979
88 982
88 984
88 988
89 332
89 613
89 656
89 683
89 691
89 768
89 797
89 818
89 827
89 871
89 906
89 965
90 107
90 174
90 194
90 286
90 354
90 391
90 402
90 435
90 686
90 700
90 736
90 858
91 211
91 349
91 619
91 757
91 768
91 799
91 922
91 927
91 979
91 981
91 982
91 984
92 150
92 175
92 320
92 418
92 591
92 614
92 717
92 741
92 842
92 866
92 966
92 973
93 107
93 207
93 451
93 458
93 479
93 668
93 709
93 753
93 809
93 859
93 920
93 942
94 170
94 306
94 401
94 459
94 513
94 549
94 610
94 658
94 692
94 760
94 856
94 912
95 209
95 340
95 422
95 628
95 670
95 738
95 750
95 832
95 862
95 924
95 936
95 938
97 767
97 788
97 803
97 819
97 820
97 875
97 887
97 888
97 915
97 930
97 955
99 117
99 416
99 533
99 639
99 649
99 676
99 834
99 841
99 901
99 938
99 949
99 989
100 427
100 529
100 604
100 803
100 810
100 814
100 835
100 847
100 875
100 915
100 965
101 175
101 489
101 500
101 561
101 591
101 614
101 770
101 817
101 897
101 947
101 966
101 985
102 243
102 421
102 499
102 521
102 622
102 689
102 740
102 781
102 889
102 904
102 918
102 936
103 286
103 510
103 657
103 794
103 850
103 895
103 900
103 911
103 929
103 934
103 960
103 961
103 996
104 651
104 833
104 842
104 854
104 880
104 891
104 905
104 910
104 913
104 923
104 957
104 980
105 266
105 324
105 416
105 649
105 796
105 806
105 834
105 841
105 901
105 911
105 949
105 989
106 232
106 260
106 362
106 516
106 802
106 831
106 922
106 927
106 932
106 979
106 984
106 988
107 174
107 210
107 262
107 289
107 354
107 457
107 536
107 598
107 686
107 700
107 736
110 484
110 520
110 556
110 558
110 599
110 613
110 763
110 797
110 818
110 827
110 871
110 906
110 965
111 359
111 418
111 492
111 606
111 629
111 653
111 659
111 672
111 775
111 779
111 895
111 983
111 1000
112 332
112 333
112 343
112 618
112 661
112 680
112 757
112 831
112 932
112 936
112 979
112 988
112 989
113 352
113 431
113 467
113 506
113 533
113 745
113 806
113 834
113 841
113 901
113 949
113 989
114 215
114 258
114 469
114 515
114 595
114 695
114 726
114 744
114 824
114 832
114 956
114 963
114 992
115 251
115 338
115 538
115 678
115 798
115 861
115 883
115 921
115 926
115 935
115 972
115 990
116 310
116 429
116 580
116 582
116 602
116 842
116 897
116 919
116 947
116 966
116 973
116 984
116 985
117 352
117 506
117 533
117 649
117 806
117 834
117 841
117 901
117 949
117 972
117 982
117 989
118 134
118 217
118 440
118 494
118 532
118 557
118 630
118 844
118 851
118 878
118 928
118 993
119 616
119 670
119 833
119 891
119 898
119 905
119 910
119 913
119 923
119 957
119 975
119 980
120 121
120 146
120 663
120 777
120 783
120 787
120 848
120 872
120 874
120 902
120 974
120 981
120 996
121 166
121 252
121 558
121 619
121 644
121 661
121 831
121 922
121 932
121 979
121 984
121 988
122 149
122 256
122 273
122 319
122 413
122 632
122 803
122 810
122 814
122 835
122 847
122 875
122 963
123 334
123 423
123 472
123 523
123 526
123 543
123 643
123 675
123 728
123 837
123 902
123 927
123 979
124 346
124 664
124 665
124 714
124 717
124 726
124 798
124 832
124 907
124 956
124 963
124 992
125 415
125 459
125 520
125 615
125 628
125 756
125 760
125 766
125 824
125 856
125 912
125 966
126 317
126 633
126 653
126 676
126 694
126 763
126 804
126 823
126 876
126 941
126 967
126 991
126 998
127 138
127 206
127 219
127 263
127 326
127 427
127 510
127 593
127 601
127 636
127 640
127 681
127 962
128 307
128 336
128 450
128 519
128 530
128 578
128 586
128 690
128 725
128 753
128 840
128 857
128 909
129 444
129 568
129 592
129 646
129 683
129 691
129 729
129 797
129 818
129 827
129 871
129 906
129 965
130 211
130 539
130 659
130 693
130 711
130 785
130 861
130 883
130 921
130 926
130 935
130 972
130 990
131 239
131 260
131 704
131 784
131 822
131 879
131 882
131 895
131 911
131 945
131 951
131 962
131 975
133 170
133 242
133 306
133 414
133 473
133 523
133 615
133 658
133 692
133 798
133 824
133 856
133 912
134 154
134 159
134 442
134 545
134 559
134 630
134 703
134 844
134 851
134 878
134 928
134 981
136 187
136 639
136 719
136 763
136 790
136 804
136 823
136 886
136 941
136 967
136 991
136 998
137 138
137 206
137 227
137 318
137 326
137 411
137 510
137 593
137 601
137 636
137 640
137 681
138 562
138 757
138 799
138 831
138 922
138 927
138 932
138 979
138 982
138 984
138 988
139 517
139 673
139 772
139 817
139 903
139 953
139 960
139 964
139 987
139 988
139 994
140 719
140 793
140 830
140 869
140 908
140 932
140 935
140 943
140 947
140 948
140 977
140 993
140 997
141 155
141 325
141 408
141 479
141 707
141 743
141 759
141 770
141 849
141 850
141 895
141 961
141 996
143 205
143 268
143 499
143 505
143 551
143 584
143 669
143 699
143 705
143 715
143 860
143 917
143 941
144 259
144 502
144 597
144 620
144 635
144 758
144 761
144 953
144 960
144 964
144 987
144 994
145 650
145 684
145 808
145 836
145 854
145 880
145 898
145 905
145 910
145 913
145 923
145 957
145 980
146 315
146 623
146 663
146 787
146 841
146 848
146 851
146 872
146 874
146 974
146 981
147 442
147 512
147 734
147 807
147 843
147 850
147 895
147 900
147 929
147 934
147 996
147 997
148 162
148 715
148 793
148 812
148 863
148 869
148 908
148 943
148 948
148 977
148 993
148 997
149 335
149 338
149 369
149 484
149 532
149 559
149 844
149 850
149 851
149 878
149 928
150 196
150 345
150 460
150 582
150 842
150 897
150 907
150 919
150 947
150 966
150 973
150 985
151 197
151 233
151 456
151 530
151 588
151 600
151 720
151 721
151 800
151 805
151 858
151 870
151 968
152 190
152 583
152 804
152 823
152 832
152 876
152 886
152 893
152 917
152 941
152 967
152 991
152 998
153 195
153 205
153 243
153 268
153 551
153 584
153 669
153 699
153 705
153 715
153 860
153 873
153 917
154 362
154 430
154 442
154 494
154 543
154 611
154 630
154 844
154 847
154 851
154 878
154 928
155 327
155 413
155 437
155 487
155 724
155 727
155 828
155 838
155 853
155 877
155 892
155 959
156 484
156 542
156 693
156 762
156 793
156 863
156 869
156 908
156 943
156 948
156 977
156 993
156 997
157 173
157 448
157 645
157 737
157 748
157 751
157 775
157 881
157 885
157 902
157 933
157 940
157 944
159 453
159 618
159 830
159 863
159 869
159 890
159 908
159 943
159 948
159 977
159 993
159 997
160 215
160 738
160 742
160 854
160 880
160 891
160 898
160 905
160 910
160 913
160 923
160 957
160 980
161 251
161 378
161 453
161 612
161 720
161 721
161 778
161 805
161 858
161 870
161 916
161 968
162 613
162 646
162 683
162 691
162 797
162 818
162 827
162 871
162 906
162 911
162 953
162 965
163 303
163 378
163 612
163 720
163 778
163 800
163 805
163 858
163 870
163 905
163 956
163 968
163 991
164 351
164 401
164 414
164 459
164 473
164 518
164 588
164 760
164 766
164 824
164 856
164 912
165 180
165 377
165 651
165 670
165 736
165 738
165 750
165 789
165 862
165 924
165 926
165 936
165 938
166 235
166 309
166 574
166 576
166 689
166 706
166 775
166 779
166 865
166 907
166 983
166 1000
168 312
168 403
168 511
168 706
168 727
168 775
168 779
168 865
168 876
168 907
168 983
168 1000
169 385
169 720
169 767
169 788
169 819
169 820
169 847
169 887
169 888
169 915
169 930
169 955
170 415
170 518
170 601
170 681
170 756
170 760
170 766
170 856
170 909
170 912
172 410
172 423
172 472
172 474
172 501
172 617
172 643
172 712
172 729
172 833
172 837
172 955
173 221
173 375
173 420
173 500
173 525
173 771
173 881
173 883
173 885
173 933
173 940
173 944
174 194
174 351
174 388
174 391
174 402
174 457
174 562
174 686
174 700
174 736
174 787
175 280
175 341
175 561
175 842
175 866
175 897
175 908
175 966
175 973
175 980
175 985
176 180
176 209
176 226
176 360
176 377
176 552
176 862
176 890
176 924
176 936
176 938
176 959
177 361
177 420
177 445
177 596
177 685
177 709
177 753
177 809
177 829
177 859
177 868
177 920
177 942
178 179
178 401
178 518
178 530
178 549
178 615
178 637
178 756
178 822
178 824
178 856
178 912
179 306
179 414
179 473
179 549
179 692
179 756
179 760
179 766
179 856
179 884
179 888
179 912
180 355
180 670
180 738
180 789
180 790
180 801
180 862
180 924
180 936
180 938
180 941
181 201
181 342
181 404
181 566
181 634
181 637
181 656
181 698
181 796
181 854
181 867
181 916
181 922
182 447
182 486
182 495
182 640
182 655
182 688
182 731
182 748
182 881
182 902
182 933
182 940
182 944
184 341
184 456
184 588
184 720
184 721
184 778
184 800
184 805
184 858
184 870
184 968
185 269
185 397
185 461
185 510
185 517
185 600
185 772
185 903
185 953
185 960
185 964
185 987
185 994
186 393
186 476
186 488
186 495
186 531
186 572
186 682
186 724
186 727
186 828
186 838
186 959
186 979
187 272
187 405
187 436
187 527
187 666
187 763
187 886
187 925
187 941
187 967
187 991
187 998
188 408
188 473
188 588
188 610
188 739
188 793
188 812
188 948
188 951
188 956
188 977
188 993
188 997
189 406
189 407
189 491
189 565
189 645
189 655
189 881
189 902
189 933
189 940
189 944
189 968
189 992
190 306
190 812
190 830
190 863
190 869
190 908
190 943
190 948
190 977
190 993
190 997
191 517
191 554
191 684
191 732
191 793
191 903
191 922
191 953
191 960
191 964
191 987
191 994
193 551
193 651
193 670
193 738
193 789
193 801
193 862
193 924
193 936
193 938
193 961
194 216
194 280
194 289
194 354
194 388
194 391
194 435
194 686
194 700
194 736
194 757
195 198
195 297
195 505
195 551
195 669
195 705
195 715
195 752
195 822
195 860
195 917
196 414
196 459
196 549
196 587
196 658
196 692
196 756
196 760
196 800
196 824
196 856
196 912
197 303
197 400
197 456
197 504
197 720
197 778
197 800
197 805
197 858
197 870
197 968
198 204
198 236
198 505
198 669
198 699
198 705
198 715
198 737
198 848
198 860
198 917
199 300
199 328
199 390
199 399
199 402
199 638
199 668
199 709
199 829
199 859
199 868
199 920
199 942
201 228
201 328
201 346
201 411
201 461
201 637
201 667
201 796
201 867
201 916
201 992
202 564
202 657
202 707
202 743
202 759
202 770
202 794
202 850
202 881
202 900
202 911
202 929
202 996
203 331
203 353
203 654
203 663
203 769
203 777
203 783
203 787
203 841
203 872
203 874
203 974
203 981
204 302
204 353
204 424
204 549
204 623
204 763
204 777
204 783
204 846
204 872
204 874
204 974
204 981
205 225
205 311
205 505
205 551
205 593
205 669
205 699
205 705
205 715
205 857
205 860
205 917
206 290
206 318
206 326
206 510
206 593
206 601
206 636
206 640
206 681
206 749
206 841
207 458
207 668
207 685
207 752
207 755
207 829
207 859
207 868
207 874
207 908
207 920
207 924
207 942
208 325
208 356
208 461
208 770
208 794
208 807
208 843
208 895
208 911
208 929
208 934
208 961
208 993
208 996
209 315
209 355
209 547
209 628
209 670
209 750
209 763
209 801
209 862
209 924
209 936
209 938
210 262
210 280
210 361
210 388
210 435
210 457
210 623
210 662
210 686
210 700
210 736
211 443
211 711
211 785
211 847
211 861
211 883
211 921
211 926
211 935
211 972
211 981
211 990
212 291
212 349
212 529
212 541
212 573
212 604
212 698
212 803
212 810
212 814
212 835
212 847
212 875
212 910
214 252
214 413
214 425
214 502
214 554
214 597
214 600
214 683
214 903
214 953
214 960
214 964
214 987
214 994
215 469
215 498
215 574
215 595
215 644
215 695
215 714
215 798
215 903
215 956
215 963
215 992
216 262
216 388
216 391
216 457
216 494
216 651
216 686
216 700
216 736
216 903
217 430
217 442
217 475
217 532
217 630
217 703
217 844
217 851
217 878
217 927
217 928
217 943
217 951
219 318
219 326
219 471
219 510
219 593
219 601
219 636
219 640
219 681
219 706
219 755
220 295
220 330
220 492
220 556
220 568
220 646
220 703
220 754
220 797
220 818
220 827
220 871
220 906
220 965
221 276
221 395
221 396
221 426
221 485
221 546
221 564
221 592
221 731
221 751
221 754
221 761
221 811
222 436
222 641
222 761
222 825
222 854
222 891
222 898
222 905
222 910
222 913
222 923
222 957
222 980
223 400
223 630
223 657
223 825
223 833
223 880
223 891
223 898
223 905
223 910
223 913
223 923
223 957
223 980
225 236
225 297
225 461
225 584
225 620
225 669
225 699
225 705
225 715
225 860
225 917
225 944
226 552
226 651
226 738
226 750
226 784
226 789
226 862
226 888
226 924
226 936
226 938
227 463
227 521
227 537
227 622
227 689
227 740
227 781
227 818
227 870
227 889
227 904
227 918
228 305
228 386
228 446
228 467
228 571
228 598
228 634
228 637
228 692
228 724
228 867
228 916
228 987
229 551
229 684
229 718
229 747
229 784
229 822
229 879
229 882
229 884
229 945
229 951
229 959
229 962
229 975
230 450
230 626
230 641
230 654
230 718
230 747
230 765
230 880
230 882
230 884
230 945
230 951
230 962
230 975
231 437
231 561
231 580
231 581
231 582
231 608
231 691
231 716
231 758
231 866
231 947
231 955
231 973
232 235
232 342
232 346
232 411
232 467
232 566
232 571
232 634
232 637
232 656
232 867
232 916
233 303
233 439
233 491
233 588
233 629
233 720
233 721
233 778
233 800
233 805
233 858
233 870
233 968
234 307
234 375
234 447
234 553
234 565
234 645
234 655
234 661
234 881
234 885
234 902
234 933
234 940
234 944
235 444
235 606
235 672
235 706
235 733
235 775
235 779
235 865
235 907
235 983
235 1000
236 461
236 546
236 551
236 584
236 669
236 699
236 715
236 860
236 917
236 936
237 351
237 410
237 471
237 526
237 543
237 592
237 617
237 643
237 675
237 712
237 729
237 737
237 837
237 847
238 279
238 327
238 487
238 531
238 572
238 683
238 724
238 808
238 813
238 836
238 838
238 890
238 892
238 945
239 570
239 626
239 747
239 879
239 882
239 884
239 903
239 935
239 940
239 945
239 951
239 962
239 975
240 242
240 346
240 385
240 487
240 652
240 682
240 700
240 724
240 749
240 828
240 873
240 892
240 909
240 959
241 526
241 623
241 642
241 777
241 787
241 846
241 848
241 872
241 874
241 901
241 974
241 975
241 981
242 314
242 382
242 513
242 682
242 775
242 828
242 836
242 873
242 877
242 890
242 892
242 977
243 421
243 463
243 521
243 537
243 622
243 689
243 740
243 781
243 889
243 891
243 904
243 918
244 383
244 666
244 790
244 797
244 800
244 812
244 823
244 886
244 893
244 925
244 941
244 967
244 991
244 998
245 290
245 328
245 342
245 346
245 401
245 566
245 598
245 632
245 634
245 667
245 796
245 822
245 867
245 916
246 420
246 479
246 565
246 645
246 748
246 771
246 853
246 881
246 885
246 886
246 902
246 933
246 940
246 944
247 406
247 419
247 420
247 476
247 486
247 500
247 655
247 688
247 748
247 775
247 881
247 885
247 902
247 940
248 484
248 579
248 610
248 719
248 863
248 869
248 878
248 880
248 908
248 943
248 948
248 977
248 993
248 997
249 278
249 456
249 518
249 612
249 693
249 720
249 721
249 778
249 800
249 805
249 858
249 870
249 968
249 973
250 772
250 825
250 833
250 854
250 880
250 885
250 891
250 898
250 905
250 910
250 913
250 923
250 957
250 980
251 278
251 588
251 612
251 721
251 778
251 800
251 805
251 858
251 870
251 876
251 968
252 578
252 644
252 768
252 802
252 811
252 831
252 867
252 927
252 932
252 982
252 984
252 988
254 529
254 541
254 573
254 604
254 632
254 635
254 698
254 800
254 803
254 810
254 835
254 840
254 847
254 875
255 380
255 595
255 664
255 665
255 714
255 717
255 798
255 832
255 881
255 918
255 944
255 956
255 963
255 992
256 436
256 485
256 573
256 604
256 632
256 649
256 803
256 810
256 814
256 835
256 847
256 860
256 875
257 259
257 333
257 468
257 502
257 684
257 732
257 860
257 903
257 953
257 960
257 964
257 987
257 989
257 994
258 408
258 469
258 498
258 557
258 574
258 664
258 665
258 695
258 760
258 832
258 956
258 963
258 992
259 447
259 620
259 635
259 667
259 684
259 851
259 903
259 953
259 960
259 964
259 987
259 994
260 363
260 644
260 663
260 768
260 799
260 802
260 922
260 927
260 932
260 982
260 984
260 988
261 610
261 613
261 719
261 812
261 863
261 869
261 889
261 908
261 943
261 948
261 977
261 993
261 997
262 280
262 354
262 388
262 402
262 435
262 457
262 512
262 615
262 700
262 736
262 831
263 318
263 326
263 510
263 593
263 601
263 636
263 640
263 681
263 800
263 838
263 850
265 300
265 621
265 638
265 685
265 752
265 755
265 809
265 829
265 849
265 859
265 868
265 920
265 942
265 945
266 416
266 506
266 527
266 649
266 789
266 806
266 834
266 841
266 851
266 891
266 901
266 949
266 989
267 271
267 536
267 589
267 623
267 624
267 711
267 785
267 861
267 883
267 921
267 926
267 935
267 972
267 990
268 461
268 505
268 551
268 584
268 699
268 715
268 725
268 811
268 860
268 862
268 917
269 293
269 312
269 393
269 519
269 562
269 627
269 662
269 769
269 774
269 776
269 816
269 940
271 419
271 452
271 549
271 596
271 668
271 685
271 753
271 755
271 829
271 859
271 868
271 920
271 942
272 298
272 385
272 409
272 414
272 682
272 727
272 828
272 836
272 853
272 873
272 890
272 892
272 959
273 341
273 384
273 460
273 536
273 561
273 602
273 719
273 817
273 897
273 919
273 966
273 973
273 985
276 324
276 395
276 426
276 449
276 454
276 482
276 560
276 592
276 731
276 751
276 754
276 761
276 991
278 588
278 612
278 687
278 720
278 721
278 778
278 800
278 805
278 858
278 870
278 926
278 927
278 968
279 323
279 476
279 546
279 652
279 661
279 687
279 724
279 808
279 813
279 836
279 838
279 877
279 890
279 959
280 289
280 352
280 388
280 402
280 457
280 626
280 686
280 736
284 286
284 441
284 624
284 678
284 711
284 785
284 861
284 883
284 921
284 926
284 935
284 949
284 972
284 990
286 379
286 439
286 479
286 707
286 807
286 849
286 850
286 911
286 934
286 961
286 996
287 504
287 549
287 633
287 639
287 642
287 653
287 763
287 784
287 790
287 876
287 893
287 941
287 967
287 991
287 998
289 354
289 388
289 391
289 435
289 457
289 552
289 686
289 700
289 736
289 875
289 984
290 305
290 386
290 446
290 496
290 566
290 571
290 598
290 604
290 667
290 796
290 849
290 867
290 916
291 417
291 466
291 622
291 743
291 759
291 770
291 849
291 850
291 856
291 895
291 900
291 934
291 961
291 996
293 412
293 425
293 438
293 464
293 497
293 562
293 662
293 769
293 774
293 776
293 816
293 955
294 304
294 314
294 357
294 370
294 371
294 394
294 445
294 544
294 701
294 710
294 713
294 756
294 838
295 568
295 596
295 599
295 646
295 683
295 691
295 797
295 818
295 827
295 854
295 871
295 893
295 906
295 965
296 380
296 509
296 595
296 596
296 665
296 695
296 714
296 717
296 726
296 744
296 812
296 956
296 963
296 992
296 1000
297 461
297 505
297 551
297 564
297 584
297 699
297 705
297 829
297 860
297 917
298 374
298 392
298 399
298 642
298 646
298 663
298 777
298 787
298 846
298 848
298 872
298 874
298 974
298 981
299 379
299 395
299 419
299 482
299 485
299 546
299 560
299 564
299 592
299 621
299 731
299 751
299 754
299 761
300 340
300 350
300 511
300 685
300 709
300 752
300 753
300 755
300 809
300 829
300 868
300 920
300 942
302 424
302 533
302 777
302 783
302 787
302 809
302 846
302 848
302 872
302 874
302 876
302 974
302 981
303 442
303 588
303 612
303 721
303 778
303 800
303 805
303 858
303 870
303 925
303 945
303 968
304 357
304 370
304 371
304 394
304 445
304 544
304 620
304 701
304 710
304 713
304 809
304 869
305 328
305 404
305 446
305 496
305 511
305 566
305 598
305 637
305 656
305 706
305 867
305 916
305 963
306 415
306 615
306 658
306 692
306 756
306 760
306 766
306 804
306 824
306 856
306 912
307 347
307 350
307 393
307 450
307 493
307 530
307 578
307 587
307 690
307 725
307 840
307 857
307 909
309 511
309 606
309 629
309 636
309 659
309 672
309 775
309 779
309 808
309 865
309 907
309 983
309 1000
310 320
310 339
310 489
310 539
310 658
310 741
310 756
310 758
310 785
310 817
310 866
310 919
310 947
310 973
311 326
311 380
311 509
311 664
311 680
311 714
311 717
311 744
311 832
311 956
311 963
311 992
311 996
312 412
312 464
312 519
312 520
312 562
312 627
312 662
312 769
312 774
312 776
312 816
312 1000
314 488
314 505
314 572
314 605
314 687
314 811
314 813
314 836
314 873
314 877
314 890
314 892
314 959
315 399
315 424
315 593
315 642
315 783
315 787
315 846
315 848
315 872
315 974
315 981
315 982
317 336
317 359
317 393
317 432
317 493
317 530
317 586
317 587
317 690
317 725
317 726
317 840
317 857
317 909
318 510
318 593
318 601
318 636
318 640
318 681
318 711
318 788
318 989
319 437
319 529
319 541
319 573
319 604
319 698
319 777
319 803
319 810
319 814
319 835
319 847
319 875
319 993
320 339
320 404
320 581
320 591
320 608
320 614
320 714
320 715
320 817
320 842
320 866
320 966
320 985
321 347
321 430
321 440
321 494
321 532
321 611
321 703
321 790
321 844
321 851
321 863
321 878
321 928
321 983
322 324
322 352
322 465
322 533
322 649
322 676
322 806
322 808
322 831
322 834
322 841
322 901
322 949
322 989
323 336
323 429
323 450
323 462
323 466
323 493
323 578
323 586
323 587
323 690
323 725
323 840
323 857
323 909
324 527
324 649
324 676
324 806
324 834
324 841
324 844
324 901
324 936
324 949
324 989
325 417
325 512
325 551
325 743
325 827
325 843
325 850
325 895
325 904
325 911
325 929
325 934
325 961
326 498
326 510
326 593
326 601
326 636
326 640
326 681
326 929
327 365
327 488
327 682
327 727
327 749
327 808
327 830
327 843
327 853
327 873
327 877
327 892
327 957
328 566
328 571
328 598
328 624
328 634
328 656
328 667
328 727
328 796
328 867
328 916
330 388
330 518
330 558
330 568
330 599
330 646
330 683
330 797
330 818
330 827
330 871
330 906
330 965
331 392
331 623
331 663
331 712
331 783
331 846
331 848
331 857
331 872
331 874
331 927
331 974
331 981
332 499
332 579
332 646
332 757
332 799
332 802
332 811
332 927
332 979
332 982
332 984
332 988
333 374
333 528
333 618
333 661
333 702
333 757
333 768
333 927
333 979
333 982
333 984
333 988
334 474
334 501
334 523
334 621
334 643
334 675
334 712
334 728
334 729
334 737
334 763
334 837
334 901
335 338
335 440
335 442
335 475
335 559
335 611
335 630
335 742
335 796
335 810
335 844
335 851
335 878
335 928
336 493
336 519
336 530
336 586
336 681
336 690
336 725
336 789
336 840
336 857
336 909
337 379
337 536
337 605
337 759
337 770
337 798
337 807
337 843
337 849
337 895
337 900
337 911
337 929
337 961
337 996
338 355
338 369
338 442
338 532
338 559
338 703
338 844
338 851
338 878
338 928
339 431
339 446
339 460
339 602
339 608
339 614
339 758
339 866
339 910
339 919
339 925
339 947
339 966
340 384
340 419
340 637
340 638
340 685
340 752
340 755
340 809
340 829
340 859
340 868
340 920
340 942
341 384
341 460
341 591
341 614
341 721
341 758
341 761
341 842
341 866
341 947
341 966
341 973
342 346
342 404
342 446
342 496
342 515
342 598
342 637
342 667
342 796
342 817
342 916
342 947
343 428
343 602
343 618
343 702
343 757
343 799
343 802
343 811
343 858
343 927
343 932
343 979
343 982
343 988
345 498
345 574
345 595
345 665
345 714
345 717
345 798
345 832
345 956
345 963
345 964
345 984
345 992
346 386
346 467
346 496
346 634
346 637
346 656
346 703
346 867
346 916
347 369
347 430
347 440
347 475
347 492
347 494
347 532
347 541
347 630
347 844
347 851
347 878
347 928
349 413
349 427
349 573
349 604
349 624
349 632
349 797
349 803
349 810
349 814
349 835
349 847
349 875
350 418
350 439
350 482
350 511
350 606
350 629
350 672
350 706
350 733
350 775
350 779
350 907
350 983
350 1000
351 410
351 472
351 501
351 526
351 617
351 643
351 675
351 712
351 719
351 728
351 729
351 737
351 837
352 360
352 506
352 527
352 676
352 806
352 834
352 841
352 901
352 916
352 949
352 989
353 392
353 399
353 591
353 623
353 777
353 787
353 846
353 848
353 874
353 881
353 904
353 974
353 981
354 391
354 402
354 435
354 457
354 611
354 686
354 700
354 726
354 736
354 856
355 619
355 628
355 651
355 670
355 789
355 801
355 862
355 924
355 936
355 938
356 361
356 417
356 466
356 657
356 759
356 793
356 843
356 887
356 895
356 900
356 911
356 929
356 934
356 961
356 996
357 370
357 371
357 394
357 445
357 488
357 544
357 562
357 701
357 710
357 713
357 748
359 403
359 418
359 439
359 606
359 659
359 672
359 775
359 779
359 824
359 865
359 897
359 907
359 983
359 1000
360 566
360 598
360 628
360 651
360 672
360 738
360 750
360 789
360 801
360 924
360 936
360 938
361 390
361 596
361 668
361 709
361 752
361 753
361 755
361 829
361 859
361 868
361 878
361 920
361 942
362 618
362 702
362 712
362 768
362 799
362 802
362 806
362 831
362 927
362 932
362 979
362 982
362 984
362 988
363 499
363 553
363 618
363 644
363 702
363 713
363 768
363 922
363 924
363 927
363 932
363 979
363 982
363 984
363 988
365 476
365 572
365 641
365 682
365 687
365 724
365 727
365 749
365 828
365 838
365 853
365 890
365 959
365 972
365 982
366 376
366 458
366 579
366 633
366 644
366 652
366 790
366 823
366 876
366 886
366 893
366 925
366 941
366 967
366 991
366 998
369 442
369 475
369 494
369 532
369 559
369 583
369 630
369 703
369 825
369 844
369 851
369 878
369 928
370 371
370 394
370 445
370 544
370 598
370 630
370 701
370 710
370 713
370 997
371 394
371 445
371 544
371 600
371 642
371 701
371 710
371 713
371 960
372 545
372 671
372 673
372 734
372 767
372 788
372 819
372 820
372 887
372 888
372 910
372 913
372 915
372 923
372 930
372 955
374 397
374 468
374 597
374 620
374 635
374 732
374 772
374 903
374 947
374 953
374 960
374 964
374 987
374 994
375 500
375 525
375 619
375 645
375 651
375 655
375 718
375 748
375 881
375 885
375 902
375 933
375 940
375 944
376 583
376 633
376 653
376 694
376 725
376 861
376 876
376 886
376 893
376 925
376 941
376 967
376 991
376 998
377 588
377 651
377 738
377 743
377 750
377 789
377 801
377 862
377 909
377 924
377 936
377 938
377 994
378 456
378 588
378 612
378 713
378 720
378 721
378 759
378 778
378 800
378 805
378 806
378 858
378 870
378 968
379 452
379 479
379 512
379 743
379 850
379 900
379 910
379 911
379 929
379 934
379 961
379 975
379 996
380 574
380 665
380 695
380 714
380 726
380 798
380 800
380 816
380 832
380 956
380 963
380 964
380 992
382 409
382 476
382 523
382 572
382 652
382 687
382 743
382 808
382 813
382 828
382 836
382 873
382 877
382 890
382 983
383 400
383 444
383 504
383 745
383 763
383 790
383 860
383 876
383 893
383 925
383 933
383 941
383 967
383 991
383 998
384 460
384 515
384 561
384 581
384 582
384 591
384 800
384 817
384 842
384 854
384 897
384 973
384 985
385 412
385 488
385 768
385 808
385 813
385 836
385 838
385 853
385 873
385 877
385 890
385 959
386 404
386 496
386 506
386 571
386 598
386 632
386 634
386 656
386 667
386 769
386 796
386 867
386 916
388 402
388 435
388 457
388 660
388 686
388 700
390 450
390 638
390 668
390 709
390 741
390 752
390 753
390 755
390 809
390 829
390 859
390 863
390 920
390 942
391 400
391 402
391 686
391 700
391 736
391 744
391 761
391 934
392 420
392 424
392 496
392 623
392 663
392 783
392 787
392 846
392 872
392 874
392 910
392 974
392 981
393 429
393 432
393 493
393 530
393 586
393 587
393 690
393 725
393 776
393 840
393 857
393 909
394 395
394 445
394 544
394 701
394 710
394 713
394 767
395 426
395 449
395 546
395 560
395 564
395 592
395 731
395 751
395 754
395 761
395 775
395 892
396 616
396 733
396 774
396 825
396 833
396 854
396 880
396 891
396 898
396 905
396 910
396 913
396 923
396 957
396 980
397 541
397 554
397 600
397 620
397 684
397 700
397 732
397 772
397 953
397 960
397 964
397 987
397 990
397 994
399 623
399 663
399 689
399 777
399 844
399 846
399 848
399 858
399 872
399 874
399 974
399 981
400 653
400 666
400 694
400 758
400 804
400 876
400 886
400 925
400 941
400 967
400 991
400 998
401 404
401 415
401 473
401 518
401 658
401 756
401 760
401 766
401 824
401 829
401 856
401 912
402 435
402 457
402 526
402 686
402 700
402 736
402 742
403 428
403 511
403 659
403 706
403 733
403 775
403 778
403 859
403 865
403 902
403 907
403 951
403 983
403 1000
404 411
404 446
404 566
404 598
404 656
404 667
404 796
404 867
404 916
404 985
405 436
405 579
405 591
405 694
405 745
405 803
405 804
405 823
405 876
405 886
405 893
405 925
405 967
405 991
405 998
406 447
406 448
406 486
406 525
406 565
406 628
406 759
406 771
406 881
406 902
406 933
406 940
406 944
407 438
407 464
407 472
407 497
407 519
407 520
407 562
407 627
407 662
407 769
407 774
407 776
407 816
407 874
408 709
408 739
408 762
408 812
408 863
408 869
408 908
408 943
408 948
408 977
408 993
408 997
409 488
409 605
409 686
409 727
409 749
409 813
409 828
409 836
409 853
409 877
409 892
409 919
409 959
409 982
410 413
410 451
410 474
410 543
410 617
410 643
410 675
410 712
410 728
410 729
410 737
410 799
410 837
411 493
411 496
411 571
411 598
411 634
411 637
411 667
411 703
411 796
411 867
411 881
411 916
412 438
412 497
412 519
412 520
412 562
412 627
412 662
412 755
412 757
412 769
412 774
412 776
412 816
413 436
413 529
413 541
413 632
413 698
413 803
413 810
413 814
413 835
413 847
413 875
414 415
414 549
414 756
414 760
414 766
414 810
414 824
414 856
414 883
414 912
415 459
415 549
415 615
415 658
415 669
415 760
415 766
415 777
415 824
415 856
415 912
416 430
416 465
416 506
416 527
416 533
416 613
416 616
416 676
416 806
416 834
416 841
416 901
416 949
416 989
417 657
417 770
417 794
417 807
417 830
417 869
417 895
417 911
417 929
417 934
417 961
417 996
418 428
418 439
418 576
418 706
418 721
418 733
418 752
418 779
418 865
418 907
418 983
418 1000
419 458
419 638
419 685
419 752
419 755
419 809
419 829
419 859
419 868
419 920
419 942
419 959
419 987
420 448
420 486
420 491
420 553
420 580
420 881
420 885
420 890
420 902
420 933
420 940
420 944
421 463
421 521
421 537
421 619
421 622
421 689
421 740
421 781
421 835
421 875
421 889
421 904
421 918
421 934
422 547
422 552
422 593
422 628
422 651
422 670
422 738
422 750
422 789
422 799
422 801
422 862
422 868
422 924
422 936
422 938
423 472
423 501
423 523
423 543
423 617
423 643
423 675
423 712
423 725
423 728
423 729
423 737
423 837
423 892
424 531
424 642
424 663
424 762
424 783
424 787
424 843
424 846
424 848
424 872
424 874
424 974
424 981
425 468
425 517
425 554
425 597
425 620
425 635
425 772
425 849
425 903
425 924
425 953
425 960
425 964
425 987
425 994
426 449
426 454
426 546
426 560
426 564
426 592
426 620
426 731
426 751
426 754
426 760
426 761
426 913
426 998
427 436
427 529
427 558
427 632
427 698
427 778
427 803
427 810
427 814
427 835
427 847
427 853
427 875
428 492
428 576
428 606
428 659
428 672
428 706
428 733
428 775
428 865
428 883
428 907
428 983
428 1000
429 432
429 450
429 493
429 529
429 578
429 587
429 690
429 725
429 755
429 840
429 857
429 909
429 957
430 440
430 442
430 494
430 559
430 611
430 703
430 776
430 844
430 851
430 878
430 928
430 934
431 437
431 515
431 519
431 591
431 741
431 817
431 842
431 866
431 897
431 919
431 947
431 948
431 966
431 985
432 433
432 530
432 578
432 586
432 587
432 690
432 713
432 725
432 840
432 857
432 862
432 909
432 918
433 446
433 555
433 621
433 671
433 673
433 734
433 767
433 788
433 819
433 820
433 856
433 887
433 888
433 915
433 930
433 955
435 622
435 639
435 686
435 700
435 736
435 865
436 441
436 573
436 632
436 698
436 803
436 810
436 814
436 835
436 847
436 875
437 580
437 582
437 591
437 608
437 716
437 817
437 866
437 919
437 965
437 966
437 985
438 441
438 464
438 497
438 520
438 562
438 565
438 627
438 662
438 728
438 769
438 774
438 776
438 816
439 511
439 606
439 629
439 649
439 659
439 733
439 775
439 779
439 893
439 907
439 983
439 1000
440 475
440 611
440 630
440 703
440 834
440 844
440 851
440 878
440 879
440 928
440 944
441 553
441 585
441 678
441 693
441 785
441 861
441 883
441 921
441 926
441 935
441 972
441 990
442 559
442 611
442 703
442 844
442 878
442 928
443 536
443 589
443 693
443 711
443 785
443 861
443 883
443 892
443 907
443 920
443 921
443 926
443 935
443 972
443 990
444 556
444 558
444 568
444 599
444 654
444 683
444 691
444 797
444 818
444 827
444 871
444 875
444 906
444 965
445 544
445 701
445 710
445 713
445 724
445 985
445 996
446 496
446 566
446 571
446 637
446 667
446 751
446 796
446 867
446 916
447 495
447 500
447 565
447 601
447 614
447 645
447 771
447 885
447 902
447 933
447 940
447 944
448 460
448 500
448 525
448 553
448 639
448 645
448 655
448 771
448 881
448 885
448 902
448 933
448 940
448 994
449 454
449 456
449 482
449 485
449 560
449 564
449 592
449 710
449 731
449 747
449 751
449 754
449 761
450 494
450 530
450 578
450 586
450 587
450 690
450 725
450 803
450 840
450 857
450 909
451 534
451 545
451 621
451 671
451 673
451 734
451 767
451 819
451 820
451 887
451 888
451 907
451 915
451 930
451 955
452 497
452 657
452 707
452 770
452 804
452 807
452 843
452 849
452 850
452 895
452 900
452 911
452 934
452 961
452 996
453 610
453 665
453 719
453 739
453 762
453 793
453 830
453 863
453 869
453 908
453 943
453 951
453 977
453 993
453 997
454 482
454 485
454 491
454 546
454 560
454 564
454 592
454 731
454 751
454 754
454 761
454 997
456 612
456 720
456 721
456 778
456 800
456 805
456 858
456 870
456 968
456 1000
457 684
457 686
457 700
457 711
457 736
457 965
458 471
458 638
458 668
458 685
458 753
458 809
458 829
458 859
458 868
458 871
458 920
458 942
458 947
459 473
459 549
459 658
459 687
459 760
459 770
459 824
459 856
459 912
459 974
459 981
460 474
460 580
460 614
460 716
460 842
460 866
460 871
460 919
460 947
460 973
460 985
461 551
461 584
461 600
461 699
461 705
461 715
461 860
461 917
462 602
462 621
462 671
462 673
462 685
462 734
462 765
462 767
462 788
462 819
462 820
462 887
462 888
462 915
462 930
462 955
463 521
463 537
463 587
463 622
463 689
463 740
463 781
463 854
463 889
463 904
463 918
463 947
464 519
464 520
464 627
464 662
464 769
464 770
464 774
464 776
464 789
464 816
464 892
464 901
465 498
465 533
465 663
465 676
465 745
465 806
465 819
465 834
465 841
465 901
465 949
465 989
466 576
466 636
466 707
466 739
466 743
466 759
466 807
466 850
466 900
466 911
466 929
466 934
466 961
466 996
467 496
467 537
467 566
467 571
467 634
467 656
467 667
467 688
467 796
467 867
467 916
467 943
468 554
468 600
468 602
468 684
468 692
468 772
468 837
468 903
468 953
468 960
468 964
468 987
468 994
469 505
469 509
469 595
469 613
469 664
469 665
469 680
469 694
469 726
469 744
469 921
469 956
469 963
469 992
471 596
471 632
471 638
471 685
471 709
471 726
471 752
471 753
471 755
471 809
471 829
471 859
471 868
471 920
471 942
472 501
472 523
472 526
472 643
472 664
472 666
472 675
472 712
472 728
472 729
472 737
472 837
473 518
473 615
473 692
473 756
473 760
473 766
473 824
473 856
473 912
473 951
473 989
474 501
474 523
474 543
474 545
474 617
474 643
474 675
474 712
474 728
474 729
474 737
474 837
474 844
474 932
475 494
475 559
475 611
475 630
475 682
475 703
475 798
475 844
475 851
475 878
475 893
475 928
475 948
476 531
476 605
476 652
476 701
476 808
476 813
476 828
476 853
476 862
476 873
476 877
476 892
476 959
479 512
479 602
479 657
479 743
479 830
479 843
479 849
479 895
479 911
479 929
479 934
479 961
482 484
482 485
482 546
482 560
482 564
482 592
482 706
482 731
482 751
482 754
482 761
482 861
484 719
484 739
484 762
484 793
484 830
484 863
484 869
484 908
484 943
484 948
484 977
484 993
484 997
485 546
485 560
485 564
485 592
485 650
485 731
485 751
485 754
485 761
485 766
485 838
485 868
486 553
486 565
486 688
486 709
486 748
486 771
486 842
486 869
486 885
486 902
486 933
486 940
486 944
486 989
487 488
487 534
487 652
487 682
487 724
487 749
487 813
487 814
487 838
487 853
487 873
487 877
487 890
487 959
487 977
488 531
488 640
488 652
488 749
488 790
488 808
488 813
488 873
488 890
488 892
488 901
489 515
489 580
489 581
489 602
489 604
489 608
489 644
489 716
489 733
489 741
489 866
489 919
489 966
489 973
491 495
491 500
491 525
491 531
491 553
491 645
491 688
491 748
491 771
491 871
491 885
491 933
491 940
491 944
492 606
492 629
492 650
492 659
492 672
492 706
492 733
492 779
492 865
492 907
492 909
492 983
492 1000
493 578
493 586
493 587
493 690
493 725
493 840
493 857
493 909
493 963
494 559
494 611
494 630
494 727
494 770
494 844
494 851
494 878
494 928
495 500
495 645
495 655
495 688
495 748
495 771
495 875
495 878
495 881
495 885
495 902
495 933
495 944
496 571
496 592
496 634
496 637
496 667
496 770
496 867
496 916
496 961
497 504
497 519
497 520
497 562
497 574
497 627
497 662
497 769
497 774
497 776
497 816
497 906
498 605
498 664
498 665
498 680
498 695
498 714
498 726
498 744
498 798
498 832
498 956
498 963
498 992
499 644
499 702
499 757
499 768
499 802
499 811
499 868
499 872
499 922
499 932
499 979
499 982
499 984
499 988
500 645
500 718
500 748
500 771
500 789
500 885
500 902
500 933
500 940
500 944
501 523
501 526
501 543
501 617
501 712
501 718
501 728
501 729
501 737
501 759
501 837
501 960
502 554
502 574
502 620
502 635
502 663
502 684
502 732
502 772
502 903
502 942
502 953
502 960
502 964
502 987
502 994
504 583
504 653
504 694
504 745
504 804
504 823
504 876
504 893
504 925
504 929
504 941
504 967
504 991
504 998
505 551
505 584
505 669
505 699
505 705
505 715
505 827
505 860
505 877
505 917
506 533
506 564
506 573
506 649
506 676
506 806
506 834
506 841
506 901
506 949
506 989
509 574
509 595
509 680
509 695
509 714
509 717
509 726
509 784
509 798
509 832
509 900
509 956
509 963
509 965
509 992
510 582
510 593
510 601
510 636
510 640
510 681
511 576
511 629
511 659
511 672
511 779
511 848
511 865
511 907
511 923
511 983
511 1000
512 759
512 783
512 794
512 843
512 850
512 895
512 900
512 929
512 934
512 961
512 962
512 996
513 572
513 652
513 682
513 687
513 738
513 749
513 788
513 808
513 813
513 836
513 853
513 877
513 890
513 892
513 925
513 959
515 516
515 539
515 561
515 581
515 582
515 608
515 758
515 842
515 897
515 919
515 933
515 985
516 555
516 626
516 658
516 660
516 704
516 718
516 765
516 822
516 879
516 882
516 884
516 945
516 951
516 962
516 975
517 570
517 597
517 620
517 635
517 732
517 772
517 881
517 903
517 953
517 960
517 964
517 987
517 994
518 615
518 658
518 692
518 756
518 760
518 766
518 797
518 824
518 912
519 520
519 562
519 627
519 662
519 769
519 774
519 776
519 808
519 816
520 562
520 627
520 633
520 662
520 769
520 774
520 776
520 816
520 860
521 537
521 585
521 622
521 689
521 740
521 781
521 889
521 904
521 918
521 940
521 960
523 526
523 543
523 643
523 675
523 712
523 728
523 729
523 737
523 837
523 920
525 553
525 565
525 655
525 688
525 748
525 771
525 799
525 885
525 902
525 933
525 943
525 944
526 543
526 617
526 643
526 675
526 712
526 728
526 729
526 737
526 837
526 991
527 533
527 582
527 649
527 717
527 787
527 806
527 834
527 841
527 901
527 949
527 989
528 641
528 650
528 742
528 817
528 825
528 833
528 854
528 861
528 879
528 880
528 891
528 898
528 905
528 910
528 913
528 923
528 957
528 980
529 589
529 604
529 633
529 698
529 803
529 810
529 814
529 835
529 847
529 875
530 578
530 586
530 587
530 678
530 690
530 725
530 840
530 857
530 909
530 996
531 572
531 652
531 687
531 716
531 727
531 808
531 813
531 828
531 836
531 877
531 892
531 959
531 973
532 541
532 555
532 559
532 611
532 630
532 691
532 703
532 844
532 851
532 878
532 928
532 942
533 538
533 649
533 676
533 705
533 841
533 901
533 928
533 949
533 989
534 545
534 621
534 656
534 671
534 673
534 734
534 767
534 788
534 819
534 820
534 887
534 888
534 915
534 930
534 948
534 955
536 585
536 589
536 624
536 626
536 678
536 711
536 785
536 861
536 883
536 921
536 926
536 935
536 972
536 990
537 622
537 689
537 740
537 766
537 781
537 820
537 889
537 904
537 918
538 585
538 589
538 624
538 678
538 693
538 711
538 766
538 785
538 861
538 883
538 892
538 921
538 926
538 935
538 972
538 990
539 561
539 580
539 591
539 602
539 700
539 741
539 758
539 817
539 897
539 947
539 966
539 985
539 997
541 573
541 604
541 632
541 698
541 716
541 803
541 810
541 814
541 835
541 847
541 875
542 546
542 555
542 570
542 660
542 718
542 747
542 765
542 784
542 822
542 850
542 879
542 882
542 884
542 945
542 951
542 962
542 975
542 988
543 617
543 675
543 712
543 728
543 729
543 737
543 820
543 837
543 879
544 701
544 710
544 713
544 803
544 844
544 925
544 994
545 621
545 671
545 673
545 734
545 767
545 788
545 819
545 820
545 887
545 888
545 910
545 915
545 930
545 955
546 560
546 564
546 592
546 652
546 731
546 751
546 754
546 761
547 552
547 597
547 628
547 651
547 670
547 738
547 750
547 789
547 801
547 842
547 924
547 927
547 930
547 936
547 938
549 554
549 615
549 658
549 692
549 756
549 760
549 824
549 856
549 912
551 669
551 699
551 705
551 860
551 917
551 919
552 628
552 651
552 670
552 750
552 789
552 794
552 801
552 831
552 862
552 924
552 926
552 936
552 938
553 655
553 675
553 688
553 881
553 885
553 902
553 933
553 940
553 944
553 998
554 597
554 684
554 772
554 804
554 840
554 877
554 953
554 960
554 964
554 987
554 994
555 626
555 654
555 660
555 718
555 784
555 822
555 823
555 879
555 882
555 884
555 938
555 945
555 951
555 962
555 975
556 558
556 568
556 599
556 646
556 683
556 691
556 703
556 797
556 818
556 827
556 859
556 871
556 906
556 957
556 965
556 981
557 641
557 650
557 742
557 825
557 833
557 854
557 880
557 891
557 898
557 905
557 910
557 913
557 916
557 923
557 957
557 973
557 980
558 599
558 613
558 646
558 683
558 691
558 710
558 797
558 818
558 827
558 858
558 871
558 906
558 965
559 611
559 639
559 703
559 844
559 851
559 853
559 878
559 887
559 928
560 564
560 592
560 624
560 731
560 751
560 754
560 761
560 921
561 582
561 602
561 608
561 741
561 863
561 866
561 897
561 911
561 947
561 948
561 966
561 985
562 627
562 662
562 769
562 774
562 776
562 816
562 983
564 592
564 731
564 751
564 754
564 761
564 804
565 655
565 688
565 702
565 748
565 771
565 801
565 881
565 885
565 916
565 933
565 940
565 944
566 588
566 598
566 656
566 667
566 682
566 796
566 848
566 867
566 916
568 599
568 613
568 646
568 691
568 704
568 739
568 797
568 818
568 827
568 871
568 906
568 932
568 965
568 987
570 598
570 660
570 704
570 718
570 747
570 765
570 783
570 784
570 822
570 879
570 882
570 884
570 945
570 951
570 962
570 975
570 994
571 579
571 583
571 598
571 634
571 637
571 656
571 777
571 796
571 867
571 882
571 916
572 687
572 724
572 749
572 814
572 838
572 853
572 873
572 877
572 892
572 925
572 959
572 977
572 983
573 604
573 632
573 685
573 693
573 698
573 803
573 810
573 814
573 835
573 847
573 875
573 991
574 595
574 680
574 695
574 714
574 717
574 744
574 794
574 832
574 956
574 963
574 992
576 599
576 629
576 672
576 706
576 733
576 734
576 775
576 779
576 865
576 907
576 983
576 1000
578 586
578 587
578 690
578 725
578 785
578 840
578 857
578 909
578 967
578 993
579 639
579 666
579 694
579 745
579 763
579 790
579 804
579 876
579 893
579 925
579 941
579 967
579 991
579 998
580 581
580 591
580 613
580 614
580 716
580 719
580 897
580 947
580 966
580 973
580 980
580 985
581 582
581 608
581 613
581 712
581 716
581 817
581 897
581 912
581 947
581 966
581 973
581 985
581 993
582 591
582 614
582 716
582 842
582 877
582 919
582 966
582 973
582 985
583 639
583 666
583 745
583 790
583 823
583 886
583 893
583 925
583 934
583 935
583 941
583 967
583 991
583 998
584 615
584 669
584 699
584 705
584 706
584 715
584 813
584 860
584 917
585 589
585 624
585 678
585 693
585 711
585 785
585 861
585 883
585 921
585 926
585 935
585 951
585 968
585 972
585 990
586 587
586 655
586 690
586 718
586 725
586 840
586 857
586 869
586 909
586 923
587 690
587 725
587 840
587 857
587 909
587 973
587 977
588 612
588 720
588 721
588 778
588 800
588 805
588 858
588 870
588 968
589 636
589 678
589 693
589 711
589 785
589 793
589 861
589 883
589 921
589 926
589 935
589 942
589 972
589 990
591 614
591 700
591 758
591 866
591 947
591 966
591 975
591 985
592 731
592 751
592 754
592 761
592 837
593 601
593 636
593 640
593 681
593 753
595 660
595 664
595 665
595 680
595 691
595 744
595 798
595 802
595 956
595 963
595 992
596 638
596 668
596 685
596 709
596 752
596 753
596 809
596 829
596 849
596 859
596 868
596 905
596 920
596 942
597 600
597 635
597 732
597 738
597 772
597 859
597 903
597 953
597 960
597 964
597 974
597 987
597 994
598 634
598 656
598 796
598 867
598 916
599 613
599 642
599 646
599 683
599 691
599 783
599 797
599 818
599 827
599 871
599 872
599 906
599 965
600 605
600 620
600 635
600 684
600 732
600 772
600 903
600 953
600 960
600 964
600 987
600 994
601 636
601 640
601 681
601 739
601 928
602 608
602 614
602 758
602 817
602 866
602 919
602 947
602 966
602 973
602 985
604 632
604 698
604 738
604 803
604 810
604 814
604 816
604 835
604 847
604 875
605 687
605 707
605 724
605 727
605 749
605 808
605 813
605 836
605 838
605 853
605 873
605 877
605 884
605 892
605 959
606 629
606 659
606 733
606 775
606 794
606 865
606 887
606 907
606 983
606 987
606 990
606 1000
608 611
608 716
608 729
608 741
608 757
608 817
608 866
608 897
608 919
608 973
608 980
608 985
610 719
610 739
610 741
610 762
610 766
610 793
610 812
610 830
610 831
610 863
610 908
610 943
610 948
610 977
610 993
610 997
611 630
611 703
611 844
611 851
611 878
611 928
611 957
611 981
612 645
612 690
612 720
612 721
612 769
612 771
612 778
612 800
612 805
612 858
612 870
612 968
613 646
613 683
613 691
613 797
613 818
613 827
613 866
613 871
613 906
613 965
614 680
614 754
614 811
614 817
614 842
614 912
614 919
614 947
614 966
614 973
615 692
615 733
615 756
615 760
615 766
615 856
615 885
615 912
615 938
616 618
616 641
616 650
616 742
616 825
616 833
616 854
616 877
616 880
616 891
616 898
616 905
616 910
616 913
616 923
616 957
616 980
617 620
617 643
617 675
617 712
617 728
617 729
617 737
617 837
617 906
617 922
617 956
618 619
618 799
618 802
618 811
618 831
618 890
618 917
618 922
618 927
618 932
618 979
618 982
618 984
618 988
619 661
619 702
619 799
619 802
619 811
619 922
619 927
619 930
619 979
619 982
619 984
619 988
620 684
620 732
620 903
620 953
620 960
620 964
620 987
620 994
621 671
621 673
621 734
621 767
621 788
621 819
621 820
621 861
621 887
621 888
621 915
621 930
621 955
622 659
622 689
622 740
622 781
622 889
622 904
622 918
623 642
623 663
623 777
623 783
623 787
623 846
623 848
623 874
623 921
623 974
623 981
623 985
624 678
624 693
624 711
624 785
624 861
624 883
624 921
624 926
624 935
624 943
624 972
624 990
626 660
626 704
626 747
626 765
626 818
626 822
626 831
626 879
626 882
626 884
626 906
626 945
626 951
626 962
626 975
627 628
627 650
627 662
627 769
627 774
627 776
627 816
627 926
627 935
628 651
628 670
628 738
628 750
628 801
628 862
628 924
628 936
628 938
628 991
629 659
629 706
629 733
629 759
629 779
629 865
629 897
629 907
629 983
629 1000
630 703
630 750
630 844
630 851
630 878
630 891
630 928
632 698
632 803
632 810
632 814
632 835
632 847
632 875
632 988
633 653
633 694
633 745
633 763
633 787
633 790
633 804
633 823
633 886
633 923
633 925
633 941
633 967
633 991
633 998
634 637
634 656
634 666
634 667
634 686
634 796
634 830
634 916
634 928
635 684
635 732
635 733
635 772
635 865
635 903
635 953
635 960
635 964
635 987
635 994
636 640
636 681
636 930
637 656
637 667
637 796
637 836
637 867
637 916
638 668
638 685
638 709
638 747
638 752
638 755
638 809
638 859
638 868
638 917
638 920
638 942
638 982
638 996
639 694
639 745
639 789
639 790
639 804
639 823
639 876
639 886
639 893
639 925
639 941
639 967
639 991
639 998
640 681
640 817
641 650
641 669
641 742
641 825
641 833
641 854
641 880
641 891
641 898
641 905
641 910
641 913
641 923
641 957
641 968
641 980
642 663
642 763
642 777
642 783
642 787
642 814
642 846
642 848
642 872
642 874
642 974
642 981
643 656
643 675
643 712
643 728
643 729
643 737
643 823
643 837
643 838
643 919
644 661
644 671
644 757
644 768
644 799
644 802
644 811
644 831
644 922
644 927
644 979
644 982
644 984
644 988
645 655
645 686
645 727
645 771
645 842
645 881
645 885
645 933
645 940
645 944
645 984
646 683
646 691
646 797
646 818
646 827
646 841
646 871
646 906
646 965
646 994
649 676
649 693
649 806
649 827
649 834
649 841
649 901
649 949
649 982
649 989
650 742
650 825
650 833
650 854
650 880
650 887
650 891
650 898
650 905
650 910
650 913
650 923
650 957
650 980
651 703
651 738
651 750
651 801
651 816
651 862
651 924
651 936
651 938
652 713
652 801
652 808
652 828
652 836
652 838
652 853
652 873
652 877
652 890
652 892
652 959
653 666
653 745
653 763
653 823
653 867
653 876
653 882
653 886
653 893
653 925
653 941
653 967
653 991
653 998
654 657
654 660
654 676
654 704
654 718
654 747
654 765
654 784
654 822
654 867
654 879
654 882
654 884
654 945
654 951
654 962
654 975
655 658
655 688
655 748
655 771
655 881
655 898
655 902
655 920
655 940
655 944
656 667
656 796
656 820
656 867
656 916
657 707
657 759
657 794
657 807
657 849
657 850
657 859
657 895
657 900
657 911
657 929
657 934
657 972
657 996
658 667
658 676
658 692
658 756
658 766
658 824
658 856
658 912
659 671
659 706
659 733
659 775
659 846
659 865
659 907
659 983
659 1000
660 704
660 747
660 765
660 784
660 822
660 879
660 882
660 884
660 945
660 949
660 951
660 962
660 975
661 702
661 757
661 768
661 802
661 811
661 886
661 891
661 922
661 927
661 932
661 979
661 982
661 984
661 988
662 665
662 709
662 714
662 769
662 774
662 776
662 816
663 783
663 846
663 848
663 872
663 874
663 974
663 981
664 680
664 695
664 714
664 717
664 726
664 744
664 798
664 806
664 832
664 912
664 942
664 956
664 963
664 992
665 680
665 717
665 726
665 744
665 798
665 799
665 829
665 832
665 956
665 963
665 992
666 745
666 763
666 777
666 790
666 804
666 876
666 886
666 893
666 900
666 925
666 961
666 967
666 991
666 998
667 781
667 867
667 908
667 916
668 670
668 709
668 752
668 753
668 755
668 766
668 809
668 859
668 868
668 874
668 920
668 942
668 987
669 699
669 705
669 715
669 860
669 917
669 945
669 979
670 750
670 760
670 789
670 801
670 862
670 924
670 936
670 938
670 982
671 673
671 734
671 741
671 767
671 788
671 819
671 820
671 887
671 888
671 915
671 930
671 955
671 972
672 706
672 775
672 779
672 819
672 865
672 907
672 909
672 918
672 983
672 1000
673 675
673 734
673 767
673 788
673 796
673 819
673 820
673 887
673 888
673 915
673 930
673 955
673 961
675 678
675 712
675 728
675 729
675 737
675 837
675 912
676 806
676 834
676 836
676 841
676 901
676 949
676 989
678 693
678 711
678 785
678 834
678 861
678 883
678 921
678 926
678 935
678 962
678 972
678 990
680 695
680 714
680 717
680 726
680 740
680 744
680 798
680 832
680 956
680 963
680 992
681 872
681 897
681 942
682 687
682 727
682 776
682 808
682 813
682 828
682 836
682 838
682 873
682 890
682 892
682 959
682 964
683 691
683 725
683 787
683 797
683 818
683 827
683 865
683 871
683 906
683 965
684 732
684 756
684 772
684 903
684 953
684 960
684 964
684 987
684 994
685 737
685 753
685 755
685 829
685 857
685 859
685 868
685 920
685 942
685 948
686 700
686 736
686 924
686 949
687 724
687 727
687 749
687 798
687 801
687 828
687 838
687 853
687 877
687 890
687 892
687 959
688 748
688 771
688 817
688 842
688 881
688 885
688 902
688 909
688 933
688 940
688 944
688 959
689 698
689 740
689 781
689 785
689 889
689 904
689 918
689 945
690 725
690 744
690 840
690 857
690 873
690 909
690 989
691 797
691 818
691 827
691 871
691 872
691 886
691 906
691 965
692 716
692 756
692 766
692 824
692 856
692 912
692 932
692 953
693 711
693 785
693 861
693 883
693 921
693 926
693 935
693 972
693 990
694 745
694 804
694 876
694 885
694 886
694 893
694 925
694 926
694 941
694 967
694 984
694 991
694 996
694 998
695 714
695 717
695 726
695 744
695 798
695 832
695 928
695 934
695 956
695 963
695 988
695 992
695 998
698 803
698 812
698 814
698 835
698 847
698 875
698 968
698 993
699 705
699 715
699 742
699 860
699 880
699 883
699 917
699 990
700 736
701 704
701 710
701 713
701 781
701 875
702 802
702 811
702 831
702 880
702 897
702 902
702 927
702 932
702 979
702 982
702 984
702 988
703 844
703 851
703 878
703 928
704 718
704 747
704 765
704 784
704 822
704 879
704 882
704 884
704 916
704 945
704 951
704 962
704 975
705 715
705 860
705 917
705 941
705 990
706 775
706 907
706 983
706 1000
707 715
707 743
707 759
707 770
707 788
707 794
707 843
707 849
707 895
707 900
707 929
707 933
707 934
707 961
707 996
709 752
709 753
709 809
709 829
709 859
709 868
709 905
709 918
709 920
709 942
710 713
710 947
711 785
711 861
711 865
711 883
711 884
711 921
711 926
711 935
711 972
711 990
712 728
712 737
712 813
712 837
712 922
713 762
714 717
714 726
714 744
714 788
714 798
714 956
714 963
714 966
714 992
715 809
715 846
715 860
715 917
716 758
716 817
716 842
716 866
716 897
716 919
716 947
716 966
716 985
716 1000
717 744
717 749
717 798
717 832
717 871
717 909
717 956
717 963
717 992
718 747
718 765
718 784
718 822
718 823
718 879
718 882
718 884
718 945
718 951
718 962
718 975
719 739
719 762
719 793
719 812
719 830
719 863
719 869
719 873
719 908
719 943
719 948
719 977
719 993
719 997
720 721
720 754
720 778
720 800
720 805
720 822
720 858
720 870
720 877
720 968
721 731
721 744
721 778
721 800
721 805
721 858
721 870
721 968
721 974
724 727
724 748
724 749
724 808
724 828
724 838
724 846
724 853
724 873
724 877
724 892
724 959
725 840
725 857
725 870
725 909
726 744
726 798
726 832
726 842
726 872
726 956
726 963
726 992
727 749
727 808
727 836
727 838
727 853
727 873
727 877
727 890
728 729
728 737
728 837
728 849
728 903
728 983
729 737
729 747
729 837
729 916
729 953
731 751
731 754
731 761
731 776
731 816
731 866
732 752
732 772
732 779
732 884
732 903
732 953
732 960
732 964
732 987
732 994
733 775
733 779
733 865
733 907
733 948
733 983
733 1000
734 767
734 788
734 819
734 820
734 835
734 887
734 888
734 915
734 930
734 933
734 955
736 809
736 823
736 953
736 979
737 761
737 837
738 789
738 801
738 924
738 936
738 938
738 975
739 740
739 762
739 793
739 812
739 830
739 863
739 869
739 908
739 943
739 948
739 977
739 991
739 993
739 997
740 753
740 781
740 889
740 904
740 918
740 964
741 744
741 758
741 760
741 817
741 842
741 866
741 897
741 919
741 947
741 966
741 973
741 985
742 779
742 796
742 825
742 833
742 854
742 880
742 891
742 898
742 905
742 910
742 913
742 923
742 957
742 980
743 759
743 794
743 807
743 828
743 843
743 849
743 850
743 888
743 900
743 911
743 920
743 929
743 961
743 996
744 745
744 798
744 832
744 956
744 963
744 992
745 763
745 790
745 823
745 886
745 893
745 925
745 941
745 955
745 967
745 991
745 998
747 765
747 784
747 822
747 879
747 884
747 887
747 945
747 951
747 957
747 962
747 975
748 749
748 771
748 772
748 881
748 885
748 902
748 933
748 940
748 944
749 813
749 828
749 836
749 838
749 846
749 853
749 877
749 890
749 945
749 959
750 789
750 796
750 801
750 861
750 862
750 873
750 924
750 936
750 938
750 994
751 754
751 758
751 761
751 771
751 889
752 753
752 755
752 809
752 818
752 829
752 859
752 868
752 920
752 942
752 1000
753 755
753 809
753 829
753 843
753 859
753 866
753 868
753 920
753 942
754 761
754 805
754 912
755 794
755 809
755 829
755 844
755 859
755 868
755 920
755 942
756 766
756 769
756 824
756 856
756 889
756 912
757 768
757 799
757 802
757 811
757 833
757 922
757 927
757 932
757 979
757 982
757 984
757 990
758 801
758 842
758 866
758 897
758 919
758 935
758 947
758 966
758 973
759 770
759 794
759 849
759 895
759 900
759 929
759 961
759 984
759 996
760 766
760 824
760 912
760 975
762 793
762 812
762 830
762 833
762 863
762 869
762 908
762 926
762 943
762 948
762 977
762 993
762 997
763 804
763 823
763 876
763 886
763 893
763 925
763 941
763 991
763 998
765 771
765 784
765 806
765 822
765 835
765 879
765 882
765 884
765 945
765 951
765 962
765 975
765 980
766 824
766 856
766 912
767 788
767 819
767 820
767 847
767 853
767 887
767 888
767 915
767 930
767 955
767 966
768 799
768 802
768 811
768 831
768 874
768 882
768 922
768 927
768 932
768 942
768 982
768 984
768 988
769 774
769 776
769 816
769 832
770 794
770 807
770 843
770 849
770 850
770 895
770 900
770 911
770 934
770 961
770 996
771 828
771 840
771 881
771 885
771 933
771 940
771 944
772 774
772 778
772 903
772 938
772 953
772 960
772 964
772 987
772 994
774 776
774 816
774 876
774 883
774 929
775 832
775 865
775 907
775 983
775 1000
776 808
776 816
777 783
777 787
777 846
777 848
777 872
777 874
777 974
777 981
778 790
778 800
778 805
778 858
778 870
778 928
778 968
779 857
779 865
779 893
779 907
779 977
779 983
779 1000
781 784
781 889
781 904
781 918
781 967
781 988
783 787
783 804
783 846
783 872
783 874
783 974
783 981
783 992
784 822
784 843
784 879
784 882
784 884
784 945
784 951
784 962
784 975
785 861
785 883
785 920
785 921
785 926
785 933
785 935
785 972
785 990
787 837
787 846
787 848
787 872
787 874
787 974
787 981
788 819
788 820
788 863
788 887
788 888
788 915
788 930
788 955
789 801
789 862
789 924
789 936
789 938
790 804
790 823
790 876
790 886
790 893
790 941
790 967
790 988
790 991
790 998
793 802
793 812
793 830
793 863
793 869
793 908
793 943
793 948
793 977
793 993
793 997
793 1000
794 807
794 835
794 843
794 849
794 850
794 895
794 911
794 929
794 961
794 996
796 867
796 916
796 942
797 818
797 827
797 871
797 897
797 906
797 965
798 832
798 848
798 956
798 963
798 992
799 802
799 811
799 831
799 922
799 924
799 927
799 932
799 979
799 984
799 988
800 805
800 858
800 870
800 968
801 828
801 831
801 862
801 924
801 936
801 938
802 828
802 831
802 922
802 982
802 984
802 988
803 810
803 814
803 835
803 847
803 872
803 875
803 895
804 823
804 876
804 886
804 893
804 919
804 925
804 967
804 991
804 998
805 858
805 870
805 871
805 908
805 968
805 984
805 992
806 834
806 841
806 901
806 917
806 949
806 989
807 843
807 850
807 895
807 900
807 906
807 911
807 929
807 930
807 932
807 934
807 961
807 964
807 967
807 996
808 813
808 828
808 836
808 853
808 858
808 873
808 877
808 959
809 829
809 859
809 868
809 920
809 942
809 964
809 973
810 814
810 835
810 847
810 875
810 898
810 966
810 973
811 824
811 831
811 922
811 927
811 932
811 979
811 982
811 984
811 992
812 830
812 863
812 908
812 943
812 948
812 977
812 993
812 997
813 836
813 838
813 853
813 873
813 885
813 890
813 892
813 959
814 835
814 847
814 870
814 875
814 930
816 819
817 842
817 866
817 897
817 919
817 947
817 973
817 985
818 827
818 851
818 871
818 906
818 965
818 990
819 820
819 827
819 887
819 888
819 915
819 927
819 930
819 955
820 887
820 888
820 902
820 915
820 930
820 955
820 977
822 824
822 879
822 882
822 884
822 945
822 951
822 962
822 974
822 975
823 876
823 886
823 925
823 941
823 967
823 991
823 998
824 856
824 912
824 935
824 966
825 833
825 854
825 880
825 891
825 898
825 900
825 905
825 910
825 913
825 923
825 957
825 961
825 962
825 980
825 990
827 862
827 871
827 906
827 965
828 836
828 838
828 853
828 877
828 890
828 892
828 941
828 959
829 830
829 832
829 868
829 920
829 942
829 943
830 863
830 869
830 908
830 925
830 943
830 948
830 977
830 993
830 997
831 922
831 927
831 932
831 979
831 982
831 984
831 988
832 956
832 963
832 992
833 854
833 880
833 891
833 897
833 898
833 905
833 910
833 913
833 923
833 957
833 980
834 841
834 868
834 901
834 949
834 989
835 847
835 875
835 933
836 838
836 856
836 863
836 873
836 890
836 892
836 895
836 959
837 922
837 933
837 983
838 853
838 873
838 877
838 890
838 929
838 959
840 857
840 895
840 909
840 920
840 962
841 901
841 949
841 989
842 897
842 919
842 947
842 973
842 985
843 849
843 895
843 900
843 905
843 911
843 929
843 934
843 961
843 996
844 851
844 878
844 928
846 848
846 872
846 874
846 887
846 940
846 974
846 981
847 875
847 911
848 849
848 872
848 874
848 953
848 974
848 981
849 850
849 895
849 900
849 911
849 929
849 934
849 961
849 996
850 895
850 900
850 929
850 934
850 940
850 961
850 966
851 858
851 878
851 928
851 945
853 873
853 890
853 892
853 959
853 981
853 985
854 880
854 891
854 898
854 905
854 910
854 913
854 923
854 957
854 974
854 980
856 866
856 912
856 977
857 859
857 860
857 909
858 870
858 968
859 868
859 920
859 926
859 942
860 866
860 917
861 883
861 887
861 921
861 926
861 935
861 972
861 990
862 863
862 879
862 924
862 936
862 938
863 869
863 908
863 943
863 948
863 977
863 993
863 997
865 881
865 907
865 983
865 1000
866 919
866 947
866 948
866 973
866 985
867 916
867 955
867 964
868 879
868 898
868 920
868 942
869 876
869 908
869 922
869 943
869 948
869 977
869 993
869 997
870 876
870 932
870 968
871 906
871 965
872 874
872 898
872 974
872 981
873 877
873 890
873 892
873 938
873 959
874 968
874 974
874 981
875 979
876 886
876 893
876 925
876 967
876 991
876 998
877 890
877 957
877 959
878 879
878 884
878 913
878 928
879 882
879 884
879 945
879 951
879 962
879 975
880 891
880 898
880 905
880 910
880 913
880 923
880 957
880 963
880 980
881 885
881 902
881 933
881 940
881 944
882 884
882 945
882 951
882 962
882 967
882 975
882 982
882 991
883 921
883 926
883 935
883 972
883 974
883 990
884 945
884 951
884 962
884 975
885 902
885 919
885 933
885 940
885 944
886 893
886 908
886 925
886 941
886 991
886 998
887 888
887 915
887 930
887 955
888 890
888 915
888 930
888 955
889 892
889 904
889 918
889 949
889 965
890 892
890 959
890 963
891 898
891 905
891 910
891 913
891 923
891 957
891 960
891 980
892 959
893 925
893 941
893 961
893 967
893 985
893 991
893 998
895 900
895 902
895 911
895 934
895 996
897 919
897 947
897 966
897 973
897 985
898 905
898 910
898 913
898 923
898 957
898 980
898 981
900 910
900 929
900 934
900 961
900 996
901 911
901 949
901 989
901 998
902 933
902 940
902 944
903 913
903 915
903 953
903 960
903 964
903 987
903 994
904 915
904 918
905 910
905 913
905 923
905 957
905 980
906 911
906 917
906 965
907 973
907 983
907 991
907 1000
908 943
908 948
908 977
908 993
908 997
910 913
910 923
910 957
910 980
911 929
911 934
911 961
911 996
912 916
913 923
913 929
913 956
913 957
913 980
915 930
915 955
915 974
915 985
915 992
917 940
917 972
918 923
919 928
919 947
919 966
919 973
919 985
920 942
920 965
921 926
921 928
921 935
921 955
921 972
921 990
922 923
922 927
922 932
922 979
922 982
922 984
922 988
923 948
923 957
923 980
924 936
924 938
924 944
925 941
925 955
925 967
925 991
925 998
926 935
926 972
926 990
927 932
927 979
927 982
927 984
927 988
929 934
929 959
929 996
930 938
930 955
932 979
932 982
932 984
932 988
933 940
933 944
934 961
934 962
934 996
935 943
935 972
935 990
936 938
936 941
936 985
938 963
940 944
941 947
941 956
941 967
941 991
941 998
943 944
943 948
943 977
943 993
943 997
944 955
944 962
944 973
945 951
945 960
945 962
945 975
947 966
947 973
947 985
948 977
948 993
948 997
949 951
949 959
949 989
949 992
951 962
951 975
953 960
953 964
953 972
953 987
953 994
956 961
956 963
956 992
956 997
957 972
957 980
960 964
960 987
960 988
960 994
961 996
962 965
962 975
963 979
963 992
964 987
964 994
966 973
966 987
967 991
967 998
968 985
972 987
972 990
973 985
974 981
974 997
975 980
975 988
977 993
977 997
979 982
979 984
979 988
980 994
982 984
982 988
983 989
983 993
983 1000
984 988
987 994
991 998
993 997
993 1000
997 998
997 1000
