1 2
1 622
1 653
1 704
1 781
1 874
1 882
1 884
1 945
1 951
1 962
1 975
2 201
2 415
2 484
2 610
2 830
2 908
2 943
2 947
2 977
2 993
2 997
3 105
3 324
3 446
3 533
3 649
3 668
3 793
3 841
3 863
3 949
3 955
3 989
4 407
4 410
4 438
4 464
4 529
4 537
4 662
4 769
4 774
4 776
4 816
4 886
5 11
5 193
5 209
5 422
5 681
5 738
5 801
5 904
5 924
5 936
5 938
5 944
6 294
6 386
6 484
6 830
6 863
6 869
6 908
6 943
6 947
6 977
6 993
6 997
8 246
8 353
8 392
8 654
8 777
8 783
8 846
8 848
8 872
8 900
8 974
8 981
9 417
9 567
9 719
9 762
9 863
9 869
9 908
9 943
9 947
9 977
9 993
9 997
11 561
11 602
11 842
11 866
11 877
11 897
11 919
11 934
11 966
11 973
11 985
12 501
12 639
12 694
12 810
12 823
12 886
12 893
12 925
12 967
12 974
12 991
12 998
13 528
13 751
13 854
13 880
13 891
13 905
13 910
13 913
13 923
13 957
13 975
13 980
14 217
14 258
14 309
14 626
14 704
14 874
14 882
14 884
14 945
14 951
14 962
14 975
15 62
15 398
15 418
15 421
15 659
15 706
15 779
15 861
15 865
15 962
15 983
15 1000
16 177
16 189
16 443
16 608
16 678
16 695
16 717
16 853
16 879
16 894
16 956
16 962
17 512
17 684
17 743
17 794
17 822
17 850
17 895
17 900
17 911
17 929
17 965
17 996
19 180
19 222
19 272
19 750
19 789
19 801
19 862
19 904
19 909
19 924
19 936
19 938
20 277
20 326
20 360
20 432
20 605
20 608
20 695
20 717
20 838
20 879
20 894
20 956
21 110
21 134
21 217
21 321
21 436
21 442
21 556
21 611
21 630
21 851
21 878
21 928
22 152
22 298
22 536
22 543
22 605
22 615
22 734
22 755
22 855
22 876
22 883
22 973
24 81
24 223
24 599
24 614
24 721
24 758
24 842
24 897
24 919
24 966
24 985
24 998
25 42
25 127
25 137
25 206
25 219
25 263
25 436
25 593
25 601
25 606
25 636
25 941
26 144
26 372
26 425
26 502
26 772
26 873
26 909
26 953
26 960
26 964
26 987
26 994
27 117
27 174
27 188
27 416
27 446
27 465
27 806
27 834
27 841
27 949
27 955
27 989
28 277
28 326
28 364
28 534
28 608
28 678
28 695
28 717
28 879
28 894
28 945
28 956
29 328
29 493
29 530
29 586
29 685
29 690
29 761
29 840
29 844
29 857
29 866
29 909
30 421
30 492
30 552
30 706
30 775
30 779
30 861
30 865
30 942
30 980
30 983
30 1000
31 258
31 327
31 413
31 517
31 543
31 605
31 734
31 795
31 855
31 858
31 876
31 883
32 130
32 201
32 278
32 432
32 565
32 608
32 678
32 695
32 879
32 894
32 920
32 956
33 111
33 163
33 168
33 442
33 566
33 588
33 778
33 800
33 858
33 870
33 875
33 968
34 195
34 225
34 358
34 461
34 558
34 669
34 705
34 715
34 783
34 860
34 898
34 907
35 719
35 739
35 762
35 869
35 886
35 908
35 912
35 943
35 947
35 977
35 993
35 997
38 208
38 479
38 521
38 707
38 807
38 808
38 843
38 850
38 900
38 923
38 929
38 996
39 106
39 453
39 651
39 738
39 789
39 801
39 862
39 882
39 904
39 924
39 936
39 938
40 150
40 324
40 377
40 506
40 640
40 806
40 834
40 841
40 922
40 949
40 955
40 989
42 127
42 137
42 206
42 219
42 263
42 593
42 601
42 606
42 636
42 689
42 847
43 362
43 475
43 702
43 785
43 799
43 811
43 831
43 849
43 927
43 932
43 982
43 984
45 291
45 433
45 657
45 743
45 770
45 807
45 828
45 850
45 895
45 907
45 934
45 996
47 326
47 360
47 364
47 443
47 669
47 678
47 695
47 717
47 862
47 879
47 894
47 956
48 67
48 210
48 262
48 280
48 289
48 435
48 457
48 496
48 686
48 736
48 766
48 841
50 188
50 306
50 549
50 597
50 684
50 790
50 903
50 953
50 960
50 964
50 987
50 994
51 422
51 670
51 738
51 750
51 801
51 862
51 904
51 924
51 936
51 938
51 988
51 991
52 294
52 616
52 761
52 833
52 850
52 880
52 891
52 905
52 910
52 923
52 957
52 980
53 62
53 235
53 243
53 463
53 537
53 622
53 651
53 700
53 740
53 769
53 889
53 918
54 568
54 646
54 666
54 691
54 797
54 818
54 827
54 833
54 871
54 901
54 906
54 965
57 204
57 246
57 399
57 515
57 642
57 678
57 777
57 787
57 848
57 872
57 974
57 981
58 556
58 613
58 622
58 725
58 785
58 797
58 818
58 827
58 871
58 901
58 906
58 965
59 75
59 155
59 221
59 405
59 549
59 568
59 692
59 766
59 803
59 824
59 856
59 912
61 231
61 409
61 539
61 582
61 602
61 633
61 808
61 817
61 866
61 919
61 966
61 985
62 227
62 235
62 243
62 463
62 537
62 622
62 700
62 740
62 889
62 918
63 545
63 673
63 767
63 788
63 803
63 819
63 820
63 887
63 888
63 915
63 930
63 973
64 177
64 278
64 363
64 532
64 608
64 678
64 695
64 717
64 850
64 879
64 894
64 956
65 421
65 527
65 768
65 799
65 802
65 831
65 922
65 927
65 943
65 979
65 984
65 988
66 107
66 412
66 464
66 482
66 519
66 562
66 627
66 662
66 769
66 774
66 776
66 816
67 107
67 246
67 262
67 280
67 354
67 402
67 435
67 457
67 686
67 736
67 885
68 500
68 591
68 655
68 748
68 881
68 885
68 902
68 905
68 933
68 940
68 944
68 985
69 147
69 314
69 452
69 479
69 605
69 807
69 850
69 895
69 900
69 929
69 934
69 996
70 256
70 506
70 533
70 649
70 656
70 793
70 806
70 834
70 841
70 949
70 955
70 989
73 139
73 617
73 747
73 765
73 822
73 874
73 882
73 884
73 945
73 951
73 962
73 975
74 407
74 438
74 519
74 562
74 627
74 662
74 768
74 769
74 774
74 776
74 816
74 925
75 306
75 415
75 630
75 692
75 760
75 766
75 803
75 824
75 856
75 912
75 948
76 177
76 201
76 277
76 326
76 420
76 443
76 695
76 717
76 879
76 894
76 956
76 977
77 274
77 656
77 683
77 745
77 784
77 785
77 845
77 852
77 870
77 917
77 926
77 990
78 461
78 502
78 505
78 528
78 551
78 669
78 705
78 715
78 860
78 898
78 907
78 925
79 274
79 562
79 656
79 784
79 785
79 811
79 833
79 845
79 852
79 917
79 926
79 990
81 149
81 231
81 431
81 587
81 614
81 650
81 758
81 817
81 866
81 966
81 973
82 193
82 606
82 825
82 833
82 880
82 891
82 905
82 910
82 913
82 923
82 957
82 980
83 166
83 576
83 587
83 672
83 775
83 779
83 861
83 865
83 983
83 989
83 1000
84 398
84 411
84 607
84 629
84 660
84 681
84 748
84 771
84 826
84 950
84 999
85 618
85 619
85 652
85 718
85 757
85 768
85 799
85 932
85 979
85 982
85 984
85 988
87 447
87 476
87 515
87 645
87 688
87 702
87 748
87 881
87 885
87 933
87 940
87 944
88 124
88 760
88 799
88 802
88 811
88 831
88 840
88 922
88 927
88 982
88 984
88 988
89 127
89 558
89 691
89 797
89 818
89 827
89 861
89 871
89 901
89 906
89 965
89 979
90 107
90 210
90 250
90 289
90 354
90 402
90 435
90 457
90 496
90 686
90 736
90 870
91 499
91 702
91 802
91 811
91 831
91 869
91 880
91 927
91 979
91 982
91 983
91 988
92 341
92 431
92 580
92 602
92 741
92 808
92 831
92 842
92 866
92 877
92 973
92 985
93 233
93 303
93 646
93 651
93 691
93 797
93 818
93 827
93 871
93 901
93 906
93 965
94 164
94 462
94 518
94 658
94 692
94 760
94 766
94 803
94 824
94 856
94 912
94 920
95 226
95 651
95 658
95 738
95 750
95 789
95 862
95 904
95 924
95 936
95 938
95 997
97 154
97 570
97 673
97 767
97 788
97 819
97 820
97 887
97 888
97 915
97 930
97 959
99 352
99 506
99 527
99 584
99 649
99 806
99 819
99 834
99 841
99 949
99 955
99 989
100 101
100 201
100 364
100 432
100 443
100 608
100 611
100 678
100 717
100 879
100 894
100 956
101 223
101 581
101 599
101 709
101 808
101 842
101 897
101 919
101 966
101 973
101 985
102 179
102 489
102 565
102 609
102 656
102 835
102 845
102 852
102 917
102 926
102 990
103 147
103 251
103 337
103 512
103 741
103 770
103 794
103 807
103 827
103 849
103 895
103 934
103 996
104 635
104 650
104 742
104 833
104 854
104 880
104 902
104 905
104 910
104 913
104 957
104 980
105 352
105 527
105 676
105 790
105 793
105 806
105 834
105 841
105 949
105 955
105 959
105 989
106 332
106 333
106 473
106 618
106 661
106 768
106 922
106 932
106 979
106 982
106 984
106 988
107 174
107 216
107 402
107 435
107 457
107 496
107 669
107 686
107 736
107 841
109 206
109 313
109 414
109 437
109 607
109 667
109 681
109 812
109 826
109 879
109 950
109 979
109 999
110 420
110 447
110 461
110 500
110 591
110 655
110 687
110 885
110 902
110 933
110 940
110 944
111 439
111 511
111 672
111 706
111 742
111 775
111 779
111 861
111 865
111 866
111 983
111 1000
112 581
112 640
112 757
112 802
112 811
112 922
112 927
112 979
112 982
112 983
112 984
112 988
112 997
113 176
113 416
113 446
113 506
113 676
113 793
113 841
113 856
113 893
113 907
113 949
113 955
113 989
115 176
115 324
115 416
115 793
115 806
115 834
115 841
115 861
115 869
115 918
115 949
115 955
115 989
116 310
116 580
116 582
116 599
116 602
116 741
116 758
116 817
116 830
116 866
116 919
116 951
116 985
117 465
117 649
117 676
117 705
117 793
117 806
117 834
117 841
117 949
117 955
117 957
117 989
118 119
118 196
118 321
118 436
118 440
118 471
118 532
118 611
118 703
118 808
118 851
118 878
118 928
119 203
119 616
119 825
119 854
119 881
119 905
119 910
119 913
119 923
119 957
119 980
119 988
120 243
120 315
120 451
120 642
120 663
120 783
120 787
120 848
120 872
120 904
120 974
120 981
121 358
121 656
121 720
121 733
121 784
121 845
121 852
121 917
121 926
121 932
121 956
121 990
121 1000
122 475
122 541
122 604
122 621
122 688
122 699
122 720
122 810
122 814
122 835
122 847
122 948
122 979
124 291
124 414
124 436
124 481
124 607
124 629
124 681
124 771
124 812
124 826
124 950
124 999
125 459
125 473
125 546
125 549
125 756
125 760
125 766
125 803
125 824
125 856
125 912
125 933
125 983
126 214
126 276
126 368
126 414
126 417
126 629
126 631
126 667
126 771
126 812
126 826
126 950
126 999
127 137
127 206
127 219
127 263
127 593
127 601
127 606
127 636
127 638
127 657
128 493
128 520
128 530
128 578
128 586
128 628
128 761
128 840
128 844
128 857
128 909
128 993
129 205
129 342
129 536
129 543
129 725
129 734
129 735
129 741
129 755
129 795
129 855
129 876
129 883
130 277
130 278
130 360
130 443
130 608
130 695
130 717
130 776
130 816
130 879
130 894
130 956
131 356
131 395
131 765
131 778
131 781
131 822
131 874
131 882
131 884
131 945
131 951
131 962
131 975
132 337
132 342
132 517
132 543
132 615
132 683
132 734
132 735
132 777
132 795
132 855
132 876
132 883
133 282
133 344
133 517
133 567
133 605
133 618
133 672
133 676
133 734
133 735
133 795
133 855
133 876
134 159
134 321
134 338
134 430
134 532
134 611
134 630
134 768
134 843
134 851
134 878
134 928
136 501
136 504
136 659
136 666
136 745
136 781
136 823
136 886
136 893
136 925
136 941
136 991
136 998
137 206
137 219
137 263
137 593
137 601
137 606
137 636
137 816
137 893
137 981
138 343
138 702
138 831
138 859
138 917
138 922
138 927
138 932
138 974
138 979
138 982
138 984
138 988
139 280
139 349
139 398
139 417
139 607
139 631
139 651
139 667
139 812
139 826
139 950
139 999
140 291
140 552
140 616
140 762
140 830
140 863
140 869
140 908
140 943
140 947
140 977
140 993
140 997
141 356
141 379
141 466
141 707
141 735
141 743
141 770
141 843
141 895
141 900
141 911
141 987
141 996
142 368
142 414
142 463
142 473
142 607
142 629
142 631
142 681
142 797
142 812
142 826
142 950
142 999
143 198
143 236
143 357
143 551
143 565
143 584
143 669
143 705
143 715
143 860
143 898
143 907
143 998
144 365
144 397
144 554
144 583
144 600
144 772
144 903
144 953
144 960
144 964
144 987
144 994
145 282
145 298
145 378
145 641
145 833
145 854
145 880
145 891
145 910
145 913
145 923
145 957
145 980
146 392
146 399
146 546
146 642
146 777
146 783
146 846
146 848
146 865
146 872
146 953
146 974
146 981
147 202
147 218
147 703
147 743
147 759
147 763
147 770
147 849
147 895
147 900
147 996
148 279
148 314
148 365
148 488
148 652
148 698
148 724
148 813
148 828
148 873
148 890
148 898
148 959
149 338
149 339
149 430
149 436
149 567
149 611
149 630
149 703
149 716
149 851
149 878
149 928
150 223
150 310
150 539
150 561
150 565
150 614
150 727
150 817
150 884
150 897
150 973
150 985
151 233
151 369
151 378
151 489
151 612
151 721
151 774
151 778
151 800
151 858
151 870
151 875
151 968
152 244
152 383
152 651
152 653
152 694
152 823
152 886
152 925
152 941
152 967
152 990
152 991
153 313
153 349
153 417
153 439
153 481
153 631
153 681
153 771
153 812
153 826
153 920
153 950
153 999
154 339
154 347
154 436
154 442
154 445
154 532
154 559
154 630
154 851
154 878
154 928
154 957
155 238
155 365
155 375
155 531
155 727
155 828
155 853
155 877
155 885
155 890
155 892
155 959
156 453
156 719
156 761
156 830
156 863
156 869
156 870
156 908
156 943
156 947
156 977
156 993
156 997
157 173
157 375
157 384
157 525
157 553
157 592
157 645
157 769
157 881
157 902
157 933
157 940
157 944
159 739
159 748
159 762
159 830
159 863
159 885
159 908
159 943
159 947
159 977
159 993
159 997
160 520
160 742
160 825
160 833
160 854
160 887
160 891
160 905
160 910
160 913
160 923
160 957
160 980
161 369
161 435
161 456
161 566
161 588
161 721
161 743
161 769
161 778
161 858
161 870
161 875
161 968
162 347
162 646
162 691
162 797
162 818
162 824
162 827
162 871
162 882
162 901
162 906
162 965
163 212
163 249
163 347
163 612
163 721
163 778
163 800
163 858
163 870
163 875
163 968
163 998
164 196
164 415
164 518
164 608
164 658
164 683
164 760
164 766
164 803
164 824
164 856
164 912
165 552
165 651
165 670
165 738
165 789
165 801
165 862
165 868
165 904
165 924
165 936
165 938
165 956
166 273
166 359
166 418
166 427
166 511
166 558
166 706
166 779
166 861
166 865
166 983
166 1000
168 280
168 359
168 511
168 645
168 659
168 672
168 706
168 775
168 861
168 865
168 983
168 1000
169 364
169 372
169 515
169 673
169 767
169 788
169 813
169 819
169 820
169 887
169 888
169 915
169 930
170 221
170 251
170 442
170 459
170 658
170 692
170 756
170 760
170 766
170 824
170 831
170 856
170 912
173 375
173 420
173 486
173 495
173 748
173 758
173 881
173 885
173 902
173 933
173 938
173 944
174 194
174 216
174 289
174 354
174 402
174 435
174 457
174 536
174 686
174 736
174 941
175 273
175 460
175 491
175 565
175 580
175 602
175 758
175 842
175 874
175 880
175 966
175 973
175 985
176 322
176 446
176 533
176 599
176 649
176 713
176 793
176 806
176 949
176 955
176 989
177 360
177 364
177 678
177 695
177 717
177 857
177 872
177 879
177 894
177 956
178 184
178 473
178 518
178 600
178 612
178 692
178 756
178 760
178 766
178 803
178 824
178 856
178 912
179 218
179 550
179 720
179 733
179 784
179 785
179 845
179 917
179 926
179 973
179 980
179 990
180 355
180 547
180 676
180 738
180 750
180 801
180 829
180 862
180 904
180 924
180 936
180 938
182 234
182 406
182 447
182 491
182 515
182 591
182 770
182 881
182 885
182 898
182 933
182 940
182 944
184 303
184 456
184 555
184 588
184 612
184 721
184 752
184 778
184 858
184 870
184 875
184 968
185 374
185 392
185 520
185 554
185 689
185 790
185 903
185 904
185 953
185 960
185 964
185 987
185 994
186 242
186 513
186 682
186 687
186 724
186 727
186 816
186 843
186 853
186 873
186 877
186 959
186 999
187 583
187 631
187 666
187 745
187 823
187 841
187 886
187 893
187 894
187 941
187 967
187 991
187 998
188 412
188 484
188 830
188 863
188 869
188 908
188 943
188 947
188 977
188 993
188 997
189 322
189 352
189 465
189 533
189 565
189 649
189 676
189 834
189 872
189 949
189 955
189 989
190 610
190 762
190 812
190 863
190 869
190 908
190 925
190 943
190 947
190 962
190 977
190 993
190 997
191 282
191 374
191 620
191 739
191 772
191 790
191 903
191 953
191 960
191 964
191 984
191 987
191 994
193 426
193 552
193 561
193 628
193 651
193 670
193 862
193 904
193 924
193 936
193 938
194 210
194 216
194 289
194 354
194 402
194 435
194 457
194 496
194 686
194 736
194 767
194 967
195 225
195 461
195 551
195 584
195 669
195 670
195 705
195 715
195 860
195 898
195 907
195 964
196 401
196 549
196 617
196 658
196 692
196 756
196 803
196 824
196 856
196 912
196 947
197 303
197 319
197 405
197 581
197 612
197 721
197 778
197 795
197 800
197 858
197 870
197 875
197 968
198 461
198 584
198 655
198 657
198 669
198 705
198 715
198 860
198 898
198 907
198 982
199 223
199 286
199 685
199 709
199 752
199 753
199 809
199 829
199 859
199 868
199 915
199 920
199 942
201 364
201 443
201 608
201 678
201 695
201 717
201 879
201 894
201 956
202 208
202 357
202 379
202 527
202 657
202 759
202 849
202 895
202 900
202 911
202 929
202 996
203 241
203 353
203 663
203 716
203 747
203 777
203 787
203 846
203 848
203 872
203 974
203 981
204 241
204 315
204 353
204 546
204 597
204 754
204 777
204 826
204 846
204 848
204 872
204 974
204 981
205 236
205 357
205 505
205 551
205 584
205 669
205 705
205 715
205 845
205 860
205 898
205 907
205 930
206 219
206 263
206 593
206 601
206 606
206 636
206 852
206 938
207 361
207 370
207 668
207 709
207 734
207 752
207 809
207 825
207 829
207 859
207 868
207 910
207 920
207 942
208 216
208 379
208 521
208 642
208 707
208 794
208 843
208 850
208 911
208 929
208 934
208 996
209 397
209 547
209 628
209 651
209 670
209 690
209 750
209 801
209 862
209 904
209 924
209 936
209 938
210 280
210 402
210 435
210 457
210 496
210 614
210 616
210 686
210 698
210 736
212 254
212 529
212 541
212 573
212 604
212 698
212 699
212 810
212 814
212 835
212 847
212 948
212 977
214 597
214 620
214 636
214 638
214 694
214 772
214 790
214 903
214 953
214 960
214 964
214 987
214 994
215 258
215 282
215 298
215 334
215 517
215 615
215 661
215 725
215 755
215 795
215 855
215 876
215 883
215 964
216 262
216 280
216 289
216 435
216 457
216 496
216 613
216 686
216 736
216 756
217 436
217 440
217 442
217 494
217 532
217 630
217 703
217 818
217 851
217 878
217 928
217 930
218 274
218 617
218 683
218 720
218 733
218 845
218 852
218 910
218 917
218 926
218 990
218 998
219 263
219 304
219 593
219 601
219 606
219 636
219 840
219 879
220 379
220 558
220 568
220 613
220 646
220 681
220 797
220 818
220 827
220 871
220 901
220 906
220 949
220 965
221 438
221 473
221 518
221 549
221 756
221 758
221 760
221 766
221 824
221 856
221 912
221 920
222 582
222 628
222 651
222 702
222 750
222 789
222 801
222 862
222 904
222 924
222 936
222 938
222 950
223 561
223 580
223 740
223 758
223 808
223 846
223 897
223 966
223 973
223 985
225 335
225 357
225 505
225 541
225 551
225 584
225 669
225 705
225 715
225 860
225 898
225 907
226 485
226 547
226 552
226 628
226 651
226 750
226 789
226 802
226 862
226 904
226 924
226 936
226 938
227 235
227 243
227 463
227 510
227 537
227 622
227 700
227 740
227 887
227 889
227 918
227 959
229 654
229 718
229 756
229 781
229 822
229 874
229 882
229 884
229 897
229 927
229 945
229 951
229 962
229 975
230 240
230 557
230 660
230 747
230 781
230 822
230 874
230 882
230 884
230 930
230 945
230 951
230 962
230 975
231 252
231 320
231 602
231 741
231 817
231 819
231 842
231 866
231 919
231 956
231 966
231 985
233 303
233 369
233 378
233 465
233 612
233 721
233 800
233 858
233 870
233 875
233 925
233 968
234 448
234 491
234 515
234 645
234 655
234 709
234 748
234 874
234 881
234 885
234 933
234 940
234 944
235 243
235 326
235 463
235 537
235 580
235 622
235 700
235 740
235 889
235 918
236 456
236 505
236 541
236 551
236 584
236 669
236 705
236 715
236 860
236 895
236 898
236 907
238 382
238 682
238 687
238 749
238 828
238 836
238 853
238 860
238 873
238 877
238 890
238 953
238 959
239 444
239 718
239 747
239 765
239 822
239 874
239 882
239 884
239 890
239 893
239 945
239 951
239 962
239 975
240 314
240 476
240 487
240 531
240 682
240 687
240 706
240 767
240 813
240 828
240 836
240 853
240 892
241 354
241 392
241 424
241 642
241 783
241 787
241 847
241 848
241 872
241 890
241 974
241 981
242 409
242 486
242 488
242 588
242 639
242 682
242 724
242 828
242 836
242 853
242 890
242 892
242 959
243 463
243 537
243 622
243 700
243 740
243 889
243 918
243 927
244 279
244 366
244 511
244 653
244 666
244 757
244 823
244 893
244 925
244 941
244 967
244 991
244 998
246 376
246 546
246 663
246 672
246 777
246 783
246 787
246 846
246 872
246 974
246 981
247 287
247 327
247 609
247 617
247 635
247 683
247 720
247 733
247 784
247 845
247 852
247 917
247 926
247 990
248 453
248 646
248 739
248 787
248 830
248 863
248 869
248 908
248 932
248 943
248 947
248 977
248 993
248 997
249 303
249 335
249 430
249 463
249 566
249 612
249 721
249 778
249 800
249 858
249 870
249 875
249 968
250 650
250 742
250 825
250 833
250 854
250 891
250 905
250 910
250 913
250 923
250 953
250 957
250 980
251 369
251 378
251 566
251 588
251 612
251 778
251 800
251 858
251 870
251 875
251 964
251 968
252 640
252 702
252 757
252 768
252 777
252 831
252 860
252 927
252 932
252 979
252 982
252 984
252 988
254 256
254 464
254 541
254 604
254 607
254 610
254 621
254 699
254 810
254 814
254 835
254 847
254 948
256 529
256 542
256 573
256 698
256 699
256 810
256 814
256 835
256 847
256 936
256 940
256 948
257 374
257 484
257 600
257 638
257 671
257 689
257 846
257 903
257 917
257 953
257 960
257 964
257 987
257 994
258 327
258 342
258 419
258 543
258 615
258 755
258 795
258 799
258 855
258 876
258 883
259 502
259 600
259 620
259 635
259 684
259 732
259 883
259 941
259 949
259 953
259 960
259 964
259 987
259 994
260 499
260 657
260 757
260 768
260 799
260 802
260 831
260 922
260 932
260 967
260 979
260 982
260 984
260 988
261 562
261 686
261 719
261 739
261 762
261 830
261 863
261 869
261 908
261 943
261 947
261 977
261 993
261 997
262 271
262 289
262 354
262 383
262 402
262 435
262 457
262 496
262 652
262 686
262 736
263 593
263 601
263 606
263 636
263 655
263 911
263 949
265 390
265 596
265 709
265 736
265 752
265 753
265 761
265 809
265 829
265 859
265 868
265 920
265 942
265 996
269 330
269 407
269 410
269 412
269 519
269 561
269 562
269 627
269 662
269 769
269 774
269 776
269 816
269 993
270 489
270 550
270 609
270 617
270 720
270 739
270 784
270 785
270 852
270 859
270 882
270 917
270 926
270 990
271 356
271 609
271 656
271 666
271 683
271 720
271 733
271 785
271 845
271 852
271 917
271 926
271 990
272 382
272 401
272 487
272 572
272 652
272 662
272 687
272 727
272 749
272 836
272 853
272 877
272 959
273 310
273 341
273 431
273 506
273 561
273 582
273 741
273 751
273 808
273 817
273 866
273 985
274 277
274 342
274 609
274 683
274 784
274 785
274 845
274 861
274 917
274 926
274 990
276 395
276 424
276 426
276 449
276 454
276 482
276 485
276 510
276 564
276 592
276 716
276 751
276 754
277 326
277 432
277 608
277 678
277 804
277 834
277 879
277 894
277 956
278 326
278 432
278 443
278 608
278 678
278 695
278 808
278 817
278 879
278 892
278 894
278 956
279 314
279 439
279 513
279 606
279 652
279 687
279 727
279 828
279 836
279 838
279 877
279 892
279 959
280 289
280 354
280 402
280 435
280 457
280 496
280 686
280 736
280 784
282 342
282 496
282 567
282 605
282 615
282 725
282 734
282 755
282 855
282 876
282 883
286 291
286 466
286 512
286 570
286 707
286 743
286 770
286 849
286 850
286 895
286 898
286 911
286 934
286 996
287 400
287 405
287 579
287 633
287 694
287 757
287 795
287 886
287 893
287 925
287 941
287 967
287 991
287 998
289 354
289 402
289 496
289 543
289 686
289 736
289 894
289 901
290 390
290 495
290 596
290 668
290 685
290 700
290 752
290 753
290 809
290 829
290 859
290 868
290 920
290 942
290 989
291 337
291 452
291 770
291 794
291 850
291 900
291 911
291 929
291 934
291 960
291 996
293 376
293 411
293 579
293 639
293 666
293 683
293 725
293 745
293 763
293 804
293 823
293 893
293 944
293 991
293 998
294 304
294 346
294 371
294 394
294 445
294 458
294 544
294 623
294 701
294 710
294 713
294 771
295 459
295 544
295 556
295 558
295 613
295 646
295 691
295 779
295 797
295 818
295 827
295 871
295 901
295 906
295 965
297 395
297 556
297 568
297 613
297 646
297 691
297 797
297 810
297 818
297 827
297 871
297 901
297 906
297 965
297 984
298 344
298 536
298 600
298 725
298 734
298 735
298 755
298 795
298 855
298 876
298 883
298 908
299 395
299 426
299 449
299 454
299 482
299 485
299 510
299 564
299 592
299 667
299 690
299 716
299 751
299 754
299 991
300 332
300 390
300 489
300 668
300 685
300 695
300 709
300 752
300 753
300 809
300 829
300 859
300 868
300 920
300 942
302 399
302 424
302 468
302 546
302 642
302 663
302 777
302 783
302 846
302 848
302 872
302 926
302 934
302 974
302 981
303 456
303 588
303 612
303 800
303 858
303 862
303 870
303 875
303 967
303 968
304 346
304 371
304 394
304 445
304 458
304 479
304 544
304 572
304 623
304 701
304 710
304 713
306 401
306 415
306 459
306 473
306 549
306 658
306 756
306 793
306 803
306 824
306 856
306 912
306 922
307 336
307 493
307 520
307 578
307 587
307 644
307 663
307 690
307 715
307 761
307 784
307 840
307 844
307 857
307 909
309 403
309 428
309 492
309 576
309 659
309 706
309 775
309 779
309 861
309 865
309 886
309 889
309 983
309 1000
310 495
310 581
310 599
310 741
310 809
310 817
310 844
310 897
310 919
310 966
310 973
310 985
312 343
312 410
312 412
312 438
312 497
312 519
312 562
312 627
312 649
312 662
312 769
312 774
312 776
312 816
312 936
313 325
313 349
313 414
313 466
313 564
313 607
313 621
313 631
313 667
313 681
313 771
313 950
313 999
314 559
314 649
314 682
314 687
314 749
314 838
314 853
314 873
314 877
314 892
314 959
315 331
315 353
315 663
315 759
315 777
315 783
315 787
315 846
315 848
315 938
315 945
315 974
315 981
317 327
317 336
317 393
317 411
317 578
317 586
317 587
317 644
317 690
317 761
317 840
317 844
317 857
317 869
317 909
318 386
318 396
318 539
318 742
318 758
318 825
318 847
318 854
318 880
318 891
318 910
318 913
318 923
318 957
318 980
319 378
319 456
319 544
319 588
319 721
319 745
319 778
319 800
319 858
319 870
319 875
319 968
319 975
320 384
320 580
320 581
320 602
320 607
320 725
320 758
320 866
320 897
320 919
320 940
320 966
320 973
320 985
321 335
321 347
321 417
321 430
321 436
321 494
321 703
321 851
321 878
321 928
321 933
321 956
322 352
322 360
322 377
322 465
322 506
322 759
322 793
322 806
322 841
322 949
322 955
322 989
322 997
323 385
323 393
323 450
323 520
323 530
323 578
323 644
323 690
323 761
323 840
323 844
323 857
323 876
323 879
323 909
324 527
324 580
324 604
324 676
324 742
324 793
324 806
324 834
324 841
324 949
324 955
324 989
325 349
325 368
325 417
325 607
325 629
325 631
325 650
325 771
325 812
325 826
325 950
325 973
325 996
325 999
326 364
326 678
326 717
326 774
326 827
326 879
326 894
326 956
327 334
327 543
327 567
327 605
327 725
327 735
327 755
327 795
327 855
327 874
327 876
328 489
328 550
328 609
328 683
328 720
328 733
328 754
328 767
328 784
328 785
328 852
328 917
328 926
328 990
330 485
330 511
330 556
330 568
330 613
330 646
330 691
330 797
330 818
330 827
330 871
330 901
330 906
330 965
331 399
331 424
331 642
331 777
331 783
331 787
331 846
331 848
331 872
331 929
331 932
331 938
331 974
331 981
332 363
332 702
332 799
332 831
332 857
332 922
332 927
332 929
332 932
332 979
332 982
332 984
332 988
333 343
333 451
333 618
333 640
333 757
333 834
333 854
333 922
333 927
333 932
333 979
333 982
333 984
333 988
334 342
334 543
334 567
334 602
334 605
334 725
334 734
334 735
334 755
334 809
334 876
334 883
334 929
335 391
335 440
335 442
335 532
335 559
335 611
335 630
335 703
335 768
335 851
335 878
335 928
336 450
336 486
336 578
336 587
336 644
336 690
336 747
336 761
336 840
336 844
336 857
336 909
336 928
337 511
337 743
337 759
337 843
337 849
337 850
337 895
337 911
337 929
337 934
337 949
337 996
338 339
338 347
338 430
338 442
338 452
338 559
338 576
338 611
338 660
338 703
338 851
338 878
338 928
339 391
339 397
339 440
339 442
339 532
339 611
339 636
339 703
339 851
339 878
339 919
339 928
340 361
340 419
340 439
340 596
340 662
340 668
340 709
340 753
340 809
340 811
340 829
340 859
340 868
340 920
340 942
341 460
341 582
341 587
341 599
341 614
341 656
341 783
341 808
341 842
341 919
341 966
341 973
341 985
342 504
342 536
342 734
342 735
342 755
342 855
342 876
342 883
342 988
343 499
343 618
343 661
343 768
343 799
343 863
343 903
343 927
343 979
343 982
343 984
343 988
344 398
344 517
344 543
344 567
344 573
344 605
344 725
344 755
344 795
344 855
344 876
344 879
344 883
346 371
346 394
346 445
346 458
346 528
346 544
346 623
346 701
346 710
346 713
346 913
346 987
347 391
347 430
347 440
347 494
347 559
347 567
347 703
347 851
347 878
347 928
349 417
349 481
349 631
349 667
349 681
349 812
349 826
349 909
349 940
349 950
349 988
349 999
352 649
352 676
352 793
352 806
352 834
352 841
352 949
352 955
352 959
352 984
352 989
352 1000
353 429
353 642
353 777
353 787
353 822
353 846
353 848
353 872
353 919
353 944
353 974
353 981
354 402
354 435
354 457
354 496
354 686
354 691
354 736
354 788
355 379
355 547
355 628
355 651
355 670
355 738
355 766
355 789
355 801
355 862
355 904
355 924
355 936
355 938
355 962
356 379
356 479
356 512
356 653
356 657
356 794
356 807
356 843
356 849
356 895
356 900
356 911
356 934
357 359
357 461
357 505
357 551
357 584
357 669
357 705
357 715
357 860
357 898
357 907
357 942
358 550
358 656
358 683
358 720
358 733
358 784
358 785
358 845
358 852
358 890
358 917
358 926
358 975
358 990
359 403
359 414
359 421
359 492
359 576
359 672
359 775
359 779
359 861
359 865
359 895
359 983
359 1000
360 364
360 432
360 521
360 608
360 659
360 678
360 717
360 879
360 894
360 956
360 965
361 370
361 453
361 668
361 685
361 752
361 753
361 809
361 829
361 859
361 862
361 868
361 920
361 942
361 996
362 363
362 532
362 702
362 802
362 811
362 814
362 831
362 922
362 927
362 932
362 979
362 981
362 982
362 984
362 988
363 619
363 621
363 661
363 757
363 768
363 799
363 831
363 920
363 932
363 979
363 982
363 984
363 988
364 445
364 608
364 695
364 750
364 879
364 894
364 936
364 956
365 476
365 488
365 513
365 517
365 550
365 687
365 813
365 828
365 838
365 853
365 873
365 892
365 959
366 444
366 504
366 633
366 639
366 718
366 745
366 763
366 802
366 804
366 823
366 870
366 941
366 967
366 991
366 998
368 437
368 481
368 505
368 607
368 629
368 631
368 667
368 771
368 812
368 850
368 907
368 950
368 999
369 566
369 588
369 721
369 777
369 778
369 800
369 831
369 858
369 870
369 875
369 894
369 968
370 371
370 471
370 596
370 709
370 752
370 753
370 809
370 829
370 848
370 859
370 868
370 920
370 942
370 948
371 394
371 445
371 458
371 544
371 554
371 623
371 701
371 710
371 713
371 825
372 534
372 545
372 570
372 673
372 760
372 767
372 788
372 819
372 820
372 865
372 887
372 888
372 915
372 930
374 528
374 566
374 638
374 681
374 732
374 772
374 790
374 903
374 953
374 960
374 964
374 987
374 994
375 406
375 447
375 491
375 645
375 688
375 765
375 771
375 881
375 885
375 902
375 933
375 940
375 944
376 504
376 581
376 583
376 666
376 694
376 763
376 886
376 893
376 904
376 925
376 941
376 967
376 991
376 998
377 388
377 446
377 452
377 465
377 471
377 527
377 649
377 676
377 793
377 834
377 849
377 949
377 955
377 989
378 566
378 612
378 721
378 778
378 800
378 810
378 858
378 870
378 875
378 923
378 968
379 452
379 743
379 794
379 843
379 850
379 900
379 929
379 934
379 982
379 996
382 385
382 513
382 531
382 572
382 627
382 652
382 705
382 828
382 836
382 838
382 853
382 873
382 892
382 927
383 400
383 405
383 633
383 653
383 745
383 804
383 868
383 886
383 893
383 923
383 941
383 967
383 991
383 998
384 437
384 460
384 539
384 582
384 741
384 808
384 811
384 817
384 842
384 866
384 897
384 919
384 966
384 973
385 472
385 488
385 531
385 724
385 727
385 738
385 836
385 838
385 853
385 873
385 877
385 890
385 903
385 959
386 388
386 510
386 557
386 616
386 641
386 721
386 825
386 880
386 891
386 905
386 913
386 923
386 957
386 980
388 448
388 528
388 628
388 641
388 742
388 833
388 880
388 891
388 905
388 910
388 913
388 923
388 957
388 980
390 403
390 596
390 631
390 668
390 685
390 753
390 809
390 829
390 856
390 859
390 868
390 920
390 942
391 436
391 440
391 513
391 532
391 559
391 580
391 601
391 630
391 703
391 713
391 851
391 878
391 928
392 424
392 429
392 663
392 777
392 783
392 836
392 846
392 848
392 872
392 943
392 974
392 981
393 493
393 520
393 586
393 587
393 644
393 690
393 761
393 838
393 840
393 844
393 857
393 861
393 893
393 909
394 445
394 458
394 544
394 623
394 701
394 710
394 713
394 784
394 819
394 891
395 426
395 449
395 454
395 482
395 485
395 510
395 564
395 592
395 716
395 751
395 754
395 801
396 557
396 650
396 770
396 825
396 854
396 879
396 880
396 891
396 892
396 905
396 910
396 913
396 923
396 957
396 980
397 597
397 620
397 638
397 671
397 772
397 790
397 903
397 924
397 953
397 960
397 964
397 987
397 994
398 414
398 437
398 447
398 481
398 607
398 629
398 667
398 771
398 812
398 826
398 950
398 999
399 400
399 546
399 642
399 698
399 787
399 846
399 848
399 872
399 875
399 974
399 981
399 999
400 444
400 579
400 703
400 779
400 804
400 858
400 886
400 893
400 925
400 941
400 967
400 991
400 998
401 459
401 473
401 658
401 692
401 742
401 756
401 760
401 766
401 789
401 803
401 824
401 856
401 912
402 408
402 413
402 496
402 686
402 736
402 938
403 576
403 615
403 641
403 659
403 672
403 706
403 775
403 779
403 861
403 865
403 871
403 983
403 1000
405 486
405 504
405 583
405 653
405 694
405 763
405 886
405 925
405 941
405 967
405 991
405 998
406 487
406 495
406 500
406 525
406 591
406 645
406 688
406 819
406 881
406 902
406 918
406 933
406 940
406 944
407 438
407 464
407 497
407 519
407 627
407 661
407 662
407 763
407 769
407 774
407 776
407 816
407 948
408 546
408 610
408 719
408 739
408 762
408 830
408 863
408 869
408 908
408 943
408 947
408 977
408 993
408 996
408 997
409 572
409 687
409 724
409 749
409 765
409 813
409 828
409 836
409 838
409 853
409 877
409 890
409 892
409 906
410 438
410 464
410 497
410 562
410 591
410 627
410 662
410 769
410 774
410 776
410 816
410 948
410 966
411 444
411 489
411 579
411 639
411 745
411 804
411 893
411 906
411 925
411 941
411 967
411 991
411 998
412 438
412 497
412 519
412 562
412 627
412 662
412 769
412 774
412 776
412 816
412 898
412 936
413 427
413 475
413 542
413 552
413 573
413 604
413 621
413 698
413 699
413 810
413 814
413 835
413 847
413 948
414 437
414 631
414 667
414 688
414 771
414 811
414 812
414 826
414 950
414 999
415 459
415 473
415 549
415 658
415 756
415 760
415 766
415 803
415 824
415 856
415 912
415 984
415 1000
416 446
416 533
416 649
416 676
416 793
416 806
416 834
416 841
416 902
416 940
416 949
416 951
416 955
416 989
417 481
417 629
417 631
417 667
417 681
417 771
417 812
417 869
417 950
417 999
418 428
418 576
418 626
418 659
418 672
418 689
418 706
418 775
418 779
418 861
418 865
418 872
418 919
418 983
418 1000
419 420
419 471
419 578
419 596
419 649
419 668
419 685
419 709
419 752
419 809
419 829
419 859
419 868
419 920
419 942
420 479
420 486
420 500
420 556
420 645
420 655
420 688
420 748
420 881
420 885
420 902
420 940
420 944
421 449
421 497
421 511
421 576
421 659
421 672
421 775
421 779
421 861
421 865
421 983
421 991
421 1000
422 464
422 513
422 547
422 552
422 670
422 733
422 738
422 750
422 789
422 801
422 862
422 904
422 924
422 936
422 938
424 429
424 546
424 584
424 642
424 777
424 787
424 846
424 848
424 872
424 960
424 974
424 981
425 597
425 600
425 646
425 671
425 684
425 689
425 704
425 772
425 790
425 903
425 932
425 953
425 960
425 964
425 987
425 994
426 449
426 454
426 482
426 485
426 510
426 558
426 564
426 592
426 635
426 716
426 751
426 754
426 900
427 472
427 475
427 541
427 573
427 604
427 621
427 698
427 699
427 733
427 810
427 814
427 835
427 847
427 948
427 955
428 439
428 511
428 576
428 583
428 659
428 672
428 706
428 775
428 779
428 861
428 865
428 973
428 980
428 983
428 1000
429 484
429 546
429 661
429 663
429 724
429 777
429 783
429 787
429 846
429 848
429 872
429 908
429 974
429 981
430 436
430 494
430 532
430 559
430 611
430 630
430 851
430 878
430 880
430 928
430 948
431 460
431 580
431 581
431 599
431 614
431 709
431 718
431 758
431 776
431 842
431 866
431 919
431 973
431 985
432 608
432 678
432 695
432 706
432 717
432 879
432 894
432 897
432 903
432 933
432 956
433 451
433 534
433 545
433 570
433 673
433 767
433 788
433 807
433 819
433 820
433 887
433 888
433 915
433 930
433 966
433 987
435 496
435 686
435 694
435 736
435 776
436 442
436 518
436 559
436 663
436 703
436 878
436 928
437 516
437 527
437 607
437 629
437 631
437 667
437 681
437 771
437 812
437 826
437 950
437 999
438 497
438 562
438 627
438 662
438 769
438 774
438 776
438 804
438 816
438 910
439 492
439 576
439 659
439 672
439 706
439 775
439 779
439 824
439 861
439 865
439 983
439 1000
440 494
440 559
440 611
440 630
440 703
440 851
440 878
440 928
440 973
440 981
440 991
442 532
442 611
442 630
442 703
442 851
442 878
442 928
442 940
443 520
443 608
443 678
443 695
443 717
443 879
443 894
443 942
443 956
443 983
444 557
444 583
444 639
444 653
444 745
444 823
444 831
444 886
444 929
444 941
444 967
444 991
444 998
445 458
445 544
445 623
445 668
445 684
445 701
445 710
445 713
446 465
446 586
446 676
446 740
446 793
446 806
446 841
446 884
446 949
446 955
446 989
447 448
447 553
447 591
447 605
447 688
447 748
447 871
447 881
447 902
447 933
447 940
447 944
448 486
448 500
448 591
448 645
448 688
448 748
448 881
448 885
448 902
448 933
448 940
448 944
448 981
448 984
449 454
449 482
449 485
449 510
449 564
449 592
449 716
449 751
449 754
449 770
449 965
450 493
450 520
450 530
450 586
450 644
450 670
450 690
450 761
450 838
450 840
450 844
450 857
450 909
450 940
450 977
451 462
451 534
451 545
451 570
451 673
451 767
451 788
451 819
451 820
451 883
451 887
451 888
451 915
451 930
452 466
452 512
452 759
452 794
452 843
452 849
452 884
452 895
452 911
452 929
452 934
452 996
453 456
453 610
453 719
453 739
453 762
453 863
453 869
453 908
453 943
453 947
453 977
453 993
453 997
454 482
454 485
454 510
454 564
454 591
454 592
454 716
454 751
454 754
454 814
454 860
456 566
456 588
456 612
456 721
456 778
456 800
456 858
456 870
456 875
456 881
456 968
457 496
457 558
457 686
457 736
457 823
457 955
458 544
458 623
458 701
458 710
458 713
458 767
458 822
458 886
459 615
459 658
459 692
459 756
459 760
459 766
459 803
459 856
459 912
459 941
459 959
460 602
460 741
460 775
460 808
460 817
460 866
460 885
460 897
460 919
460 966
460 973
460 985
460 994
461 492
461 505
461 584
461 669
461 705
461 715
461 853
461 860
461 898
461 907
461 968
462 534
462 545
462 570
462 601
462 673
462 676
462 710
462 767
462 788
462 819
462 820
462 887
462 888
462 915
462 930
463 537
463 622
463 700
463 740
463 889
463 918
463 987
464 497
464 519
464 562
464 627
464 662
464 706
464 741
464 769
464 774
464 776
464 816
465 506
465 556
465 635
465 676
465 834
465 841
465 934
465 949
465 955
465 989
466 690
466 743
466 770
466 785
466 843
466 849
466 852
466 895
466 900
466 911
466 929
466 934
466 996
468 502
468 597
468 600
468 638
468 671
468 684
468 732
468 790
468 884
468 903
468 953
468 960
468 964
468 987
468 994
468 999
471 596
471 662
471 668
471 685
471 709
471 749
471 752
471 753
471 809
471 829
471 859
471 868
471 920
471 942
472 475
472 529
472 541
472 542
472 573
472 604
472 621
472 698
472 699
472 704
472 797
472 810
472 814
472 835
472 847
472 948
473 518
473 658
473 692
473 756
473 760
473 803
473 824
473 856
473 912
473 959
475 529
475 542
475 573
475 698
475 699
475 810
475 814
475 835
475 847
475 858
475 869
475 888
475 948
476 487
476 488
476 587
476 724
476 749
476 813
476 828
476 836
476 853
476 873
476 877
476 890
476 892
476 926
476 959
479 512
479 657
479 704
479 807
479 848
479 849
479 850
479 895
479 900
479 911
479 929
479 934
479 996
481 607
481 614
481 667
481 681
481 771
481 812
481 817
481 826
481 912
481 950
481 998
481 999
482 485
482 510
482 564
482 592
482 716
482 735
482 751
482 754
482 765
482 955
484 610
484 719
484 739
484 743
484 830
484 863
484 869
484 908
484 943
484 947
484 977
484 993
484 997
485 510
485 564
485 582
485 592
485 673
485 716
485 751
485 754
486 495
486 500
486 553
486 645
486 655
486 769
486 881
486 885
486 902
486 933
486 940
486 944
487 652
487 682
487 724
487 749
487 813
487 820
487 836
487 838
487 873
487 877
487 890
487 892
487 959
487 999
488 531
488 642
488 652
488 724
488 727
488 813
488 814
488 824
488 853
488 873
488 877
488 959
488 975
489 578
489 617
489 656
489 720
489 733
489 784
489 785
489 845
489 852
489 917
489 926
489 990
491 525
491 553
491 591
491 628
491 654
491 688
491 748
491 847
491 881
491 885
491 902
491 933
491 940
491 944
492 576
492 614
492 659
492 661
492 667
492 706
492 775
492 779
492 861
492 865
492 964
492 983
492 1000
493 530
493 586
493 587
493 644
493 690
493 754
493 761
493 835
493 840
493 842
493 844
493 857
493 909
494 532
494 550
494 559
494 592
494 611
494 630
494 703
494 738
494 757
494 851
494 878
494 928
495 525
495 591
495 645
495 655
495 688
495 748
495 881
495 885
495 902
495 933
495 940
495 944
495 994
496 658
496 686
496 736
496 922
497 519
497 562
497 627
497 662
497 769
497 774
497 776
497 797
497 816
497 887
497 994
499 516
499 619
499 640
499 654
499 661
499 768
499 811
499 814
499 884
499 922
499 927
499 932
499 979
499 982
499 984
500 553
500 645
500 748
500 772
500 881
500 885
500 902
500 933
500 940
500 943
500 944
500 1000
501 579
501 653
501 694
501 745
501 763
501 804
501 823
501 875
501 886
501 925
501 932
501 941
501 962
501 967
501 991
501 998
502 554
502 635
502 671
502 684
502 732
502 749
502 752
502 790
502 903
502 953
502 960
502 964
502 987
502 994
504 516
504 579
504 583
504 745
504 763
504 823
504 878
504 893
504 925
504 941
504 967
504 991
504 998
505 547
505 551
505 584
505 607
505 669
505 705
505 715
505 733
505 860
505 898
505 907
506 527
506 533
506 676
506 682
506 755
506 793
506 806
506 834
506 949
506 955
506 989
510 564
510 592
510 636
510 716
510 751
510 754
511 576
511 626
511 659
511 672
511 706
511 779
511 861
511 865
511 983
511 1000
512 521
512 611
512 807
512 843
512 849
512 892
512 895
512 911
512 929
512 934
512 988
512 996
513 572
513 749
513 828
513 836
513 853
513 868
513 873
513 877
513 890
513 892
513 955
513 959
515 525
515 553
515 591
515 645
515 655
515 748
515 881
515 885
515 902
515 933
515 940
515 944
515 1000
516 660
516 704
516 718
516 747
516 765
516 781
516 807
516 822
516 874
516 882
516 884
516 945
516 951
516 962
516 975
517 536
517 543
517 567
517 615
517 620
517 725
517 735
517 755
517 855
517 876
517 883
517 888
518 549
518 658
518 692
518 756
518 760
518 766
518 803
518 824
518 853
518 856
518 912
518 974
519 562
519 627
519 638
519 662
519 703
519 769
519 774
519 776
519 816
519 823
520 578
520 587
520 644
520 690
520 761
520 840
520 844
520 857
520 869
520 909
521 530
521 657
521 759
521 770
521 794
521 800
521 850
521 895
521 900
521 911
521 923
521 929
521 934
521 996
525 553
525 581
525 591
525 655
525 688
525 881
525 885
525 902
525 933
525 940
525 944
525 997
525 999
527 533
527 649
527 793
527 806
527 834
527 841
527 859
527 949
527 955
527 989
528 531
528 616
528 650
528 825
528 833
528 854
528 880
528 891
528 905
528 910
528 913
528 923
528 957
528 980
529 541
529 542
529 573
529 604
529 621
529 698
529 699
529 807
529 810
529 814
529 835
529 847
529 918
529 948
530 578
530 586
530 587
530 644
530 685
530 690
530 761
530 814
530 840
530 844
530 857
530 909
530 990
531 572
531 652
531 682
531 724
531 813
531 836
531 838
531 873
531 877
531 890
531 973
531 982
531 998
532 559
532 611
532 844
532 851
532 855
532 878
532 928
533 539
533 649
533 676
533 806
533 827
533 834
533 841
533 891
533 911
533 949
533 955
533 989
534 545
534 570
534 673
534 767
534 788
534 819
534 820
534 822
534 861
534 887
534 888
534 906
534 915
534 930
536 567
536 605
536 615
536 725
536 735
536 747
536 755
536 795
536 855
536 876
536 883
536 941
536 997
537 549
537 552
537 622
537 700
537 740
537 822
537 889
537 918
539 561
539 565
539 580
539 581
539 599
539 614
539 717
539 842
539 866
539 919
539 966
539 973
539 983
539 985
541 542
541 621
541 692
541 698
541 699
541 803
541 810
541 814
541 835
541 847
541 948
542 604
542 621
542 698
542 699
542 803
542 810
542 814
542 835
542 847
542 866
542 873
542 926
542 948
543 567
543 576
543 609
543 725
543 735
543 795
543 855
543 883
543 989
544 623
544 701
544 710
544 713
544 848
544 919
545 570
545 572
545 673
545 740
545 767
545 788
545 819
545 820
545 887
545 888
545 915
545 930
545 980
546 642
546 663
546 734
546 783
546 787
546 813
546 846
546 872
546 974
546 981
547 628
547 651
547 670
547 738
547 750
547 789
547 860
547 904
547 912
547 924
547 936
547 938
547 988
549 658
549 692
549 756
549 760
549 766
549 824
549 829
549 856
549 912
549 945
550 609
550 617
550 683
550 720
550 733
550 784
550 845
550 852
550 854
550 917
550 926
550 930
550 990
551 584
551 669
551 705
551 715
551 785
551 827
551 835
551 860
551 898
551 907
551 991
552 628
552 670
552 738
552 750
552 789
552 801
552 862
552 904
552 924
552 936
552 938
553 639
553 655
553 688
553 700
553 748
553 885
553 887
553 902
553 933
553 940
553 944
553 998
554 620
554 668
554 671
554 684
554 689
554 732
554 790
554 819
554 903
554 953
554 960
554 964
554 982
554 987
554 994
555 654
555 660
555 704
555 718
555 747
555 765
555 781
555 794
555 822
555 851
555 874
555 882
555 884
555 902
555 945
555 951
555 962
555 975
556 558
556 568
556 613
556 646
556 686
556 797
556 818
556 827
556 871
556 901
556 906
556 965
557 640
557 641
557 742
557 825
557 833
557 854
557 880
557 891
557 905
557 910
557 913
557 923
557 950
557 957
557 980
558 568
558 613
558 646
558 691
558 797
558 818
558 827
558 871
558 901
558 906
558 965
559 611
559 630
559 703
559 851
559 878
559 928
559 929
559 934
561 581
561 602
561 758
561 808
561 817
561 842
561 866
561 897
561 919
561 973
561 985
561 993
562 584
562 627
562 662
562 769
562 774
562 776
562 797
562 816
564 592
564 716
564 751
564 754
564 843
564 902
564 979
565 580
565 581
565 582
565 599
565 614
565 741
565 808
565 817
565 897
565 919
565 966
565 973
565 985
566 588
566 612
566 655
566 721
566 778
566 800
566 858
566 870
566 875
566 890
566 938
566 968
567 725
567 734
567 735
567 755
567 795
567 806
567 855
567 876
567 883
568 613
568 646
568 691
568 727
568 797
568 810
568 818
568 827
568 871
568 901
568 906
568 965
568 967
570 673
570 767
570 770
570 781
570 788
570 819
570 820
570 865
570 887
570 888
570 915
570 930
572 682
572 695
572 724
572 725
572 727
572 813
572 836
572 838
572 853
572 877
572 890
572 892
572 959
573 604
573 619
573 621
573 698
573 699
573 810
573 814
573 834
573 835
573 847
573 886
573 948
576 672
576 715
576 775
576 861
576 865
576 926
576 983
576 1000
578 586
578 587
578 644
578 690
578 747
578 761
578 840
578 844
578 851
578 857
578 909
579 633
579 666
579 671
579 694
579 707
579 788
579 804
579 886
579 898
579 925
579 941
579 967
579 991
579 998
580 581
580 582
580 741
580 758
580 897
580 943
580 966
580 973
580 985
581 599
581 602
581 614
581 758
581 842
581 897
581 919
581 973
582 687
582 741
582 758
582 808
582 817
582 842
582 877
582 897
582 919
582 966
582 973
583 639
583 666
583 745
583 804
583 886
583 893
583 915
583 925
583 941
583 967
583 991
583 993
583 998
584 669
584 705
584 715
584 860
584 880
584 898
584 907
586 587
586 592
586 644
586 690
586 761
586 840
586 844
586 857
586 905
586 909
586 980
587 644
587 690
587 761
587 840
587 844
587 857
587 909
588 591
588 721
588 778
588 800
588 804
588 858
588 870
588 875
588 917
588 968
591 655
591 682
591 885
591 902
591 933
591 940
591 944
592 687
592 716
592 751
592 754
593 601
593 606
593 628
593 636
593 749
593 778
593 980
596 600
596 685
596 752
596 753
596 809
596 829
596 859
596 868
596 920
596 942
596 956
596 967
596 987
597 620
597 635
597 671
597 684
597 750
597 772
597 790
597 804
597 953
597 960
597 962
597 964
597 987
597 994
599 602
599 609
599 817
599 842
599 866
599 897
599 945
599 966
599 973
599 985
599 990
600 638
600 684
600 689
600 732
600 772
600 790
600 878
600 903
600 953
600 960
600 964
600 987
600 994
601 606
601 617
601 636
601 671
602 614
602 681
602 718
602 741
602 808
602 817
602 901
602 966
602 973
604 621
604 698
604 699
604 810
604 814
604 817
604 828
604 835
604 847
604 926
604 948
605 615
605 725
605 734
605 735
605 755
605 795
605 812
605 876
605 883
605 923
606 636
606 734
606 980
607 681
607 771
607 812
607 826
607 858
607 950
607 999
608 640
608 852
608 879
608 894
608 911
608 956
609 617
609 626
609 656
609 683
609 745
609 785
609 831
609 845
609 852
609 917
609 926
609 990
610 719
610 739
610 762
610 804
610 830
610 863
610 869
610 895
610 908
610 918
610 943
610 947
610 977
610 993
610 997
611 630
611 657
611 740
611 851
611 878
611 928
612 778
612 800
612 858
612 870
612 875
612 909
612 968
612 979
612 985
613 666
613 687
613 691
613 755
613 769
613 797
613 818
613 827
613 871
613 901
613 906
613 965
614 751
614 758
614 842
614 866
614 890
614 897
614 919
614 966
614 985
615 690
615 725
615 734
615 735
615 755
615 795
615 807
615 855
615 876
615 878
615 883
616 641
616 650
616 742
616 833
616 843
616 854
616 880
616 891
616 905
616 910
616 913
616 923
616 957
616 974
616 980
617 656
617 683
617 703
617 720
617 733
617 784
617 785
617 845
617 852
617 917
617 926
617 990
618 702
618 738
618 757
618 761
618 768
618 799
618 802
618 811
618 862
618 922
618 927
618 932
618 979
618 982
618 984
618 988
619 621
619 640
619 661
619 768
619 799
619 802
619 811
619 831
619 881
619 900
619 922
619 927
619 932
619 979
619 982
619 984
619 988
620 635
620 671
620 684
620 689
620 710
620 732
620 840
620 903
620 904
620 953
620 960
620 964
620 987
620 994
621 698
621 699
621 810
621 814
621 835
621 847
621 906
621 948
622 700
622 740
622 790
622 799
622 889
622 918
623 701
623 706
623 710
623 713
623 855
623 905
623 994
626 654
626 660
626 704
626 718
626 725
626 747
626 749
626 765
626 781
626 822
626 874
626 882
626 884
626 945
626 951
626 962
626 975
627 662
627 682
627 769
627 774
627 776
627 816
627 875
627 988
628 670
628 738
628 750
628 789
628 801
628 862
628 904
628 924
628 936
628 938
629 631
629 667
629 681
629 754
629 771
629 812
629 820
629 826
629 889
629 920
629 950
629 999
630 703
630 777
630 806
630 820
630 851
630 878
630 928
631 681
631 771
631 801
631 826
631 941
631 950
631 999
633 639
633 653
633 745
633 763
633 778
633 804
633 823
633 826
633 886
633 893
633 902
633 925
633 941
633 967
633 991
633 998
635 638
635 671
635 684
635 689
635 732
635 772
635 790
635 903
635 953
635 960
635 964
635 987
635 994
636 715
638 684
638 689
638 732
638 743
638 772
638 789
638 790
638 903
638 953
638 960
638 964
638 987
638 994
639 658
639 666
639 694
639 763
639 804
639 830
639 835
639 893
639 925
639 941
639 967
639 991
639 998
640 702
640 739
640 757
640 768
640 799
640 802
640 811
640 922
640 927
640 932
640 979
640 982
640 984
640 988
641 650
641 742
641 767
641 825
641 833
641 854
641 880
641 891
641 905
641 910
641 913
641 923
641 957
641 980
641 983
641 994
642 663
642 755
642 783
642 787
642 846
642 868
642 872
642 960
642 974
642 981
644 690
644 750
644 761
644 829
644 840
644 844
644 857
644 887
644 909
644 918
645 688
645 692
645 719
645 724
645 885
645 902
645 933
645 940
645 944
645 964
646 689
646 691
646 797
646 818
646 827
646 871
646 901
646 906
646 965
646 968
649 775
649 806
649 834
649 841
649 920
649 949
649 955
649 989
650 742
650 825
650 833
650 854
650 879
650 880
650 891
650 905
650 910
650 913
650 923
650 951
650 957
650 980
651 670
651 721
651 750
651 801
651 862
651 904
651 924
651 936
651 938
652 724
652 749
652 776
652 813
652 828
652 836
652 838
652 853
652 873
652 877
652 890
652 927
652 959
653 694
653 745
653 763
653 804
653 823
653 844
653 886
653 893
653 918
653 941
653 967
653 991
653 998
654 660
654 704
654 718
654 747
654 758
654 765
654 781
654 822
654 874
654 882
654 884
654 911
654 945
654 951
654 962
654 975
655 688
655 748
655 822
655 881
655 885
655 902
655 933
655 940
655 944
656 683
656 720
656 784
656 785
656 845
656 852
656 915
656 917
656 926
656 957
656 990
657 707
657 743
657 759
657 770
657 794
657 807
657 843
657 849
657 850
657 900
657 911
657 929
657 996
658 756
658 760
658 803
658 824
658 842
658 856
658 912
658 966
659 672
659 706
659 740
659 775
659 779
659 861
659 865
659 928
659 983
659 1000
660 704
660 718
660 747
660 753
660 765
660 781
660 785
660 822
660 874
660 882
660 884
660 945
660 951
660 962
660 975
661 702
661 757
661 799
661 802
661 811
661 922
661 927
661 932
661 975
661 979
661 982
661 984
661 988
662 688
662 769
662 774
662 776
662 816
663 777
663 783
663 787
663 846
663 848
663 855
663 872
663 905
663 933
663 974
663 981
666 763
666 823
666 853
666 886
666 893
666 925
666 941
666 967
666 989
666 991
666 998
667 685
667 771
667 812
667 826
667 833
667 902
667 950
667 999
668 685
668 709
668 752
668 753
668 809
668 829
668 859
668 868
668 920
668 942
668 974
669 705
669 715
669 745
669 794
669 860
669 898
669 907
670 738
670 750
670 789
670 862
670 900
670 904
670 924
670 936
670 938
670 977
671 689
671 732
671 772
671 811
671 903
671 912
671 953
671 960
671 964
671 987
671 994
672 678
672 775
672 779
672 861
672 865
672 872
672 983
672 1000
673 692
673 758
673 767
673 788
673 819
673 820
673 887
673 888
673 915
673 930
673 953
676 793
676 817
676 834
676 841
676 855
676 949
676 955
676 989
678 695
678 717
678 794
678 879
678 894
678 929
678 956
681 771
681 812
681 826
681 859
681 950
681 999
682 687
682 724
682 727
682 756
682 813
682 828
682 836
682 838
682 853
682 890
682 892
682 959
683 720
683 733
683 785
683 845
683 917
683 926
683 947
683 950
683 990
684 689
684 732
684 757
684 760
684 772
684 790
684 960
684 964
684 987
684 994
685 709
685 752
685 753
685 809
685 829
685 838
685 859
685 865
685 868
685 920
685 942
686 694
686 736
686 800
686 928
687 727
687 749
687 813
687 828
687 836
687 838
687 873
687 877
687 890
687 959
688 748
688 881
688 885
688 908
688 927
688 933
688 940
688 944
689 732
689 772
689 897
689 903
689 953
689 960
689 964
689 987
689 994
689 996
690 761
690 840
690 844
690 857
690 909
691 698
691 750
691 797
691 818
691 827
691 871
691 883
691 901
691 906
691 965
691 968
692 752
692 756
692 760
692 766
692 803
692 824
692 856
692 877
692 912
694 763
694 804
694 823
694 886
694 893
694 925
694 941
694 942
694 983
694 991
694 998
695 717
695 808
695 879
695 883
695 894
695 956
698 699
698 810
698 814
698 835
698 847
698 891
698 948
699 808
699 810
699 814
699 835
699 847
699 892
699 948
699 984
700 740
700 781
700 836
700 889
700 918
701 707
701 710
701 713
701 783
701 856
701 975
702 705
702 757
702 811
702 831
702 871
702 922
702 927
702 932
702 979
702 982
702 984
702 988
703 851
703 871
703 878
703 928
704 718
704 747
704 765
704 781
704 793
704 822
704 874
704 882
704 884
704 945
704 951
704 962
704 975
705 715
705 860
705 898
705 907
705 912
706 775
706 861
706 865
706 906
706 983
706 1000
707 743
707 759
707 770
707 794
707 807
707 843
707 849
707 850
707 895
707 900
707 911
707 929
707 934
707 949
707 980
707 996
709 752
709 753
709 809
709 829
709 859
709 868
709 882
709 920
709 942
709 950
710 713
710 828
710 910
710 911
713 848
713 909
713 945
715 720
715 850
715 860
715 898
715 907
716 751
716 754
716 874
716 881
716 910
717 756
717 828
717 879
717 894
717 928
717 953
717 956
718 747
718 763
718 765
718 781
718 822
718 874
718 882
718 884
718 945
718 951
718 962
718 975
719 739
719 762
719 825
719 830
719 858
719 863
719 866
719 869
719 908
719 924
719 943
719 947
719 977
719 993
719 997
720 733
720 772
720 784
720 785
720 807
720 852
720 917
720 926
720 990
721 778
721 800
721 801
721 858
721 870
721 875
721 890
721 968
724 732
724 749
724 813
724 838
724 853
724 873
724 877
724 892
724 959
724 960
725 734
725 735
725 795
725 855
725 876
725 883
727 735
727 749
727 813
727 828
727 838
727 853
727 873
727 877
727 888
727 890
727 892
727 959
727 987
732 772
732 790
732 868
732 870
732 888
732 903
732 953
732 960
732 964
732 987
732 994
733 766
733 784
733 785
733 845
733 852
733 866
733 917
733 926
733 990
734 735
734 755
734 795
734 855
734 876
734 883
734 887
734 944
735 795
735 853
735 855
735 876
735 883
735 898
736 766
736 824
736 922
736 933
738 743
738 759
738 789
738 801
738 862
738 904
738 924
738 936
738 938
739 762
739 789
739 830
739 863
739 869
739 908
739 943
739 947
739 977
739 993
739 996
739 997
740 889
740 918
741 742
741 758
741 765
741 808
741 817
741 842
741 897
741 919
741 966
741 973
741 985
742 825
742 833
742 854
742 880
742 891
742 905
742 910
742 913
742 917
742 923
742 957
742 980
743 759
743 770
743 794
743 806
743 807
743 843
743 849
743 900
743 911
743 929
743 934
745 763
745 803
745 804
745 893
745 925
745 941
745 967
745 991
745 998
747 751
747 765
747 781
747 822
747 874
747 882
747 884
747 945
747 951
747 962
747 975
748 788
748 790
748 881
748 885
748 902
748 933
748 940
748 944
748 990
749 813
749 828
749 836
749 838
749 873
749 877
749 890
749 892
749 959
749 982
750 789
750 801
750 862
750 904
750 923
750 924
750 936
750 938
751 754
751 777
752 753
752 809
752 829
752 851
752 859
752 868
752 897
752 920
752 942
753 755
753 809
753 829
753 859
753 868
753 920
753 942
753 950
753 955
753 998
754 849
755 795
755 806
755 855
755 876
755 883
756 760
756 766
756 803
756 824
756 856
756 912
756 949
757 760
757 799
757 802
757 811
757 922
757 927
757 932
757 979
757 982
757 984
757 988
758 817
758 866
758 897
758 919
758 966
758 973
758 985
759 770
759 794
759 795
759 807
759 812
759 843
759 849
759 850
759 895
759 900
759 911
759 929
759 934
759 996
760 766
760 770
760 803
760 856
760 912
761 825
761 840
761 844
761 857
761 909
762 765
762 774
762 824
762 830
762 845
762 863
762 869
762 891
762 908
762 943
762 947
762 977
762 993
762 997
763 804
763 823
763 886
763 893
763 925
763 951
763 967
763 989
763 991
763 998
765 781
765 822
765 874
765 882
765 884
765 945
765 951
765 962
765 975
766 803
766 824
766 842
766 856
766 912
767 788
767 819
767 820
767 887
767 888
767 915
767 930
768 802
768 811
768 831
768 913
768 922
768 927
768 932
768 964
768 979
768 982
768 984
768 988
769 774
769 776
769 816
769 818
770 794
770 807
770 843
770 849
770 900
770 911
770 929
770 934
770 996
771 772
771 812
771 826
771 918
771 949
771 950
771 999
772 893
772 903
772 925
772 953
772 960
772 964
772 987
772 994
774 776
774 816
774 911
774 940
775 779
775 825
775 844
775 861
775 865
775 880
775 983
775 1000
776 779
776 816
777 783
777 787
777 846
777 848
777 872
777 974
777 981
778 800
778 858
778 870
778 875
778 915
778 968
778 974
779 836
779 861
779 865
779 923
779 983
779 1000
781 784
781 822
781 874
781 882
781 884
781 891
781 945
781 951
781 962
781 975
783 787
783 789
783 804
783 846
783 848
783 872
783 907
783 974
783 981
784 785
784 844
784 845
784 852
784 917
784 926
784 990
785 845
785 852
785 917
785 926
785 990
787 794
787 846
787 848
787 872
787 887
787 945
787 974
787 975
787 981
788 819
788 820
788 873
788 887
788 888
788 900
788 915
788 930
789 801
789 816
789 862
789 904
789 924
789 936
789 938
789 985
790 854
790 903
790 912
790 953
790 960
790 987
790 994
793 806
793 834
793 857
793 865
793 902
793 949
793 955
793 989
794 807
794 843
794 849
794 850
794 911
794 929
794 934
794 957
794 996
795 855
795 873
795 876
795 883
795 984
797 818
797 827
797 863
797 871
797 901
797 906
797 965
799 802
799 811
799 831
799 846
799 922
799 927
799 932
799 964
799 979
799 981
799 984
799 988
800 858
800 870
800 875
800 909
800 926
800 943
800 968
800 975
801 803
801 862
801 904
801 924
801 928
801 936
801 938
801 944
802 811
802 812
802 831
802 860
802 882
802 922
802 927
802 932
802 979
802 982
802 984
802 988
803 824
803 856
803 912
803 942
804 823
804 886
804 893
804 925
804 967
804 991
804 998
806 841
806 949
806 955
806 989
806 994
807 843
807 849
807 850
807 895
807 900
807 911
807 929
807 934
807 996
808 817
808 842
808 850
808 866
808 897
808 919
808 966
808 973
808 985
809 813
809 829
809 833
809 859
809 868
809 908
809 920
809 942
810 814
810 835
810 847
810 895
810 948
811 883
811 922
811 932
811 979
811 982
811 984
811 988
812 826
812 870
812 950
812 999
813 838
813 853
813 873
813 877
813 889
813 890
813 892
813 959
813 966
814 835
814 847
814 948
816 945
817 842
817 866
817 897
817 919
817 956
817 966
817 977
818 820
818 826
818 827
818 863
818 871
818 901
818 906
818 965
818 999
819 820
819 887
819 888
819 915
819 930
820 887
820 888
820 915
820 930
820 944
822 874
822 882
822 884
822 945
822 951
822 962
822 975
823 886
823 893
823 925
823 933
823 941
823 953
823 967
823 987
823 991
823 998
824 856
824 912
824 922
825 833
825 854
825 880
825 891
825 895
825 905
825 910
825 913
825 923
825 957
825 980
826 830
826 865
826 948
826 950
826 999
827 871
827 901
827 906
827 965
827 968
828 836
828 838
828 853
828 873
828 890
828 892
828 959
828 982
829 838
829 859
829 868
829 885
829 920
829 942
829 981
830 841
830 862
830 863
830 869
830 908
830 943
830 947
830 957
830 977
830 993
830 997
831 851
831 922
831 927
831 932
831 979
831 982
831 984
831 988
833 854
833 880
833 891
833 905
833 910
833 913
833 923
833 944
833 957
833 980
834 841
834 878
834 904
834 949
834 955
834 989
835 847
835 922
835 948
835 985
836 838
836 859
836 873
836 888
836 890
836 892
836 947
836 959
838 840
838 873
838 877
838 890
838 892
838 959
840 844
840 848
840 855
840 857
840 909
841 862
841 949
841 955
841 989
842 866
842 897
842 941
842 943
842 966
842 967
842 973
842 985
843 849
843 850
843 895
843 900
843 911
843 929
843 934
843 989
843 996
844 857
844 909
845 852
845 892
845 907
845 917
845 919
845 922
845 926
845 990
846 848
846 852
846 856
846 872
846 924
846 974
846 981
847 854
847 860
847 948
848 872
848 906
848 974
848 981
849 850
849 857
849 895
849 900
849 929
849 934
849 981
849 996
850 895
850 900
850 911
850 929
850 934
850 996
851 878
851 928
851 948
851 994
852 857
852 917
852 926
852 990
852 997
853 890
853 892
853 959
853 962
854 880
854 891
854 905
854 910
854 913
854 923
854 930
854 936
854 957
854 980
855 876
855 883
855 925
856 894
856 912
856 966
857 909
857 913
858 870
858 872
858 875
858 968
859 868
859 888
859 920
859 942
860 898
860 907
861 865
861 965
861 983
861 1000
862 904
862 924
862 936
862 938
863 869
863 871
863 908
863 943
863 947
863 960
863 977
863 993
863 997
865 983
865 1000
866 872
866 897
866 919
866 966
866 973
866 985
868 920
868 942
868 944
869 908
869 943
869 947
869 977
869 993
869 997
870 875
870 968
871 901
871 906
871 965
871 966
872 974
872 981
873 877
873 890
873 892
873 904
873 959
873 981
874 882
874 884
874 945
874 951
874 956
874 962
874 975
874 989
875 876
875 878
875 880
875 911
875 968
876 883
876 934
876 943
876 948
876 993
877 890
877 892
877 959
877 990
877 1000
878 913
878 928
879 894
879 956
880 891
880 905
880 910
880 913
880 923
880 957
880 980
881 885
881 902
881 933
881 940
881 944
881 974
881 990
882 884
882 886
882 942
882 945
882 951
882 962
882 975
883 915
883 985
884 945
884 951
884 962
884 975
884 979
885 902
885 933
885 940
885 947
886 925
886 941
886 967
886 991
886 998
887 888
887 915
887 930
888 915
888 930
889 918
889 951
889 982
889 990
890 892
890 959
891 905
891 913
891 923
891 957
891 980
891 994
892 930
892 959
893 897
893 925
893 967
893 991
893 998
894 906
894 910
894 956
894 960
895 900
895 929
895 934
895 957
895 985
895 996
897 912
897 919
897 966
897 973
897 985
898 907
900 911
900 929
900 934
900 950
900 996
901 906
901 913
901 947
901 965
901 968
901 993
902 933
902 940
902 944
903 908
903 953
903 960
903 964
903 985
903 987
903 994
903 996
904 924
904 936
904 938
905 910
905 913
905 917
905 923
905 957
905 980
905 997
906 965
907 933
908 910
908 943
908 947
908 977
908 993
908 997
909 919
910 913
910 923
910 957
910 980
911 929
911 934
911 996
913 915
913 923
913 957
913 980
915 930
917 926
917 927
917 928
917 990
919 966
919 973
919 985
920 942
922 927
922 932
922 979
922 982
922 984
922 988
923 957
923 980
924 932
924 936
924 938
924 947
924 955
925 941
925 965
925 967
925 991
925 998
926 959
926 990
927 932
927 979
927 982
927 984
927 988
928 1000
929 932
929 934
929 996
930 951
932 979
932 982
932 984
932 988
933 940
933 944
934 938
934 996
934 999
936 938
936 947
936 991
940 944
941 967
941 991
941 998
942 951
943 947
943 977
943 993
943 997
945 951
945 955
945 962
945 975
947 977
947 993
947 997
949 955
949 989
950 953
950 999
951 962
951 975
953 960
953 964
953 987
953 994
955 977
955 989
957 980
957 990
960 964
960 977
960 987
960 994
962 973
962 975
964 985
964 987
964 994
965 979
965 999
966 968
966 973
966 985
967 977
967 991
967 998
968 988
973 985
974 981
974 983
977 993
977 997
979 982
979 984
979 988
982 984
982 988
982 993
983 1000
984 988
987 994
989 993
991 996
991 998
993 997
997 1000
