1 195
1 242
1 331
1 387
1 589
1 640
1 660
1 740
1 767
1 773
1 935
1 946
2 5
2 248
2 275
2 433
2 596
2 646
2 648
2 669
2 719
2 831
2 842
2 920
3 117
3 153
3 322
3 446
3 519
3 533
3 806
3 834
3 841
3 850
3 949
3 955
4 79
4 562
4 627
4 662
4 738
4 752
4 769
4 772
4 774
4 776
4 816
4 967
5 165
5 204
5 670
5 789
5 801
5 824
5 862
5 912
5 924
5 936
5 938
6 382
6 453
6 484
6 830
6 856
6 863
6 869
6 898
6 908
6 943
6 977
6 993
8 230
8 343
8 546
8 663
8 777
8 781
8 783
8 787
8 848
8 872
8 974
8 981
9 328
9 422
9 549
9 608
9 739
9 919
9 934
9 939
9 947
9 951
9 989
10 276
10 563
10 564
10 574
10 760
10 893
10 934
10 939
10 947
10 951
10 973
10 989
11 81
11 510
11 542
11 563
11 581
11 614
11 803
11 866
11 897
11 966
11 973
11 985
12 333
12 398
12 411
12 566
12 653
12 666
12 886
12 925
12 941
12 967
12 991
12 998
13 396
13 821
13 825
13 833
13 854
13 891
13 910
13 913
13 915
13 923
13 957
13 980
14 107
14 231
14 536
14 615
14 725
14 734
14 735
14 795
14 876
14 882
14 883
14 950
15 56
15 135
15 207
15 330
15 338
15 345
15 364
15 646
15 798
15 842
15 920
15 966
16 20
16 28
16 29
16 67
16 201
16 364
16 695
16 717
16 879
16 888
16 894
16 956
17 141
17 310
17 450
17 754
17 759
17 794
17 850
17 895
17 900
17 911
17 929
17 996
18 334
18 463
18 493
18 563
18 709
18 724
18 901
18 934
18 939
18 947
18 951
18 989
19 209
19 222
19 226
19 274
19 317
19 651
19 670
19 789
19 862
19 924
19 936
19 938
20 32
20 76
20 278
20 432
20 695
20 717
20 879
20 887
20 894
20 924
20 956
21 225
21 236
21 357
21 461
21 505
21 547
21 705
21 715
21 860
21 889
21 907
22 298
22 520
22 536
22 567
22 615
22 725
22 735
22 876
22 883
22 922
22 950
22 951
24 341
24 539
24 581
24 582
24 614
24 817
24 894
24 919
24 934
24 966
24 973
24 985
25 137
25 139
25 206
25 219
25 263
25 593
25 606
25 636
25 671
25 754
25 808
25 812
26 64
26 257
26 317
26 597
26 684
26 772
26 799
26 903
26 953
26 960
26 987
26 994
27 95
27 216
27 226
27 628
27 789
27 801
27 824
27 862
27 924
27 936
27 938
27 987
28 100
28 277
28 326
28 443
28 452
28 695
28 717
28 754
28 879
28 894
28 956
29 226
29 691
29 830
29 863
29 869
29 898
29 908
29 943
29 977
29 993
31 298
31 379
31 517
31 536
31 567
31 636
31 725
31 734
31 876
31 883
31 933
31 950
32 177
32 201
32 278
32 443
32 464
32 695
32 717
32 879
32 894
32 947
32 956
33 244
33 480
33 523
33 551
33 566
33 612
33 721
33 778
33 800
33 858
33 870
33 875
34 451
34 547
34 651
34 657
34 670
34 671
34 794
34 824
34 862
34 924
34 936
34 938
35 56
35 106
35 330
35 372
35 472
35 538
35 646
35 648
35 719
35 798
35 842
35 920
38 39
38 657
38 692
38 707
38 759
38 807
38 849
38 850
38 895
38 900
38 929
38 996
39 451
39 520
39 628
39 670
39 789
39 801
39 824
39 924
39 936
39 938
39 988
40 70
40 91
40 324
40 416
40 649
40 806
40 841
40 902
40 949
40 955
40 960
40 988
41 106
41 127
41 273
41 275
41 362
41 428
41 538
41 646
41 798
41 842
41 920
41 980
42 351
42 407
42 480
42 493
42 709
42 724
42 934
42 939
42 947
42 951
42 989
42 996
43 62
43 627
43 705
43 831
43 922
43 927
43 932
43 979
43 982
43 984
43 988
45 657
45 707
45 734
45 743
45 849
45 850
45 856
45 900
45 911
45 929
45 965
45 996
46 107
46 127
46 248
46 345
46 596
46 646
46 669
46 719
46 798
46 842
46 911
46 920
47 597
47 684
47 732
47 734
47 766
47 772
47 790
47 903
47 953
47 960
47 987
47 994
48 70
48 107
48 134
48 210
48 289
48 354
48 402
48 457
48 500
48 686
48 736
48 833
50 360
50 387
50 684
50 732
50 790
50 903
50 953
50 960
50 966
50 987
50 994
51 196
51 355
51 378
51 789
51 801
51 824
51 848
51 862
51 924
51 936
51 938
52 496
52 525
52 641
52 750
52 854
52 880
52 905
52 910
52 913
52 923
52 957
52 980
53 54
53 235
53 243
53 254
53 463
53 537
53 549
53 622
53 700
53 889
53 918
53 964
54 656
54 701
54 797
54 818
54 827
54 846
54 871
54 901
54 906
54 933
54 965
56 207
56 248
56 345
56 399
56 538
56 646
56 798
56 842
56 920
56 934
57 370
57 642
57 678
57 777
57 781
57 783
57 787
57 848
57 872
57 974
57 979
57 981
58 148
58 392
58 426
58 531
58 540
58 740
58 750
58 773
58 867
58 935
58 941
58 946
59 116
59 473
59 518
59 549
59 658
59 687
59 692
59 803
59 853
59 856
59 912
59 987
61 561
61 580
61 582
61 599
61 641
61 698
61 866
61 897
61 919
61 966
61 973
61 985
62 235
62 243
62 254
62 463
62 537
62 604
62 622
62 700
62 889
62 918
62 964
63 106
63 127
63 428
63 596
63 619
63 648
63 669
63 719
63 798
63 842
63 909
63 920
64 177
64 277
64 326
64 364
64 695
64 717
64 748
64 789
64 879
64 894
64 956
65 462
65 619
65 698
65 757
65 789
65 802
65 811
65 922
65 979
65 982
65 984
65 988
66 362
66 388
66 464
66 562
66 627
66 662
66 738
66 752
66 769
66 774
66 776
66 816
67 90
67 134
67 194
67 262
67 402
67 435
67 457
67 500
67 686
67 736
67 739
68 279
68 652
68 682
68 802
68 813
68 836
68 838
68 862
68 873
68 877
68 890
68 959
69 512
69 707
69 794
69 807
69 812
69 843
69 850
69 900
69 911
69 929
69 932
69 996
70 377
70 465
70 649
70 651
70 676
70 806
70 834
70 841
70 949
70 955
72 434
72 523
72 577
72 584
72 698
72 765
72 820
72 877
72 928
72 968
72 974
72 983
74 312
74 365
74 438
74 627
74 662
74 738
74 752
74 769
74 774
74 776
74 816
74 980
75 116
75 415
75 459
75 473
75 549
75 658
75 727
75 756
75 803
75 828
75 856
75 912
76 277
76 278
76 360
76 364
76 432
76 546
76 551
76 695
76 879
76 894
76 956
77 550
77 617
77 621
77 666
77 720
77 784
77 785
77 845
77 852
77 917
77 926
77 990
78 157
78 225
78 236
78 357
78 461
78 505
78 539
78 691
78 705
78 715
78 860
78 907
79 218
79 433
79 670
79 720
79 784
79 785
79 845
79 852
79 917
79 926
79 990
81 341
81 485
81 496
81 558
81 582
81 683
81 713
81 817
81 866
81 919
81 985
82 620
82 818
82 825
82 833
82 840
82 854
82 880
82 905
82 910
82 913
82 957
82 980
84 142
84 313
84 368
84 415
84 437
84 607
84 667
84 691
84 812
84 855
84 950
84 999
85 249
85 619
85 661
85 811
85 922
85 927
85 932
85 979
85 982
85 984
85 988
85 994
87 258
87 448
87 486
87 655
87 676
87 748
87 881
87 885
87 902
87 933
87 940
87 944
88 295
88 332
88 414
88 633
88 799
88 831
88 927
88 932
88 979
88 982
88 984
88 988
89 175
89 275
89 510
89 550
89 565
89 602
89 741
89 808
89 817
89 897
89 966
89 985
90 163
90 194
90 210
90 289
90 402
90 435
90 457
90 500
90 686
90 736
90 895
91 506
91 519
91 574
91 584
91 676
91 793
91 806
91 834
91 842
91 949
91 955
92 109
92 395
92 558
92 580
92 582
92 741
92 817
92 897
92 919
92 960
92 973
92 985
93 513
93 519
93 660
93 701
93 797
93 818
93 827
93 846
93 871
93 901
93 906
93 965
94 178
94 196
94 459
94 473
94 549
94 658
94 738
94 756
94 760
94 777
94 856
94 912
95 205
95 547
95 628
95 651
95 801
95 824
95 862
95 924
95 936
95 938
97 118
97 154
97 295
97 321
97 532
97 630
97 702
97 703
97 812
97 851
97 878
97 890
99 113
99 115
99 324
99 353
99 446
99 533
99 676
99 771
99 793
99 806
99 949
99 955
100 177
100 201
100 360
100 436
100 443
100 673
100 695
100 717
100 879
100 894
100 956
101 473
101 565
101 581
101 602
101 783
101 817
101 866
101 897
101 919
101 966
101 973
101 985
102 550
102 609
102 720
102 784
102 785
102 816
102 845
102 849
102 852
102 917
102 926
102 990
103 335
103 347
103 440
103 494
103 559
103 600
103 611
103 630
103 702
103 703
103 851
103 878
103 991
104 396
104 442
104 825
104 840
104 854
104 880
104 910
104 913
104 923
104 936
104 957
104 980
105 113
105 377
105 416
105 649
105 676
105 793
105 806
105 825
105 834
105 841
105 917
105 949
105 955
106 209
106 322
106 330
106 345
106 538
106 596
106 719
106 798
106 842
106 920
107 210
107 262
107 289
107 354
107 435
107 457
107 500
107 564
107 686
107 736
109 349
109 481
109 597
109 601
109 629
109 681
109 770
109 771
109 812
109 855
109 999
110 186
110 486
110 491
110 655
110 748
110 821
110 881
110 885
110 902
110 933
110 940
110 944
110 979
112 445
112 757
112 768
112 781
112 882
112 922
112 927
112 932
112 979
112 982
112 983
112 984
112 988
113 189
113 532
113 533
113 649
113 682
113 702
113 793
113 834
113 841
113 949
113 955
115 322
115 330
115 506
115 676
115 793
115 806
115 834
115 841
115 889
115 903
115 949
115 955
116 125
116 170
116 459
116 473
116 549
116 756
116 773
116 803
116 856
116 912
116 933
117 189
117 270
117 416
117 519
117 533
117 793
117 806
117 834
117 841
117 948
117 949
117 955
118 335
118 338
118 430
118 436
118 442
118 530
118 559
118 562
118 703
118 851
118 878
118 888
119 667
119 676
119 825
119 840
119 873
119 880
119 891
119 905
119 910
119 913
119 923
119 957
119 980
120 146
120 222
120 302
120 397
120 424
120 429
120 538
120 777
120 787
120 848
120 872
120 974
120 981
121 224
121 298
121 409
121 489
121 550
121 720
121 784
121 785
121 845
121 852
121 917
121 926
121 990
122 148
122 475
122 505
122 521
122 573
122 604
122 621
122 698
122 814
122 823
122 835
122 847
122 948
124 142
124 313
124 437
124 607
124 622
124 629
124 631
124 667
124 800
124 826
124 855
124 894
124 999
125 257
125 401
125 415
125 497
125 518
125 549
125 587
125 756
125 760
125 803
125 856
125 912
126 282
126 325
126 398
126 417
126 601
126 667
126 681
126 771
126 812
126 824
126 826
126 855
126 999
127 207
127 351
127 517
127 596
127 646
127 648
127 669
127 673
127 719
127 920
128 578
128 586
128 587
128 644
128 690
128 733
128 761
128 762
128 800
128 844
128 857
128 860
128 909
129 135
129 334
129 379
129 520
129 605
129 725
129 734
129 735
129 795
129 876
129 883
129 950
129 951
130 578
130 586
130 587
130 644
130 690
130 733
130 761
130 762
130 789
130 844
130 857
130 909
130 957
132 282
132 352
132 443
132 517
132 543
132 725
132 734
132 769
132 795
132 841
132 876
132 883
132 950
133 294
133 371
133 394
133 513
133 525
133 544
133 611
133 623
133 638
133 710
133 713
133 788
133 853
134 262
134 354
134 391
134 402
134 435
134 457
134 500
134 684
134 686
134 736
134 985
135 207
135 273
135 275
135 345
135 428
135 669
135 719
135 798
135 842
135 846
135 920
136 225
136 244
136 452
136 583
136 666
136 745
136 823
136 873
136 893
136 941
136 967
136 991
136 998
137 206
137 219
137 233
137 263
137 313
137 369
137 593
137 606
137 619
137 636
137 754
137 808
138 618
138 799
138 854
138 876
138 882
138 888
138 922
138 927
138 932
138 979
138 982
138 984
138 988
139 206
139 219
139 233
139 263
139 593
139 606
139 636
139 640
139 657
139 754
139 808
139 841
140 484
140 572
140 610
140 688
140 799
140 830
140 863
140 869
140 898
140 908
140 943
140 977
140 993
141 202
141 521
141 640
141 657
141 669
141 794
141 850
141 883
141 895
141 900
141 929
141 996
142 312
142 320
142 368
142 417
142 681
142 771
142 800
142 812
142 826
142 855
142 999
143 212
143 277
143 509
143 616
143 660
143 740
143 750
143 767
143 773
143 791
143 867
143 935
143 946
144 307
144 325
144 425
144 671
144 684
144 689
144 732
144 790
144 903
144 953
144 960
144 987
144 994
145 163
145 509
145 592
145 616
145 698
145 740
145 750
145 767
145 773
145 797
145 867
145 935
145 946
146 203
146 246
146 353
146 485
146 663
146 781
146 848
146 872
146 944
146 974
146 981
147 214
147 458
147 466
147 479
147 707
147 849
147 850
147 895
147 911
147 929
147 967
147 996
148 413
148 465
148 541
148 573
148 698
148 699
148 766
148 810
148 835
148 847
148 948
149 217
149 436
149 532
149 559
149 611
149 630
149 702
149 703
149 773
149 810
149 842
149 851
149 878
150 205
150 539
150 553
150 565
150 582
150 599
150 683
150 715
150 812
150 817
150 866
150 897
150 973
151 155
151 303
151 456
151 552
151 566
151 588
151 721
151 778
151 800
151 858
151 870
151 875
151 920
152 244
152 261
152 354
152 395
152 417
152 501
152 504
152 666
152 886
152 893
152 925
152 941
152 967
153 216
153 227
153 344
153 534
153 577
153 765
153 821
153 872
153 928
153 968
153 983
154 217
154 295
154 338
154 430
154 440
154 532
154 559
154 611
154 628
154 821
154 878
154 898
155 238
155 382
155 476
155 584
155 681
155 727
155 836
155 838
155 873
155 877
155 892
155 959
156 408
156 462
156 588
156 610
156 749
156 830
156 863
156 869
156 898
156 908
156 943
156 977
156 993
157 182
157 234
157 688
157 748
157 881
157 885
157 902
157 933
157 940
157 944
157 955
157 973
158 372
158 434
158 478
158 534
158 578
158 683
158 765
158 820
158 821
158 928
158 948
158 968
158 983
159 394
159 453
159 484
159 610
159 766
159 830
159 863
159 869
159 898
159 908
159 943
159 977
159 993
160 395
160 650
160 687
160 833
160 840
160 854
160 880
160 891
160 905
160 913
160 923
160 957
160 980
161 302
161 368
161 424
161 429
161 527
161 642
161 663
161 678
161 687
161 777
161 872
161 974
161 981
162 184
162 656
162 667
162 701
162 717
162 797
162 818
162 827
162 846
162 871
162 901
162 906
162 965
163 496
163 552
163 588
163 612
163 721
163 778
163 800
163 858
163 870
163 875
163 949
164 169
164 221
164 370
164 473
164 518
164 658
164 692
164 756
164 760
164 803
164 856
164 912
164 941
165 187
165 355
165 378
165 451
165 670
165 801
165 824
165 862
165 866
165 924
165 936
165 938
169 433
169 545
169 570
169 673
169 788
169 809
169 819
169 857
169 887
169 888
169 915
169 930
170 208
170 415
170 473
170 658
170 692
170 720
170 742
170 756
170 760
170 803
170 856
170 912
173 447
173 515
173 591
173 688
173 748
173 881
173 885
173 902
173 933
173 940
173 943
173 944
173 965
174 461
174 545
174 570
174 582
174 673
174 788
174 809
174 819
174 887
174 888
174 915
174 930
174 983
175 358
175 553
175 565
175 582
175 599
175 683
175 741
175 762
175 897
175 973
175 985
175 993
176 322
176 393
176 416
176 506
176 533
176 649
176 676
176 834
176 840
176 841
176 929
176 949
176 955
177 326
177 360
177 432
177 581
177 695
177 717
177 799
177 879
177 894
177 956
178 370
178 518
178 549
178 692
178 695
178 756
178 760
178 803
178 856
178 912
178 913
178 948
179 218
179 358
179 609
179 720
179 784
179 785
179 845
179 852
179 917
179 922
179 926
179 960
179 990
180 355
180 547
180 628
180 651
180 683
180 789
180 801
180 824
180 862
180 924
180 936
180 938
180 989
182 515
182 655
182 688
182 742
182 748
182 881
182 885
182 902
182 933
182 940
182 944
182 998
184 227
184 344
184 434
184 458
184 545
184 563
184 765
184 820
184 821
184 928
184 968
184 983
185 271
185 485
185 597
185 620
185 732
185 772
185 895
185 903
185 938
185 953
185 960
185 987
185 994
186 365
186 412
186 462
186 652
186 682
186 727
186 813
186 827
186 828
186 838
186 892
186 959
187 486
187 504
187 633
187 653
187 743
187 745
187 804
187 886
187 925
187 941
187 991
187 998
188 190
188 599
188 610
188 830
188 863
188 869
188 877
188 898
188 903
188 908
188 943
188 977
188 993
189 324
189 446
189 465
189 519
189 649
189 676
189 852
189 949
189 955
189 957
189 981
190 360
190 566
190 610
190 762
190 830
190 863
190 869
190 898
190 908
190 943
190 977
190 993
191 425
191 465
191 485
191 600
191 620
191 658
191 689
191 760
191 772
191 953
191 960
191 987
191 994
193 209
193 226
193 324
193 547
193 602
193 651
193 670
193 824
193 862
193 919
193 924
193 936
193 938
194 262
194 289
194 313
194 354
194 402
194 435
194 457
194 500
194 686
194 736
194 834
195 323
195 406
195 426
195 550
195 589
195 602
195 740
195 767
195 791
195 867
195 935
195 946
196 370
196 401
196 415
196 658
196 692
196 745
196 760
196 783
196 803
196 856
196 912
197 369
197 496
197 551
197 567
197 612
197 648
197 721
197 778
197 800
197 840
197 858
197 870
197 875
198 248
198 426
198 616
198 750
198 767
198 773
198 791
198 853
198 867
198 903
198 935
198 946
201 319
201 326
201 360
201 443
201 695
201 717
201 879
201 894
201 956
201 964
202 291
202 429
202 512
202 657
202 771
202 807
202 843
202 849
202 895
202 900
202 911
202 996
203 331
203 374
203 399
203 546
203 678
203 748
203 777
203 787
203 844
203 848
203 974
203 981
204 260
204 331
204 642
204 678
204 777
204 781
204 783
204 787
204 848
204 872
204 974
204 981
204 982
205 222
205 628
205 651
205 749
205 789
205 801
205 824
205 855
205 862
205 924
205 936
205 938
206 210
206 219
206 233
206 263
206 593
206 606
206 609
206 636
206 754
206 808
206 909
207 538
207 646
207 648
207 798
207 825
207 840
207 842
207 875
207 920
208 430
208 479
208 743
208 759
208 770
208 807
208 843
208 849
208 850
208 895
208 911
208 929
208 996
209 345
209 378
209 451
209 628
209 670
209 789
209 801
209 862
209 924
209 936
209 938
210 262
210 289
210 354
210 435
210 457
210 500
210 604
210 686
210 736
210 983
212 336
212 529
212 573
212 604
212 621
212 699
212 766
212 810
212 814
212 835
212 847
212 866
212 948
214 425
214 485
214 504
214 532
214 635
214 732
214 772
214 790
214 903
214 953
214 960
214 987
214 994
215 298
215 327
215 334
215 342
215 352
215 396
215 517
215 605
215 725
215 735
215 777
215 876
215 883
215 950
216 230
216 339
216 344
216 523
216 577
216 765
216 820
216 928
216 968
216 983
216 985
216 996
217 251
217 338
217 440
217 442
217 443
217 532
217 630
217 702
217 703
217 851
217 878
217 907
218 364
218 720
218 761
218 784
218 785
218 823
218 845
218 852
218 917
218 926
218 990
219 233
219 263
219 501
219 519
219 593
219 606
219 636
219 754
219 808
219 900
221 306
221 370
221 415
221 518
221 628
221 658
221 692
221 694
221 760
221 803
221 852
221 856
221 912
222 547
222 651
222 670
222 801
222 824
222 862
222 924
222 932
222 936
222 938
222 984
223 387
223 406
223 660
223 740
223 748
223 750
223 767
223 773
223 791
223 813
223 867
223 935
223 946
223 998
224 315
224 352
224 372
224 458
224 478
224 523
224 534
224 541
224 820
224 821
224 928
224 968
224 983
225 236
225 357
225 461
225 505
225 705
225 715
225 860
225 907
225 987
226 378
226 628
226 789
226 801
226 816
226 824
226 862
226 924
226 936
226 938
227 344
227 374
227 534
227 577
227 582
227 635
227 765
227 820
227 821
227 928
227 968
227 983
230 315
230 484
230 523
230 577
230 584
230 748
230 765
230 820
230 821
230 928
230 968
230 983
231 272
231 384
231 395
231 468
231 558
231 561
231 614
231 683
231 817
231 897
231 919
231 966
231 973
233 263
233 574
233 593
233 606
233 636
233 709
233 754
233 797
233 808
233 830
234 295
234 332
234 375
234 491
234 515
234 655
234 688
234 881
234 885
234 902
234 933
234 940
234 944
235 243
235 254
235 280
235 463
235 537
235 622
235 645
235 700
235 889
235 918
235 964
236 357
236 461
236 463
236 505
236 623
236 705
236 715
236 860
236 907
236 926
238 314
238 488
238 683
238 687
238 727
238 749
238 813
238 828
238 873
238 890
238 892
238 949
238 959
240 385
240 409
240 513
240 572
240 682
240 687
240 784
240 828
240 838
240 869
240 872
240 873
240 890
240 959
241 333
241 372
241 424
241 642
241 663
241 678
241 777
241 781
241 783
241 848
241 872
241 934
241 974
241 981
242 385
242 425
242 487
242 513
242 618
242 652
242 687
242 727
242 749
242 828
242 838
242 873
242 959
243 254
243 463
243 537
243 601
243 622
243 700
243 791
243 889
243 918
243 964
244 337
244 501
244 694
244 745
244 763
244 876
244 925
244 941
244 967
244 991
244 998
246 302
246 331
246 429
246 663
246 678
246 777
246 781
246 787
246 848
246 857
246 906
246 974
246 981
247 358
247 489
247 617
247 635
247 720
247 784
247 785
247 813
247 845
247 852
247 917
247 926
247 990
247 994
248 541
248 596
248 646
248 648
248 669
248 719
248 798
248 842
248 920
248 939
249 303
249 456
249 496
249 552
249 612
249 721
249 778
249 800
249 858
249 867
249 870
249 875
249 924
250 445
250 529
250 557
250 641
250 742
250 879
250 880
250 891
250 905
250 910
250 913
250 923
250 957
250 980
251 303
251 310
251 319
251 456
251 496
251 566
251 588
251 778
251 800
251 830
251 858
251 870
251 875
252 484
252 740
252 757
252 790
252 811
252 831
252 882
252 922
252 927
252 932
252 979
252 982
252 984
252 988
253 444
253 493
253 527
253 563
253 564
253 574
253 724
253 739
253 838
253 934
253 939
253 947
253 951
253 989
254 463
254 537
254 622
254 690
254 700
254 826
254 889
254 908
254 918
254 964
256 413
256 420
256 472
256 541
256 604
256 698
256 699
256 810
256 814
256 835
256 847
256 848
256 948
256 989
257 258
257 468
257 597
257 617
257 671
257 732
257 772
257 903
257 953
257 960
257 987
257 994
258 327
258 379
258 520
258 536
258 543
258 567
258 735
258 795
258 876
258 883
258 912
258 950
259 370
259 374
259 425
259 635
259 684
259 689
259 772
259 795
259 903
259 935
259 953
259 960
259 987
259 994
260 768
260 799
260 802
260 831
260 882
260 902
260 922
260 927
260 932
260 979
260 982
260 984
260 988
261 400
261 556
261 633
261 639
261 666
261 694
261 886
261 893
261 895
261 941
261 967
261 991
261 998
262 354
262 402
262 435
262 500
262 686
262 736
262 847
262 930
262 949
263 298
263 593
263 606
263 636
263 646
263 754
263 766
263 808
269 364
269 407
269 497
269 562
269 597
269 627
269 662
269 738
269 752
269 769
269 774
269 776
269 816
269 982
270 358
270 410
270 609
270 617
270 676
270 720
270 784
270 845
270 852
270 879
270 917
270 926
270 990
271 550
271 609
271 617
271 720
271 784
271 785
271 845
271 852
271 917
271 926
271 927
271 981
271 990
272 314
272 394
272 412
272 487
272 572
272 687
272 727
272 813
272 828
272 849
272 873
272 890
272 959
273 275
273 330
273 428
273 525
273 538
273 541
273 543
273 648
273 669
273 719
273 842
273 920
274 550
274 609
274 617
274 663
274 720
274 784
274 785
274 845
274 852
274 917
274 926
274 948
274 990
275 330
275 538
275 596
275 648
275 669
275 754
275 798
275 892
275 920
276 422
276 451
276 548
276 574
276 608
276 724
276 739
276 881
276 934
276 939
276 947
276 951
276 989
277 326
277 360
277 364
277 453
277 695
277 717
277 855
277 879
277 894
277 956
278 326
278 364
278 432
278 443
278 472
278 695
278 717
278 772
278 879
278 894
278 955
278 956
279 476
279 487
279 488
279 669
279 727
279 757
279 813
279 836
279 838
279 877
279 890
279 892
279 927
279 959
280 335
280 338
280 436
280 442
280 532
280 559
280 611
280 630
280 702
280 703
280 851
280 858
280 871
280 878
282 334
282 342
282 520
282 567
282 605
282 703
282 734
282 735
282 795
282 876
282 878
282 883
282 950
286 640
286 743
286 759
286 770
286 794
286 813
286 843
286 849
286 850
286 895
286 900
286 925
286 929
286 979
286 996
287 406
287 504
287 579
287 583
287 653
287 804
287 823
287 886
287 925
287 935
287 941
287 967
287 974
287 991
287 998
289 354
289 402
289 435
289 457
289 475
289 500
289 686
289 736
289 938
289 965
291 466
291 475
291 640
291 743
291 759
291 789
291 843
291 849
291 850
291 895
291 911
291 929
291 946
291 996
293 326
293 444
293 452
293 501
293 653
293 666
293 694
293 743
293 886
293 893
293 925
293 967
293 988
293 991
293 998
294 304
294 371
294 379
294 394
294 525
294 544
294 623
294 638
294 682
294 710
294 713
294 853
294 999
295 338
295 436
295 440
295 442
295 573
295 611
295 702
295 703
295 851
295 878
297 564
297 568
297 656
297 691
297 701
297 781
297 797
297 818
297 827
297 846
297 871
297 901
297 906
297 965
297 994
298 352
298 417
298 517
298 543
298 567
298 734
298 735
298 795
298 876
298 950
302 399
302 446
302 546
302 642
302 678
302 701
302 781
302 787
302 820
302 872
302 974
302 981
303 328
303 369
303 588
303 612
303 721
303 778
303 800
303 801
303 838
303 858
303 870
303 875
304 371
304 394
304 525
304 544
304 623
304 638
304 710
304 713
304 853
304 860
304 923
304 977
306 377
306 401
306 415
306 473
306 518
306 549
306 690
306 692
306 756
306 760
306 803
306 856
306 912
306 998
307 530
307 578
307 586
307 587
307 644
307 690
307 733
307 735
307 761
307 762
307 844
307 857
307 909
307 948
310 336
310 427
310 472
310 475
310 542
310 698
310 766
310 810
310 814
310 835
310 847
310 948
310 953
312 438
312 480
312 497
312 562
312 627
312 662
312 738
312 752
312 769
312 774
312 776
312 816
312 956
313 414
313 527
313 607
313 629
313 631
313 771
313 774
313 812
313 826
313 855
313 999
314 365
314 487
314 488
314 531
314 612
314 713
314 813
314 828
314 838
314 890
314 892
314 923
314 959
315 332
315 478
315 523
315 534
315 584
315 752
315 765
315 820
315 821
315 928
315 968
315 983
315 999
317 530
317 578
317 586
317 587
317 644
317 690
317 733
317 742
317 761
317 762
317 844
317 857
317 909
318 641
318 652
318 688
318 825
318 833
318 840
318 854
318 876
318 891
318 905
318 910
318 913
318 923
318 957
318 980
319 369
319 466
319 551
319 566
319 588
319 612
319 721
319 778
319 800
319 858
319 870
319 875
319 985
320 384
320 561
320 582
320 599
320 602
320 741
320 866
320 880
320 897
320 907
320 919
320 966
320 973
320 985
321 335
321 347
321 440
321 442
321 532
321 559
321 611
321 630
321 663
321 702
321 824
321 851
321 878
321 968
322 324
322 506
322 649
322 692
322 793
322 806
322 834
322 841
322 932
322 949
322 955
323 392
323 426
323 509
323 592
323 642
323 733
323 740
323 750
323 773
323 787
323 791
323 867
323 935
323 946
324 393
324 448
324 465
324 649
324 653
324 793
324 806
324 841
324 949
324 955
325 398
325 414
325 545
325 601
325 607
325 629
325 631
325 667
325 771
325 812
325 826
325 891
325 999
326 398
326 432
326 443
326 717
326 752
326 879
326 894
326 956
327 334
327 401
327 536
327 567
327 605
327 615
327 681
327 725
327 795
327 850
327 876
327 883
327 950
328 480
328 548
328 574
328 608
328 655
328 663
328 709
328 724
328 934
328 939
328 947
328 951
328 989
330 428
330 648
330 669
330 719
330 798
330 842
330 890
330 920
330 990
331 399
331 663
331 777
331 783
331 785
331 787
331 848
331 872
331 938
331 974
331 981
332 362
332 768
332 799
332 831
332 894
332 922
332 927
332 932
332 979
332 982
332 984
332 988
333 394
333 550
333 579
333 666
333 745
333 804
333 823
333 886
333 893
333 925
333 941
333 991
333 998
334 520
334 605
334 719
334 734
334 735
334 795
334 876
334 883
334 915
334 950
335 347
335 391
335 430
335 552
335 559
335 630
335 702
335 851
335 878
335 950
335 967
336 413
336 529
336 573
336 608
336 621
336 766
336 809
336 810
336 814
336 835
336 845
336 847
336 948
337 341
337 657
337 707
337 743
337 759
337 770
337 807
337 843
337 895
337 900
337 911
337 929
337 944
337 996
338 347
338 391
338 480
338 532
338 630
338 703
338 851
338 876
338 878
339 372
339 458
339 505
339 523
339 577
339 584
339 765
339 820
339 821
339 866
339 928
339 968
339 983
339 991
341 452
341 460
341 489
341 539
341 602
341 741
341 817
341 866
341 897
341 966
341 973
341 985
342 354
342 536
342 543
342 567
342 615
342 725
342 735
342 795
342 876
342 883
342 925
342 946
342 950
343 453
343 499
343 757
343 799
343 802
343 811
343 873
343 882
343 927
343 932
343 979
343 982
343 984
343 988
344 478
344 523
344 534
344 776
344 785
344 820
344 821
344 928
344 968
344 983
344 987
345 596
345 648
345 669
345 719
345 798
345 821
345 842
345 920
345 982
346 351
346 383
346 548
346 564
346 587
346 608
346 709
346 724
346 739
346 910
346 934
346 939
346 947
346 951
346 989
347 424
347 430
347 436
347 440
347 559
347 630
347 661
347 702
347 851
347 878
347 981
349 398
349 417
349 437
349 481
349 601
349 607
349 623
349 629
349 667
349 771
349 783
349 826
349 852
349 855
349 999
351 478
351 493
351 548
351 563
351 709
351 724
351 739
351 849
351 934
351 939
351 947
351 951
351 989
352 379
352 517
352 520
352 536
352 605
352 735
352 795
352 823
352 876
352 879
352 883
352 950
353 379
353 399
353 424
353 530
353 546
353 642
353 777
353 781
353 783
353 787
353 848
353 872
353 974
353 981
354 402
354 435
354 457
354 500
354 686
354 736
354 761
355 451
355 476
355 547
355 628
355 651
355 801
355 824
355 862
355 866
355 924
355 936
355 938
355 960
356 512
356 615
356 640
356 657
356 707
356 759
356 770
356 794
356 843
356 849
356 888
356 900
356 911
356 929
356 989
356 996
357 371
357 461
357 505
357 656
357 705
357 713
357 715
357 860
357 907
358 489
358 609
358 617
358 757
358 784
358 785
358 845
358 852
358 917
358 926
358 939
358 990
360 411
360 432
360 443
360 695
360 717
360 879
360 894
360 956
360 985
362 515
362 661
362 768
362 802
362 831
362 882
362 922
362 927
362 932
362 979
362 982
362 984
362 988
363 464
363 547
363 619
363 768
363 801
363 802
363 811
363 831
363 882
363 922
363 927
363 932
363 979
363 982
363 984
363 988
364 432
364 443
364 695
364 717
364 879
364 894
364 956
364 990
365 385
365 488
365 616
365 652
365 682
365 727
365 813
365 836
365 873
365 877
365 890
365 892
365 968
368 414
368 437
368 481
368 527
368 667
368 681
368 771
368 774
368 812
368 826
368 855
368 867
368 999
369 417
369 456
369 496
369 552
369 588
369 721
369 778
369 800
369 858
369 870
369 875
369 977
370 401
370 415
370 549
370 692
370 756
370 760
370 803
370 843
370 856
370 912
371 375
371 394
371 525
371 544
371 623
371 638
371 710
371 713
371 828
371 853
372 434
372 534
372 577
372 584
372 765
372 820
372 821
372 885
372 928
372 968
372 983
374 468
374 554
374 600
374 629
374 671
374 684
374 772
374 790
374 903
374 953
374 960
374 987
374 994
375 420
375 447
375 486
375 515
375 589
375 591
375 645
375 811
375 881
375 885
375 902
375 933
375 940
375 944
376 579
376 583
376 613
376 633
376 745
376 763
376 823
376 886
376 893
376 898
376 925
376 941
376 943
376 967
376 991
376 998
377 385
377 393
377 465
377 506
377 533
377 678
377 793
377 806
377 834
377 841
377 881
377 949
377 955
378 451
378 628
378 656
378 670
378 732
378 789
378 824
378 836
378 862
378 924
378 936
378 938
379 517
379 536
379 567
379 605
379 725
379 734
379 735
379 876
379 950
379 987
382 488
382 513
382 517
382 572
382 615
382 652
382 749
382 813
382 836
382 873
382 877
382 890
382 892
382 959
383 444
383 633
383 639
383 653
383 658
383 666
383 804
383 823
383 886
383 893
383 933
383 941
383 967
383 991
383 998
384 460
384 510
384 561
384 581
384 602
384 713
384 741
384 762
384 778
384 817
384 866
384 897
384 966
384 973
385 412
385 531
385 813
385 828
385 834
385 836
385 877
385 890
385 892
385 902
385 955
385 959
386 641
386 773
386 797
386 825
386 833
386 840
386 854
386 880
386 891
386 905
386 910
386 913
386 923
386 943
386 957
386 980
387 392
387 540
387 566
387 589
387 660
387 740
387 750
387 767
387 773
387 845
387 867
387 935
387 946
388 432
388 540
388 650
388 742
388 825
388 833
388 840
388 880
388 891
388 905
388 910
388 913
388 923
388 957
388 980
391 430
391 436
391 440
391 532
391 610
391 611
391 630
391 702
391 703
391 719
391 851
391 878
391 926
392 547
392 589
392 592
392 660
392 702
392 740
392 750
392 770
392 773
392 791
392 867
392 935
392 946
393 446
393 465
393 506
393 649
393 676
393 781
393 793
393 825
393 834
393 841
393 875
393 949
393 955
394 525
394 544
394 623
394 638
394 710
394 713
394 853
395 553
395 561
395 599
395 602
395 683
395 866
395 897
395 919
395 966
395 973
395 985
395 999
396 742
396 778
396 825
396 854
396 880
396 891
396 905
396 910
396 913
396 923
396 957
396 967
396 980
397 433
397 528
397 545
397 570
397 601
397 673
397 788
397 809
397 819
397 887
397 888
397 915
397 930
398 414
398 417
398 527
398 589
398 601
398 631
398 681
398 812
398 826
398 855
398 999
399 556
399 631
399 642
399 663
399 781
399 783
399 848
399 872
399 956
399 974
399 981
400 520
400 619
400 633
400 639
400 736
400 739
400 745
400 763
400 886
400 893
400 925
400 941
400 967
400 991
400 998
401 518
401 549
401 658
401 692
401 756
401 760
401 803
401 856
401 912
401 949
401 973
402 435
402 457
402 500
402 686
402 717
402 736
402 888
402 906
405 501
405 586
405 633
405 666
405 694
405 745
405 763
405 804
405 823
405 886
405 893
405 913
405 966
405 967
405 991
405 998
406 486
406 540
406 592
406 616
406 740
406 750
406 767
406 771
406 773
406 791
406 867
406 935
406 946
407 410
407 438
407 464
407 497
407 589
407 627
407 662
407 738
407 752
407 769
407 774
407 776
407 816
407 930
408 453
408 462
408 484
408 610
408 749
408 830
408 863
408 869
408 898
408 908
408 919
408 943
408 955
408 977
408 993
409 513
409 682
409 687
409 727
409 736
409 749
409 813
409 828
409 873
409 877
409 890
409 892
409 900
409 959
410 438
410 464
410 497
410 562
410 609
410 627
410 662
410 738
410 752
410 769
410 774
410 776
410 816
410 977
411 444
411 504
411 653
411 694
411 707
411 804
411 886
411 925
411 926
411 941
411 950
411 967
411 991
411 998
412 531
412 682
412 727
412 749
412 760
412 813
412 873
412 877
412 890
412 892
412 917
412 959
412 983
413 523
413 529
413 604
413 698
413 699
413 736
413 804
413 810
413 814
413 835
413 847
413 948
414 417
414 437
414 607
414 631
414 681
414 762
414 771
414 784
414 812
414 826
414 855
414 999
415 459
415 499
415 658
415 692
415 756
415 760
415 811
415 856
415 912
416 446
416 506
416 519
416 533
416 676
416 735
416 806
416 834
416 841
416 867
416 922
416 949
416 955
417 601
417 607
417 629
417 667
417 771
417 812
417 826
417 855
417 999
420 447
420 448
420 645
420 655
420 656
420 688
420 748
420 881
420 885
420 902
420 933
420 940
420 944
420 947
420 951
422 480
422 563
422 564
422 574
422 608
422 709
422 724
422 795
422 893
422 934
422 939
422 947
422 951
422 953
422 989
424 429
424 447
424 546
424 678
424 777
424 783
424 787
424 831
424 848
424 872
424 974
424 981
425 502
425 597
425 620
425 646
425 684
425 772
425 790
425 791
425 953
425 960
425 987
425 994
426 435
426 540
426 616
426 638
426 660
426 750
426 767
426 791
426 867
426 879
426 911
426 935
426 946
427 472
427 475
427 529
427 542
427 573
427 604
427 699
427 766
427 787
427 810
427 814
427 835
427 847
427 848
427 883
427 948
428 457
428 538
428 596
428 599
428 646
428 648
428 669
428 719
428 798
428 842
428 918
428 920
429 491
429 642
429 663
429 777
429 781
429 783
429 814
429 848
429 872
429 913
429 974
429 981
430 436
430 442
430 532
430 559
430 611
430 630
430 703
430 818
430 851
430 872
430 878
432 443
432 444
432 695
432 717
432 806
432 827
432 879
432 894
432 956
433 436
433 545
433 570
433 673
433 784
433 788
433 809
433 819
433 887
433 888
433 915
433 930
434 478
434 577
434 584
434 662
434 745
434 765
434 774
434 820
434 821
434 920
434 928
434 968
434 983
435 457
435 500
435 661
435 686
435 736
435 801
436 440
436 450
436 532
436 611
436 667
436 702
436 851
436 878
437 481
437 527
437 570
437 601
437 631
437 681
437 771
437 809
437 812
437 844
437 855
437 999
438 464
438 562
438 627
438 657
438 662
438 738
438 745
438 752
438 769
438 774
438 776
438 816
438 996
440 442
440 559
440 702
440 703
440 851
440 860
440 869
440 878
440 977
442 532
442 559
442 611
442 630
442 702
442 850
442 851
442 878
442 967
443 695
443 717
443 879
443 894
443 923
443 956
444 583
444 633
444 745
444 823
444 893
444 894
444 925
444 941
444 967
444 991
444 996
444 998
445 459
445 621
445 640
445 650
445 742
445 833
445 840
445 854
445 891
445 905
445 910
445 913
445 923
445 957
445 980
446 468
446 533
446 649
446 676
446 741
446 793
446 806
446 834
446 841
446 949
446 955
447 448
447 495
447 591
447 645
447 658
447 688
447 803
447 881
447 885
447 902
447 933
447 940
447 944
448 464
448 491
448 495
448 645
448 653
448 688
448 748
448 881
448 885
448 902
448 933
448 940
448 944
450 530
450 578
450 586
450 587
450 644
450 690
450 733
450 761
450 762
450 807
450 844
450 857
450 909
450 990
451 551
451 628
451 670
451 789
451 801
451 824
451 924
451 925
451 936
451 938
452 579
452 633
452 639
452 666
452 763
452 804
452 893
452 925
452 941
452 967
452 984
452 991
452 998
453 462
453 484
453 528
453 610
453 830
453 863
453 869
453 898
453 908
453 943
453 977
453 993
456 496
456 551
456 552
456 566
456 612
456 720
456 778
456 800
456 828
456 842
456 858
456 870
456 875
457 500
457 579
457 686
457 736
457 917
458 478
458 523
458 525
458 534
458 577
458 584
458 765
458 820
458 821
458 851
458 928
458 968
458 983
459 473
459 518
459 631
459 658
459 689
459 692
459 756
459 760
459 803
459 856
459 912
459 993
460 497
460 540
460 553
460 565
460 580
460 582
460 599
460 614
460 817
460 866
460 898
460 919
460 966
460 973
460 985
461 505
461 705
461 715
461 860
461 866
461 877
461 900
461 907
462 484
462 605
462 610
462 830
462 863
462 869
462 898
462 905
462 908
462 943
462 977
462 993
463 537
463 622
463 700
463 710
463 889
463 918
463 964
464 497
464 554
464 562
464 662
464 738
464 752
464 769
464 774
464 776
464 816
465 506
465 519
465 676
465 684
465 793
465 834
465 840
465 841
465 949
465 955
466 551
466 640
466 770
466 794
466 807
466 813
466 843
466 850
466 895
466 900
466 911
466 929
466 957
466 996
468 620
468 635
468 671
468 689
468 732
468 772
468 790
468 903
468 935
468 953
468 960
468 987
468 994
472 541
472 573
472 604
472 621
472 691
472 698
472 699
472 766
472 810
472 814
472 835
472 847
472 948
473 549
473 616
473 692
473 756
473 760
473 803
473 856
473 858
473 912
475 481
475 529
475 542
475 573
475 621
475 699
475 766
475 810
475 814
475 819
475 835
475 847
475 948
476 487
476 488
476 652
476 749
476 790
476 813
476 828
476 836
476 838
476 873
476 877
476 890
476 892
476 897
476 959
478 481
478 534
478 584
478 593
478 765
478 820
478 821
478 928
478 939
478 968
478 983
479 486
479 512
479 521
479 574
479 640
479 657
479 759
479 770
479 794
479 849
479 888
479 900
479 902
479 911
479 929
479 996
480 548
480 563
480 564
480 574
480 623
480 724
480 739
480 934
480 939
480 947
480 951
480 989
481 521
481 527
481 601
481 629
481 631
481 667
481 681
481 771
481 812
481 826
481 855
481 999
484 610
484 830
484 863
484 869
484 898
484 908
484 943
484 974
484 977
484 993
485 600
485 620
485 635
485 689
485 732
485 783
485 790
485 903
485 953
485 960
485 968
485 987
485 994
486 495
486 591
486 645
486 655
486 748
486 842
486 881
486 885
486 902
486 933
486 940
486 944
487 572
487 652
487 687
487 709
487 727
487 749
487 789
487 828
487 836
487 838
487 877
487 882
487 892
488 513
488 754
488 783
488 813
488 828
488 836
488 838
488 840
488 853
488 877
488 890
488 892
489 550
489 609
489 617
489 667
489 720
489 784
489 785
489 817
489 843
489 845
489 852
489 917
489 926
489 990
491 496
491 515
491 529
491 591
491 655
491 688
491 748
491 841
491 881
491 885
491 902
491 933
491 940
491 944
493 548
493 564
493 686
493 709
493 724
493 739
493 776
493 878
493 915
493 934
493 939
493 947
493 951
493 989
494 556
494 568
494 613
494 656
494 691
494 701
494 797
494 818
494 820
494 827
494 846
494 870
494 871
494 901
494 906
494 927
494 965
495 510
495 591
495 645
495 655
495 688
495 748
495 851
495 881
495 885
495 902
495 933
495 940
495 944
495 946
496 551
496 566
496 721
496 778
496 800
496 858
496 870
496 875
496 890
497 562
497 616
497 627
497 662
497 724
497 738
497 752
497 769
497 774
497 776
497 816
499 619
499 750
499 756
499 768
499 799
499 802
499 831
499 882
499 922
499 927
499 932
499 979
499 982
499 984
499 988
499 990
500 546
500 686
500 736
500 770
500 814
501 579
501 639
501 745
501 769
501 804
501 886
501 893
501 897
501 925
501 941
501 967
501 991
501 998
502 543
502 554
502 597
502 620
502 635
502 649
502 671
502 684
502 689
502 732
502 772
502 803
502 903
502 953
502 960
502 987
502 994
504 579
504 745
504 763
504 804
504 823
504 835
504 882
504 893
504 925
504 941
504 967
504 991
504 998
505 705
505 715
505 809
505 860
505 907
505 912
506 519
506 533
506 671
506 793
506 806
506 841
506 856
506 895
506 949
506 955
509 540
509 592
509 616
509 660
509 740
509 742
509 750
509 767
509 773
509 791
509 867
509 870
509 894
509 935
509 946
510 539
510 565
510 580
510 581
510 582
510 599
510 682
510 683
510 897
510 915
510 919
510 966
510 973
510 985
512 707
512 743
512 770
512 794
512 807
512 824
512 843
512 849
512 850
512 895
512 929
512 974
512 980
512 996
513 572
513 682
513 749
513 813
513 836
513 873
513 877
513 892
513 944
513 955
513 959
515 591
515 645
515 688
515 743
515 748
515 881
515 885
515 892
515 902
515 933
515 940
515 944
517 567
517 615
517 725
517 734
517 735
517 767
517 795
517 876
517 883
517 950
518 608
518 658
518 692
518 756
518 760
518 803
518 842
518 856
518 893
518 912
519 528
519 676
519 793
519 806
519 834
519 841
519 923
519 949
519 955
520 527
520 536
520 543
520 605
520 615
520 734
520 766
520 795
520 876
520 950
521 640
521 657
521 707
521 735
521 759
521 807
521 843
521 849
521 850
521 887
521 900
521 911
521 929
521 996
523 584
523 596
523 765
523 820
523 821
523 928
523 968
523 983
525 544
525 623
525 638
525 710
525 713
525 853
527 601
527 607
527 629
527 631
527 681
527 812
527 826
527 855
527 858
527 999
528 557
528 641
528 650
528 742
528 833
528 840
528 854
528 880
528 891
528 905
528 910
528 913
528 923
528 928
528 957
528 980
529 538
529 542
529 604
529 621
529 698
529 699
529 766
529 810
529 814
529 835
529 847
529 948
530 578
530 586
530 587
530 644
530 669
530 690
530 702
530 733
530 761
530 762
530 844
530 857
530 909
531 572
531 682
531 687
531 749
531 806
531 828
531 836
531 838
531 873
531 877
531 890
531 892
531 909
531 936
531 959
532 611
532 703
532 734
532 851
532 878
532 928
533 534
533 578
533 649
533 678
533 793
533 834
533 841
533 889
533 949
533 955
534 577
534 707
534 715
534 820
534 821
534 909
534 928
534 968
534 983
536 615
536 660
536 735
536 795
536 870
536 875
536 876
536 883
536 885
536 950
537 545
537 578
537 622
537 700
537 844
537 854
537 889
537 918
537 964
538 646
538 648
538 669
538 719
538 798
538 819
538 830
538 842
538 920
539 553
539 558
539 580
539 602
539 614
539 642
539 645
539 817
539 818
539 866
539 897
539 966
539 973
539 985
540 589
540 616
540 660
540 740
540 750
540 773
540 791
540 838
540 867
540 935
540 940
540 946
541 542
541 567
541 573
541 604
541 621
541 698
541 699
541 766
541 810
541 814
541 835
541 847
541 948
542 573
542 621
542 698
542 699
542 765
542 766
542 810
542 814
542 826
542 828
542 835
542 847
542 948
543 567
543 605
543 615
543 698
543 725
543 734
543 735
543 754
543 795
543 876
543 883
543 950
544 623
544 638
544 710
544 713
544 793
544 802
544 807
544 853
544 908
545 570
545 673
545 788
545 809
545 819
545 887
545 888
545 915
545 930
546 614
546 642
546 663
546 678
546 781
546 783
546 787
546 835
546 848
546 872
546 974
546 981
547 628
547 651
547 789
547 801
547 824
547 862
547 924
547 936
547 938
547 966
548 563
548 564
548 608
548 613
548 739
548 855
548 879
548 920
548 934
548 939
548 947
548 951
548 989
549 692
549 756
549 760
549 831
549 856
549 910
549 912
550 565
550 609
550 617
550 720
550 785
550 845
550 852
550 917
550 926
550 990
551 552
551 566
551 588
551 612
551 721
551 778
551 800
551 858
551 870
551 875
551 950
552 566
552 588
552 612
552 652
552 721
552 778
552 800
552 858
552 870
552 875
552 903
552 983
553 558
553 580
553 602
553 606
553 614
553 741
553 866
553 919
553 923
553 935
553 966
553 973
553 985
553 998
554 597
554 600
554 635
554 671
554 684
554 689
554 772
554 790
554 840
554 898
554 903
554 918
554 953
554 960
554 987
554 994
556 568
556 613
556 656
556 670
556 691
556 699
556 701
556 797
556 818
556 827
556 846
556 871
556 901
556 906
556 965
557 572
557 608
557 641
557 742
557 797
557 825
557 833
557 840
557 854
557 880
557 890
557 891
557 905
557 910
557 923
557 957
557 980
558 561
558 581
558 614
558 644
558 651
558 741
558 817
558 835
558 897
558 919
558 933
558 966
558 973
558 985
559 611
559 702
559 703
559 785
559 851
559 878
559 901
559 950
561 582
561 614
561 683
561 694
561 759
561 817
561 866
561 897
561 919
561 943
561 966
561 973
561 985
562 627
562 662
562 738
562 752
562 769
562 771
562 774
562 776
562 811
562 816
562 913
563 574
563 608
563 681
563 709
563 739
563 862
563 934
563 939
563 947
563 951
563 989
564 608
564 636
564 709
564 724
564 739
564 934
564 939
564 947
564 948
564 951
564 989
565 580
565 581
565 599
565 614
565 741
565 788
565 817
565 919
565 965
565 966
565 973
565 980
565 985
566 588
566 612
566 721
566 778
566 800
566 858
566 870
566 875
566 903
567 605
567 615
567 734
567 873
567 876
567 883
567 892
567 950
568 613
568 627
568 639
568 656
568 691
568 701
568 756
568 797
568 818
568 827
568 835
568 846
568 871
568 901
568 906
568 965
570 673
570 678
570 688
570 788
570 809
570 819
570 887
570 888
570 915
570 930
570 936
572 652
572 682
572 687
572 709
572 749
572 798
572 828
572 836
572 838
572 873
572 877
572 959
573 596
573 698
573 699
573 766
573 810
573 814
573 835
573 847
573 948
573 950
574 608
574 709
574 724
574 739
574 891
574 934
574 939
574 947
574 951
574 989
577 581
577 584
577 615
577 798
577 820
577 821
577 869
577 928
577 968
577 983
578 586
578 587
578 639
578 644
578 690
578 733
578 761
578 762
578 844
578 857
578 909
579 583
579 639
579 649
579 653
579 662
579 666
579 694
579 804
579 823
579 910
579 925
579 967
579 998
580 614
580 639
580 683
580 741
580 866
580 893
580 897
580 919
580 959
580 966
580 973
580 985
580 996
581 599
581 602
581 606
581 683
581 741
581 773
581 817
581 866
581 897
581 919
581 973
582 614
582 725
582 817
582 919
582 966
582 973
582 981
582 985
583 639
583 694
583 709
583 725
583 745
583 763
583 823
583 886
583 893
583 895
583 925
583 967
583 974
583 991
583 998
584 765
584 788
584 820
584 821
584 928
584 960
584 968
584 983
586 587
586 593
586 644
586 690
586 733
586 736
586 761
586 762
586 844
586 857
586 909
586 957
587 644
587 690
587 733
587 761
587 762
587 844
587 857
587 907
587 909
587 926
588 612
588 721
588 778
588 800
588 813
588 858
588 870
588 875
588 941
588 944
589 592
589 616
589 660
589 740
589 750
589 767
589 773
589 791
589 867
589 924
589 935
589 946
591 645
591 655
591 715
591 748
591 810
591 846
591 881
591 885
591 902
591 933
591 940
591 944
591 964
592 615
592 616
592 660
592 738
592 740
592 750
592 766
592 767
592 769
592 773
592 791
592 867
592 935
592 946
593 606
593 617
593 636
593 733
593 754
593 808
596 646
596 648
596 669
596 719
596 761
596 798
596 842
596 858
596 920
597 600
597 607
597 684
597 689
597 790
597 856
597 903
597 953
597 960
597 987
597 994
599 614
599 683
599 741
599 866
599 897
599 919
599 927
599 966
599 974
599 985
600 620
600 635
600 671
600 689
600 732
600 772
600 790
600 886
600 903
600 910
600 953
600 960
600 967
600 987
600 994
601 607
601 629
601 667
601 681
601 771
601 826
601 846
601 855
601 869
601 999
602 606
602 683
602 741
602 810
602 866
602 897
602 919
602 966
602 973
602 985
604 614
604 621
604 641
604 698
604 699
604 766
604 810
604 814
604 835
604 847
604 948
605 645
605 702
605 725
605 734
605 795
605 814
605 876
605 883
605 939
605 950
606 636
606 721
606 754
606 808
607 611
607 631
607 667
607 681
607 771
607 794
607 812
607 826
607 845
607 855
607 999
608 709
608 724
608 739
608 934
608 939
608 947
608 951
608 989
608 996
609 613
609 617
609 784
609 785
609 818
609 845
609 852
609 917
609 926
609 941
609 990
610 611
610 717
610 830
610 863
610 869
610 898
610 908
610 924
610 943
610 977
610 993
611 630
611 692
611 702
611 703
611 851
611 878
612 721
612 778
612 800
612 824
612 825
612 858
612 870
612 875
612 883
613 614
613 656
613 691
613 701
613 797
613 818
613 827
613 846
613 871
613 897
613 901
613 906
613 965
614 666
614 710
614 919
614 966
614 973
614 985
615 725
615 734
615 735
615 795
615 876
615 883
615 950
615 999
616 660
616 661
616 740
616 767
616 773
616 791
616 867
616 935
616 946
617 720
617 759
617 784
617 785
617 845
617 852
617 917
617 926
617 955
617 990
618 619
618 661
618 757
618 768
618 799
618 802
618 811
618 831
618 881
618 882
618 895
618 911
618 922
618 927
618 932
618 979
618 982
618 984
618 988
619 661
619 757
619 799
619 802
619 811
619 872
619 922
619 927
619 932
619 979
619 982
619 984
619 988
620 635
620 671
620 684
620 732
620 772
620 790
620 830
620 853
620 920
620 953
620 960
620 987
620 994
621 698
621 699
621 738
621 766
621 810
621 814
621 835
621 847
621 948
621 983
622 700
622 882
622 889
622 918
622 941
622 964
622 982
623 629
623 638
623 710
623 713
623 853
627 662
627 710
627 738
627 752
627 769
627 774
627 776
627 816
627 846
628 670
628 801
628 838
628 862
628 924
628 936
628 938
628 947
629 631
629 667
629 681
629 770
629 771
629 812
629 826
629 855
629 993
629 999
630 636
630 648
630 702
630 703
630 821
630 851
630 878
630 998
631 635
631 667
631 681
631 771
631 812
631 826
631 855
631 988
631 999
633 639
633 666
633 745
633 763
633 784
633 823
633 925
633 940
633 956
633 967
633 991
633 998
635 671
635 689
635 732
635 772
635 847
635 903
635 953
635 960
635 987
635 994
636 754
636 808
636 911
638 710
638 713
638 721
638 781
638 853
638 993
639 694
639 745
639 804
639 823
639 876
639 886
639 893
639 967
639 982
639 991
639 998
640 657
640 743
640 759
640 794
640 804
640 807
640 843
640 850
640 895
640 900
640 911
640 996
641 650
641 670
641 742
641 833
641 840
641 856
641 880
641 891
641 905
641 910
641 913
641 923
641 957
641 980
642 678
642 694
642 777
642 781
642 783
642 787
642 820
642 872
642 886
642 974
642 981
644 648
644 690
644 720
644 733
644 761
644 762
644 844
644 857
644 909
644 926
645 655
645 661
645 688
645 748
645 881
645 885
645 902
645 933
645 940
645 944
645 947
646 648
646 669
646 719
646 798
646 802
646 842
646 920
646 923
648 669
648 784
648 798
648 842
648 920
649 676
649 806
649 823
649 834
649 841
649 854
649 930
649 949
649 955
650 733
650 742
650 752
650 819
650 825
650 833
650 840
650 854
650 862
650 880
650 891
650 905
650 910
650 913
650 923
650 957
650 980
651 670
651 768
651 789
651 801
651 824
651 862
651 924
651 936
651 938
651 944
651 998
652 682
652 687
652 727
652 818
652 828
652 836
652 838
652 873
652 877
652 879
652 892
652 959
653 666
653 694
653 763
653 823
653 848
653 886
653 893
653 894
653 925
653 941
653 967
653 991
653 998
655 688
655 748
655 788
655 881
655 885
655 902
655 922
655 933
655 940
655 944
655 985
656 691
656 701
656 797
656 818
656 827
656 846
656 871
656 878
656 901
656 906
656 965
657 770
657 794
657 807
657 850
657 895
657 900
657 911
657 918
657 929
657 996
658 692
658 756
658 760
658 803
658 856
658 912
658 990
658 999
660 715
660 750
660 767
660 773
660 790
660 791
660 867
660 935
660 946
661 748
661 757
661 768
661 799
661 802
661 811
661 882
661 922
661 927
661 932
661 979
661 982
661 984
661 988
662 738
662 739
662 749
662 752
662 769
662 774
662 776
662 816
663 678
663 740
663 781
663 783
663 787
663 793
663 848
663 872
663 974
663 981
666 676
666 678
666 745
666 823
666 941
666 967
666 977
666 998
667 771
667 812
667 826
667 841
667 855
667 999
669 719
669 842
669 920
669 993
670 789
670 824
670 862
670 924
670 934
670 936
670 938
671 684
671 710
671 732
671 772
671 790
671 903
671 953
671 960
671 987
671 994
673 681
673 788
673 809
673 819
673 887
673 888
673 915
673 929
673 930
676 793
676 798
676 806
676 834
676 949
676 955
678 777
678 781
678 783
678 787
678 848
678 872
678 974
678 981
681 727
681 771
681 812
681 826
681 855
681 999
682 687
682 749
682 828
682 836
682 838
682 854
682 877
682 890
682 892
682 959
683 741
683 794
683 866
683 897
683 919
683 929
683 966
683 973
683 985
684 689
684 790
684 799
684 903
684 926
684 953
684 960
684 987
684 994
686 715
686 736
686 862
686 909
686 984
687 727
687 749
687 828
687 836
687 838
687 873
687 890
687 892
687 920
687 959
688 881
688 885
688 895
688 902
688 933
688 940
688 944
688 984
689 703
689 732
689 778
689 790
689 903
689 935
689 940
689 953
689 960
689 987
689 994
690 733
690 750
690 761
690 762
690 844
690 857
690 909
690 991
691 701
691 797
691 818
691 827
691 846
691 871
691 901
691 906
691 965
691 993
692 759
692 768
692 803
692 856
692 912
694 763
694 804
694 823
694 886
694 893
694 925
694 928
694 941
694 947
694 991
694 998
695 699
695 717
695 879
695 894
695 912
695 956
695 973
698 766
698 810
698 814
698 835
698 847
698 948
699 766
699 810
699 814
699 835
699 847
699 855
699 948
699 965
700 851
700 887
700 889
700 918
700 949
700 964
700 988
701 707
701 797
701 807
701 818
701 827
701 846
701 871
701 897
701 901
701 906
701 965
702 703
702 851
702 878
703 808
703 834
703 851
703 878
703 925
705 715
705 860
705 877
705 907
705 920
705 959
707 743
707 770
707 794
707 807
707 843
707 849
707 895
707 900
707 911
707 929
707 989
707 996
709 724
709 739
709 778
709 934
709 939
709 947
709 951
709 989
710 713
710 853
710 938
713 717
713 853
715 860
715 907
717 879
717 894
717 944
717 956
719 727
719 763
719 798
719 842
719 920
719 922
720 784
720 785
720 845
720 852
720 869
720 917
720 926
720 990
721 778
721 800
721 824
721 845
721 858
721 870
721 875
721 885
724 739
724 907
724 934
724 939
724 947
724 951
724 987
724 989
724 994
725 734
725 735
725 769
725 791
725 795
725 876
725 883
725 935
725 950
727 749
727 813
727 828
727 873
727 877
727 890
727 905
727 940
727 959
732 741
732 768
732 790
732 798
732 903
732 953
732 960
732 987
732 994
733 734
733 761
733 762
733 770
733 844
733 857
733 909
734 795
734 876
734 883
734 910
734 950
735 740
735 745
735 795
735 883
735 950
736 760
736 981
738 752
738 769
738 774
738 776
738 803
738 816
738 966
739 877
739 918
739 934
739 939
739 947
739 951
739 989
740 767
740 791
740 794
740 848
740 867
740 935
740 946
741 774
741 804
741 817
741 866
741 905
741 919
741 966
741 973
741 985
742 825
742 833
742 840
742 854
742 880
742 891
742 905
742 910
742 913
742 923
742 941
742 957
742 980
743 759
743 762
743 770
743 794
743 807
743 843
743 849
743 850
743 895
743 900
743 911
743 929
743 973
743 996
745 763
745 804
745 891
745 893
745 941
745 967
745 991
748 881
748 885
748 902
748 933
748 940
748 944
749 819
749 828
749 836
749 838
749 877
749 890
749 892
749 959
750 767
750 791
750 823
750 867
750 935
750 946
750 973
752 769
752 774
752 776
752 816
752 900
752 902
754 808
756 760
756 803
756 834
756 856
756 912
756 956
756 957
757 768
757 776
757 799
757 802
757 811
757 831
757 847
757 882
757 922
757 927
757 932
757 934
757 979
757 982
757 984
757 988
759 770
759 807
759 843
759 849
759 850
759 895
759 900
759 911
759 923
759 991
759 996
760 803
760 856
760 912
760 943
761 762
761 817
761 844
761 857
761 909
761 999
762 844
762 857
762 909
763 802
763 804
763 823
763 883
763 886
763 893
763 908
763 911
763 925
763 941
763 967
763 991
763 998
765 787
765 817
765 820
765 821
765 880
765 917
765 928
765 968
765 983
766 810
766 814
766 835
766 847
766 948
767 773
767 791
767 793
767 825
767 867
767 883
767 935
767 946
767 959
768 772
768 774
768 799
768 802
768 811
768 831
768 882
768 922
768 927
768 932
768 979
768 982
768 984
768 988
769 774
769 776
769 816
769 922
769 955
770 794
770 807
770 843
770 849
770 850
770 895
770 900
770 911
770 929
770 996
771 777
771 812
771 826
771 855
771 999
772 872
772 903
772 953
772 960
772 987
772 991
772 994
773 791
773 867
773 935
773 946
773 980
774 776
774 816
776 816
776 855
776 903
776 989
777 781
777 783
777 787
777 848
777 872
777 907
777 974
777 981
777 998
778 800
778 845
778 858
778 870
778 875
781 783
781 787
781 848
781 849
781 872
781 974
781 981
783 787
783 848
783 872
783 974
783 977
783 981
784 785
784 845
784 852
784 917
784 926
784 990
785 845
785 852
785 857
785 880
785 917
785 926
785 990
787 848
787 872
787 889
787 956
787 974
787 981
788 809
788 819
788 863
788 887
788 888
788 915
788 930
789 801
789 824
789 862
789 924
789 928
789 936
789 938
790 804
790 871
790 903
790 953
790 960
790 987
790 994
791 867
791 891
791 908
791 935
791 946
793 797
793 806
793 834
793 841
793 949
793 955
793 956
794 807
794 843
794 850
794 895
794 900
794 911
794 929
794 951
794 996
795 826
795 831
795 883
795 925
795 950
797 818
797 827
797 846
797 871
797 901
797 906
797 965
798 809
798 842
798 920
798 930
799 802
799 811
799 831
799 882
799 922
799 927
799 932
799 979
799 982
799 984
799 988
799 993
800 858
800 869
800 870
800 875
800 886
800 990
801 835
801 862
801 924
801 936
801 938
801 939
801 951
802 811
802 831
802 882
802 922
802 927
802 932
802 938
802 979
802 982
802 984
802 988
803 811
803 841
803 856
803 912
804 823
804 886
804 893
804 900
804 912
804 925
804 967
804 991
804 998
806 834
806 841
806 893
806 927
806 949
806 955
806 967
807 816
807 843
807 848
807 849
807 895
807 900
807 911
807 929
807 996
808 821
808 898
808 965
808 974
809 819
809 882
809 887
809 888
809 915
809 930
809 981
810 814
810 835
810 847
810 867
810 871
810 948
811 827
811 831
811 882
811 883
811 922
811 927
811 932
811 979
811 982
811 984
811 988
812 826
812 850
812 855
812 999
813 828
813 838
813 873
813 877
813 890
813 892
813 959
814 833
814 835
814 847
814 948
814 973
816 878
816 949
817 866
817 897
817 909
817 919
817 965
817 966
817 985
817 990
818 827
818 831
818 846
818 871
818 901
818 906
818 965
819 849
819 887
819 888
819 915
819 930
820 821
820 901
820 928
820 953
820 968
820 983
821 928
821 968
821 983
823 886
823 893
823 925
823 941
823 991
823 998
824 924
824 936
824 938
824 953
825 833
825 840
825 854
825 880
825 891
825 905
825 910
825 913
825 923
825 925
825 957
825 980
826 855
826 875
826 938
826 989
826 999
827 833
827 846
827 871
827 901
827 906
827 959
827 965
828 836
828 873
828 890
828 930
828 959
830 854
830 863
830 869
830 898
830 908
830 920
830 943
830 977
830 993
831 882
831 922
831 927
831 932
831 979
831 982
831 984
831 988
831 999
833 840
833 854
833 867
833 880
833 891
833 905
833 910
833 913
833 923
833 957
833 980
833 983
834 841
834 843
834 949
834 955
835 847
835 915
835 948
836 838
836 845
836 847
836 872
836 873
836 877
836 889
836 890
836 892
836 959
836 994
838 873
838 877
838 885
838 890
838 892
838 929
838 959
840 854
840 880
840 891
840 905
840 913
840 923
840 957
840 980
841 949
841 955
842 863
842 920
843 849
843 850
843 895
843 900
843 908
843 911
843 927
843 929
843 996
844 857
844 887
844 909
844 996
845 852
845 917
845 926
845 990
846 851
846 871
846 901
846 906
846 915
846 965
847 875
847 878
847 948
848 872
848 974
848 981
849 850
849 891
849 895
849 900
849 911
849 929
849 996
850 900
850 911
850 929
850 994
850 996
851 878
851 913
851 940
852 897
852 917
852 919
852 926
852 928
852 990
853 910
853 989
854 880
854 891
854 905
854 910
854 913
854 923
854 941
854 957
854 980
855 982
855 999
856 912
856 932
857 901
857 909
857 924
857 947
858 870
858 875
858 880
858 885
860 905
860 907
860 924
860 929
862 866
862 924
862 936
862 938
862 981
863 869
863 882
863 898
863 908
863 943
863 953
863 959
863 977
863 980
863 993
866 897
866 966
866 973
866 985
867 935
867 946
867 988
869 898
869 908
869 943
869 977
869 993
870 875
870 906
870 991
870 998
871 894
871 901
871 906
871 930
871 948
871 965
872 887
872 974
872 981
873 877
873 881
873 890
873 892
873 909
873 959
875 887
875 929
876 883
876 940
876 950
877 890
877 892
877 936
877 959
878 918
879 894
879 956
880 891
880 905
880 910
880 913
880 923
880 946
880 957
880 980
880 985
881 885
881 886
881 902
881 918
881 933
881 940
881 944
882 922
882 927
882 932
882 933
882 977
882 979
882 982
882 984
882 988
883 900
883 950
885 902
885 933
885 940
885 944
885 983
886 891
886 893
886 925
886 941
886 967
886 982
886 991
887 888
887 902
887 915
887 930
888 915
888 930
889 898
889 918
889 964
890 946
890 959
890 994
891 905
891 910
891 913
891 923
891 957
891 980
892 944
892 949
892 959
892 968
893 938
893 941
893 991
893 998
894 956
895 900
895 911
895 929
895 996
897 901
897 919
897 966
897 985
898 908
898 943
898 977
898 993
900 929
900 996
901 906
901 917
901 965
902 933
902 940
902 944
902 979
903 953
903 960
903 987
903 994
905 910
905 913
905 923
905 955
905 957
905 959
905 980
906 911
906 964
906 965
906 973
906 985
907 919
908 913
908 943
908 977
908 993
910 913
910 923
910 943
910 957
910 980
911 929
911 990
911 996
912 940
912 979
913 923
913 957
913 980
915 930
917 926
917 946
917 979
917 990
918 928
918 964
919 960
919 966
919 973
919 985
922 927
922 932
922 947
922 979
922 982
922 984
922 988
923 957
923 980
924 936
924 938
925 941
925 964
925 967
925 991
925 998
926 932
926 990
927 932
927 979
927 982
927 984
927 988
928 939
928 968
928 983
929 964
929 996
930 932
932 936
932 979
932 982
932 984
932 988
933 940
933 944
933 988
934 939
934 947
934 951
934 957
934 966
934 989
935 946
935 951
936 938
936 939
936 968
939 947
939 951
939 989
940 944
941 967
941 991
941 998
943 951
943 977
943 993
944 964
946 953
947 951
947 989
948 982
949 955
950 959
951 989
953 960
953 977
953 987
953 994
956 991
957 979
957 980
960 968
960 987
960 994
964 980
964 985
966 973
966 985
966 989
967 991
967 998
968 983
968 984
973 985
974 980
974 981
977 993
979 982
979 984
979 988
981 987
982 984
982 988
984 988
984 991
984 994
987 994
988 996
991 998
993 999
