1 17 
2 1 
3 20 
4 7 
5 25 
6 1 
7 22 
8 30 
9 1 
10 13 
11 11 
12 33 
13 31 
14 27 
15 30 
0 0 
17 16 
18 10 
19 9 
20 3 
21 32 
22 28 
0 0 
24 11 
25 21 
26 17 
27 20 
28 6 
29 14 
30 30 
31 12 
32 3 
33 24 
34 5 
35 1 
36 12 
37 13 
38 16 
39 3 
40 20 
41 22 
42 21 
43 6 
44 9 
45 16 
0 0 
0 0 
48 18 
49 23 
50 17 
51 8 
52 25 
53 2 
54 18 
55 10 
0 0 
57 32 
58 26 
59 8 
60 10 
61 11 
62 2 
63 28 
64 22 
65 6 
66 7 
67 25 
68 19 
69 16 
70 20 
71 12 
0 0 
73 27 
74 17 
75 25 
76 8 
77 2 
78 5 
79 15 
80 22 
81 11 
82 31 
83 10 
84 9 
85 6 
86 23 
87 5 
88 6 
89 25 
90 18 
91 6 
92 25 
93 10 
94 8 
0 0 
0 0 
97 3 
0 0 
99 20 
100 28 
101 11 
102 2 
103 16 
104 31 
105 20 
106 6 
107 18 
108 13 
0 0 
110 20 
111 30 
112 6 
113 27 
114 19 
115 23 
116 11 
117 20 
118 32 
119 31 
0 0 
121 24 
122 28 
123 15 
124 19 
125 8 
126 33 
127 21 
128 13 
129 26 
130 23 
131 27 
0 0 
133 8 
134 32 
135 13 
136 33 
137 21 
138 6 
139 17 
140 1 
141 16 
0 0 
143 7 
144 17 
145 12 
146 16 
147 16 
148 1 
149 18 
150 11 
151 24 
152 33 
153 5 
154 32 
155 29 
156 1 
157 19 
158 22 
159 1 
160 31 
161 24 
162 25 
163 24 
164 8 
0 0 
166 30 
0 0 
168 30 
169 3 
170 30 
171 15 
172 15 
173 19 
174 18 
175 22 
176 12 
0 0 
178 8 
179 8 
180 22 
181 4 
182 19 
0 0 
184 24 
185 17 
186 29 
187 31 
188 1 
189 19 
190 1 
191 17 
0 0 
193 8 
194 18 
195 5 
196 8 
197 24 
198 4 
199 4 
200 13 
201 15 
202 16 
0 0 
0 0 
205 19 
206 21 
207 14 
208 16 
209 4 
210 18 
211 23 
212 28 
0 0 
214 17 
0 0 
216 18 
217 32 
218 12 
219 21 
220 25 
221 9 
222 31 
223 31 
224 22 
225 5 
226 10 
227 2 
228 4 
229 27 
230 27 
231 11 
232 4 
233 24 
234 19 
235 30 
236 5 
237 15 
238 29 
239 27 
240 29 
241 8 
242 29 
243 26 
244 33 
245 19 
246 19 
247 19 
248 1 
249 24 
250 31 
251 25 
252 6 
0 0 
254 28 
255 3 
256 28 
257 17 
0 0 
259 17 
260 6 
261 1 
262 30 
263 21 
264 32 
265 6 
266 20 
267 23 
268 5 
269 7 
0 0 
271 7 
272 29 
273 11 
274 13 
275 10 
276 9 
0 0 
278 24 
279 28 
280 3 
0 0 
282 13 
283 13 
284 23 
285 10 
286 16 
287 33 
288 12 
289 18 
290 4 
291 16 
0 0 
293 7 
294 26 
295 25 
296 3 
297 5 
298 32 
299 9 
300 8 
301 12 
0 0 
303 24 
304 26 
305 16 
306 8 
307 14 
308 13 
309 30 
310 11 
311 26 
312 7 
0 0 
314 29 
315 13 
0 0 
317 14 
318 21 
319 28 
320 11 
321 32 
322 20 
323 14 
324 20 
325 16 
326 21 
327 29 
328 4 
329 22 
330 25 
0 0 
332 6 
333 6 
334 15 
335 32 
336 14 
337 16 
338 32 
339 11 
340 12 
341 11 
342 4 
343 6 
344 22 
345 12 
346 4 
347 32 
348 13 
349 28 
350 30 
351 15 
352 20 
353 10 
354 18 
355 10 
356 7 
357 26 
358 13 
359 30 
360 23 
361 2 
362 6 
363 6 
0 0 
365 29 
366 25 
367 13 
368 10 
369 32 
370 26 
371 26 
372 3 
373 25 
374 17 
375 19 
376 27 
377 5 
378 24 
379 16 
380 23 
0 0 
382 29 
383 33 
384 11 
385 29 
386 4 
0 0 
388 18 
389 10 
390 13 
391 18 
0 0 
393 14 
394 26 
395 9 
396 31 
397 17 
0 0 
0 0 
400 33 
401 8 
402 18 
403 30 
404 4 
405 33 
406 19 
407 7 
408 1 
409 29 
410 15 
411 4 
412 7 
413 28 
414 8 
415 2 
416 22 
417 16 
418 30 
419 33 
420 19 
421 2 
422 22 
423 15 
424 5 
425 3 
426 9 
427 28 
428 31 
429 14 
430 32 
431 11 
432 9 
433 8 
434 13 
435 18 
436 28 
437 11 
438 7 
439 30 
440 32 
441 23 
442 32 
443 23 
444 25 
445 26 
446 17 
447 19 
448 19 
449 9 
450 14 
451 3 
452 16 
453 1 
454 9 
455 10 
456 21 
457 18 
458 12 
459 8 
460 11 
461 5 
462 3 
463 2 
464 7 
465 20 
466 16 
467 4 
468 17 
469 10 
470 14 
471 24 
472 22 
473 8 
474 15 
475 32 
476 29 
0 0 
0 0 
479 16 
0 0 
481 13 
482 9 
483 13 
484 1 
485 9 
486 19 
487 29 
488 29 
489 11 
0 0 
491 19 
492 30 
493 14 
494 32 
495 19 
496 4 
497 7 
498 13 
499 6 
500 19 
501 30 
502 17 
0 0 
504 33 
505 5 
506 20 
0 0 
0 0 
509 12 
510 21 
511 10 
512 16 
513 29 
0 0 
515 11 
516 27 
517 17 
518 13 
519 7 
520 7 
521 2 
522 10 
523 15 
0 0 
525 19 
526 15 
527 20 
528 31 
529 28 
530 14 
531 29 
532 32 
533 20 
534 3 
0 0 
536 23 
537 2 
538 23 
539 11 
540 10 
541 28 
542 27 
543 15 
544 26 
545 3 
546 9 
547 6 
548 13 
549 8 
550 10 
551 5 
552 13 
553 19 
554 17 
555 27 
556 25 
557 31 
558 25 
559 26 
560 9 
561 11 
562 7 
563 12 
564 9 
565 19 
566 4 
567 5 
568 25 
569 23 
570 27 
571 4 
572 29 
573 28 
574 24 
0 0 
576 30 
0 0 
578 13 
579 33 
580 11 
581 11 
582 11 
583 33 
584 5 
585 23 
586 14 
587 14 
588 24 
589 23 
0 0 
591 7 
592 9 
593 21 
0 0 
595 13 
0 0 
597 17 
598 21 
599 25 
600 17 
601 21 
602 11 
0 0 
604 28 
605 29 
606 30 
0 0 
608 11 
0 0 
610 1 
611 32 
612 24 
613 25 
614 11 
615 8 
616 31 
617 15 
618 28 
619 6 
620 17 
621 3 
622 2 
623 3 
624 23 
0 0 
626 27 
627 7 
628 21 
629 30 
630 32 
631 13 
632 28 
633 33 
634 4 
635 17 
636 21 
637 4 
0 0 
639 33 
640 21 
641 15 
642 14 
643 15 
644 6 
645 19 
646 25 
647 10 
0 0 
649 20 
650 31 
651 13 
652 29 
653 33 
654 27 
655 19 
656 4 
657 16 
658 10 
659 30 
660 27 
661 6 
662 11 
663 32 
0 0 
0 0 
666 33 
667 4 
668 14 
669 28 
670 2 
671 3 
672 30 
673 3 
674 22 
675 15 
676 26 
677 10 
678 23 
0 0 
680 18 
681 21 
682 28 
683 25 
684 17 
685 12 
686 18 
687 29 
688 19 
689 11 
690 14 
691 25 
692 8 
693 23 
694 33 
0 0 
696 12 
697 10 
698 28 
699 21 
700 18 
701 23 
702 6 
703 32 
704 27 
705 5 
706 30 
707 16 
0 0 
709 22 
710 26 
711 23 
712 2 
713 26 
714 25 
715 5 
716 11 
717 7 
718 27 
719 1 
720 24 
721 24 
722 13 
0 0 
724 29 
725 14 
726 21 
727 29 
728 15 
729 3 
730 13 
731 9 
732 17 
733 30 
734 3 
0 0 
736 18 
737 15 
738 13 
739 1 
740 2 
741 18 
742 31 
743 16 
744 24 
745 33 
746 12 
747 27 
748 24 
749 1 
750 4 
751 9 
752 12 
753 29 
754 9 
0 0 
756 8 
757 6 
758 11 
759 16 
760 8 
761 9 
762 1 
763 33 
764 13 
765 27 
766 8 
767 3 
768 6 
769 7 
770 16 
771 19 
772 17 
773 22 
774 7 
775 30 
776 7 
777 26 
778 24 
779 30 
780 13 
781 2 
0 0 
783 3 
784 27 
785 23 
786 22 
787 1 
788 3 
789 8 
790 33 
791 13 
0 0 
793 1 
794 16 
795 10 
796 4 
797 25 
798 10 
799 6 
800 24 
0 0 
802 6 
803 28 
804 33 
805 24 
806 20 
807 16 
808 29 
809 24 
810 28 
811 31 
812 1 
813 29 
814 2 
815 12 
816 6 
817 11 
818 25 
819 3 
820 3 
0 0 
822 27 
823 33 
824 8 
825 31 
826 22 
827 25 
828 20 
829 18 
830 1 
831 6 
0 0 
833 31 
834 20 
835 6 
836 29 
837 15 
838 29 
839 22 
840 14 
841 20 
842 11 
843 16 
844 32 
845 10 
846 15 
847 28 
848 10 
849 27 
850 16 
851 32 
852 22 
853 29 
854 31 
0 0 
856 8 
857 8 
858 24 
859 23 
860 5 
861 23 
862 24 
863 1 
864 10 
865 30 
866 11 
867 4 
0 0 
869 1 
870 24 
871 25 
872 23 
873 29 
874 22 
875 13 
876 10 
877 29 
878 32 
879 27 
880 31 
881 19 
882 32 
883 23 
884 27 
885 19 
886 33 
887 3 
888 3 
889 2 
890 29 
891 31 
892 29 
893 33 
894 22 
895 16 
896 10 
897 11 
898 31 
0 0 
900 16 
901 20 
902 19 
903 17 
904 2 
905 31 
906 25 
907 30 
908 1 
909 14 
910 5 
911 22 
912 8 
913 31 
914 13 
915 3 
916 4 
917 16 
918 2 
919 11 
0 0 
921 23 
922 6 
923 31 
924 22 
925 33 
926 23 
927 6 
928 32 
929 16 
930 3 
0 0 
932 6 
933 16 
934 16 
935 23 
0 0 
937 10 
938 22 
0 0 
940 19 
941 33 
942 13 
943 1 
944 19 
945 27 
0 0 
947 11 
948 1 
949 29 
950 24 
951 1 
952 13 
953 17 
0 0 
955 3 
0 0 
957 31 
0 0 
959 29 
960 17 
961 16 
962 27 
963 22 
964 17 
965 25 
966 11 
967 33 
968 24 
969 13 
0 0 
0 0 
972 23 
973 11 
974 13 
975 27 
976 13 
977 1 
0 0 
979 6 
980 31 
0 0 
982 6 
983 30 
984 6 
985 11 
986 22 
987 17 
988 6 
989 24 
990 23 
991 33 
992 24 
993 25 
994 22 
995 22 
996 32 
997 1 
998 33 
999 24 
1000 30 
