1 23 
2 1 
3 17 
4 7 
5 30 
6 1 
0 0 
8 31 
9 1 
0 0 
11 10 
12 29 
13 27 
14 23 
15 26 
0 0 
17 13 
0 0 
19 30 
20 3 
21 28 
22 24 
0 0 
24 10 
25 18 
26 14 
27 17 
28 6 
29 11 
30 26 
0 0 
32 3 
33 20 
34 5 
35 1 
0 0 
0 0 
38 13 
39 30 
40 17 
0 0 
42 18 
43 6 
44 4 
45 13 
46 33 
0 0 
48 15 
49 19 
50 14 
51 30 
52 31 
53 2 
54 15 
0 0 
0 0 
57 31 
58 22 
59 8 
0 0 
61 10 
62 2 
63 24 
0 0 
65 6 
66 7 
67 15 
68 16 
69 13 
70 17 
0 0 
0 0 
73 23 
74 14 
75 8 
76 8 
77 2 
78 5 
79 12 
0 0 
81 10 
82 27 
83 26 
84 9 
85 6 
86 19 
87 5 
88 6 
89 21 
90 15 
91 6 
92 10 
93 32 
94 8 
95 30 
0 0 
97 3 
0 0 
99 17 
100 24 
101 10 
102 2 
103 13 
104 27 
105 17 
106 6 
107 15 
0 0 
0 0 
110 21 
111 26 
112 6 
113 17 
114 33 
115 19 
116 10 
117 17 
118 28 
119 27 
120 31 
121 6 
122 24 
123 12 
124 33 
125 8 
126 29 
127 18 
128 11 
129 21 
130 19 
131 23 
0 0 
133 8 
134 28 
0 0 
136 29 
137 18 
138 6 
139 14 
140 1 
141 13 
0 0 
143 5 
144 14 
145 27 
146 31 
147 13 
148 1 
149 28 
150 10 
151 20 
152 29 
153 5 
154 28 
155 25 
156 1 
157 16 
0 0 
159 1 
160 27 
161 20 
162 21 
163 20 
164 8 
165 30 
166 26 
0 0 
168 26 
169 3 
170 8 
0 0 
172 12 
173 16 
174 15 
175 10 
176 30 
177 32 
178 8 
179 8 
180 30 
181 4 
182 16 
0 0 
184 20 
185 14 
186 25 
187 29 
188 1 
189 16 
190 1 
191 14 
0 0 
193 30 
194 15 
195 5 
196 8 
197 20 
198 5 
199 32 
0 0 
201 4 
202 13 
203 31 
204 31 
205 5 
206 18 
207 32 
208 13 
209 30 
210 15 
211 19 
212 24 
0 0 
214 14 
215 33 
216 15 
217 28 
0 0 
219 18 
220 21 
221 9 
222 27 
223 27 
0 0 
225 5 
226 30 
227 2 
228 4 
229 23 
230 23 
231 10 
232 4 
233 20 
234 16 
235 26 
236 5 
237 12 
238 25 
239 23 
240 25 
241 31 
242 25 
243 2 
244 29 
245 4 
246 16 
247 16 
248 1 
249 20 
250 27 
251 20 
252 6 
0 0 
254 24 
255 33 
256 24 
257 14 
258 33 
259 14 
260 6 
261 1 
262 15 
263 18 
0 0 
265 32 
266 17 
267 19 
268 5 
269 7 
0 0 
271 32 
272 25 
273 10 
0 0 
0 0 
276 9 
0 0 
278 20 
279 25 
280 15 
0 0 
0 0 
0 0 
284 19 
0 0 
286 13 
287 29 
0 0 
289 15 
290 4 
291 13 
0 0 
293 7 
294 22 
295 21 
296 33 
297 5 
298 31 
299 9 
300 32 
0 0 
302 31 
303 20 
304 22 
305 4 
306 8 
307 11 
0 0 
309 26 
310 10 
311 33 
312 7 
0 0 
314 25 
315 31 
0 0 
317 11 
318 18 
319 24 
320 10 
321 28 
322 17 
323 11 
324 17 
325 13 
326 18 
327 25 
328 4 
0 0 
330 21 
331 31 
332 6 
333 6 
334 12 
335 28 
336 11 
337 13 
338 28 
339 10 
340 32 
341 10 
342 4 
343 6 
0 0 
345 33 
346 4 
347 28 
0 0 
349 24 
350 26 
351 12 
352 17 
353 31 
354 15 
355 30 
356 13 
357 22 
0 0 
359 26 
360 30 
361 32 
362 6 
363 6 
0 0 
365 25 
366 29 
0 0 
0 0 
369 28 
370 22 
371 22 
372 3 
0 0 
374 14 
375 16 
376 29 
377 30 
378 20 
379 13 
380 33 
0 0 
382 25 
383 29 
384 10 
385 25 
386 4 
0 0 
388 15 
0 0 
390 32 
391 15 
392 31 
393 11 
394 22 
395 9 
396 27 
397 14 
0 0 
399 31 
400 29 
401 8 
402 15 
403 26 
404 4 
405 29 
406 16 
407 7 
408 1 
409 25 
410 12 
411 4 
412 7 
413 24 
414 8 
415 8 
416 17 
417 13 
418 26 
419 32 
420 16 
421 2 
422 30 
423 12 
424 31 
425 14 
426 9 
427 24 
428 26 
429 11 
430 28 
431 10 
432 11 
433 3 
0 0 
435 15 
436 24 
437 10 
438 7 
439 26 
440 28 
441 19 
442 28 
443 19 
444 21 
445 22 
446 4 
447 16 
448 16 
449 9 
450 11 
451 3 
452 13 
453 1 
454 9 
0 0 
456 20 
457 15 
458 32 
459 8 
460 10 
461 5 
462 3 
463 2 
464 7 
465 17 
466 13 
467 4 
468 14 
469 33 
0 0 
471 32 
472 12 
473 8 
474 12 
475 28 
476 25 
0 0 
0 0 
479 13 
0 0 
0 0 
482 9 
0 0 
484 1 
485 9 
486 16 
487 25 
488 25 
489 10 
0 0 
491 16 
492 26 
493 11 
494 28 
495 16 
496 4 
497 7 
498 33 
499 6 
500 16 
501 12 
502 14 
0 0 
504 29 
505 5 
506 17 
0 0 
0 0 
509 33 
510 18 
511 26 
512 13 
513 25 
0 0 
515 10 
516 23 
517 14 
518 8 
519 7 
520 7 
521 2 
0 0 
523 12 
0 0 
525 16 
526 12 
527 17 
528 27 
529 24 
530 11 
531 25 
532 28 
533 17 
534 3 
0 0 
536 19 
537 2 
538 19 
539 10 
0 0 
541 24 
542 23 
543 12 
544 22 
545 3 
546 9 
547 30 
0 0 
549 8 
0 0 
551 5 
552 30 
553 16 
554 14 
555 23 
556 21 
557 27 
558 21 
559 28 
560 9 
561 10 
562 7 
0 0 
564 9 
565 16 
566 4 
0 0 
568 21 
0 0 
570 23 
571 4 
572 25 
573 24 
574 33 
0 0 
576 26 
0 0 
578 11 
579 29 
580 10 
581 10 
582 10 
583 29 
584 5 
585 19 
586 11 
587 11 
588 20 
589 19 
0 0 
591 10 
592 9 
593 18 
0 0 
595 33 
596 32 
597 14 
598 4 
599 21 
600 14 
601 18 
602 10 
0 0 
604 24 
605 25 
606 26 
0 0 
608 10 
0 0 
610 1 
611 28 
612 20 
613 21 
614 10 
615 8 
616 27 
617 12 
618 6 
619 6 
620 14 
621 3 
622 2 
623 31 
624 19 
0 0 
626 23 
627 7 
628 30 
629 26 
630 28 
0 0 
632 24 
633 29 
634 4 
635 14 
636 18 
637 4 
638 32 
639 29 
640 18 
641 27 
642 31 
643 12 
644 6 
645 16 
646 21 
0 0 
0 0 
649 17 
650 27 
651 30 
652 25 
653 29 
654 23 
655 16 
656 4 
657 13 
658 8 
659 26 
660 23 
661 6 
662 7 
663 31 
664 33 
665 33 
666 29 
667 4 
668 32 
669 5 
670 30 
671 3 
672 26 
673 3 
0 0 
675 12 
676 17 
0 0 
678 19 
0 0 
680 33 
681 18 
682 25 
683 21 
684 14 
685 32 
686 15 
687 25 
688 16 
689 2 
690 11 
691 21 
692 8 
693 19 
694 29 
695 33 
0 0 
0 0 
698 24 
699 5 
700 15 
701 22 
702 6 
703 28 
704 23 
705 5 
706 26 
707 13 
0 0 
709 32 
710 22 
711 19 
712 12 
713 22 
714 33 
715 5 
716 10 
717 33 
718 23 
719 1 
720 20 
721 20 
0 0 
0 0 
724 25 
725 11 
726 33 
727 25 
728 12 
729 12 
0 0 
731 9 
732 14 
733 26 
734 3 
0 0 
736 15 
737 12 
738 30 
739 1 
740 2 
741 10 
742 27 
743 13 
744 33 
745 29 
0 0 
747 23 
748 16 
749 25 
750 30 
751 9 
752 32 
753 32 
754 9 
755 32 
756 8 
757 6 
758 10 
759 13 
760 8 
761 9 
762 1 
763 29 
0 0 
765 23 
766 8 
767 3 
768 6 
769 7 
770 13 
771 16 
772 14 
0 0 
774 7 
775 26 
776 7 
777 31 
778 20 
779 26 
0 0 
781 2 
0 0 
783 31 
784 23 
785 19 
0 0 
787 31 
788 3 
789 30 
790 29 
0 0 
0 0 
793 1 
794 13 
0 0 
796 4 
797 21 
798 33 
799 6 
800 20 
801 30 
802 6 
803 24 
804 29 
805 20 
806 17 
807 13 
808 25 
809 32 
810 24 
811 6 
812 1 
813 25 
814 24 
0 0 
816 7 
817 10 
818 21 
819 3 
820 3 
0 0 
822 23 
823 29 
824 8 
825 27 
0 0 
827 21 
828 25 
829 32 
830 1 
831 6 
832 33 
833 27 
834 17 
835 24 
836 25 
837 12 
838 25 
0 0 
840 11 
841 17 
842 10 
843 13 
844 28 
0 0 
846 31 
847 24 
848 31 
849 13 
850 13 
851 28 
0 0 
853 25 
854 27 
0 0 
856 8 
857 11 
858 20 
859 32 
860 5 
861 19 
862 30 
863 1 
0 0 
865 26 
866 10 
867 4 
868 32 
869 1 
870 20 
871 21 
872 31 
873 25 
874 31 
875 24 
876 29 
877 25 
878 28 
879 23 
880 27 
881 16 
882 23 
883 19 
884 23 
885 16 
886 29 
887 3 
888 3 
889 2 
890 25 
891 27 
892 25 
893 29 
0 0 
895 13 
0 0 
897 10 
898 27 
0 0 
900 13 
901 17 
902 16 
903 14 
904 2 
905 27 
906 21 
907 26 
908 1 
909 11 
910 27 
911 13 
912 8 
913 27 
0 0 
915 3 
916 4 
917 5 
918 2 
919 10 
920 32 
921 19 
922 6 
923 27 
924 30 
925 29 
926 19 
927 6 
928 28 
929 13 
930 3 
0 0 
932 6 
933 16 
934 13 
935 19 
936 30 
0 0 
938 30 
0 0 
940 16 
941 29 
942 32 
943 1 
944 16 
945 23 
0 0 
947 10 
948 1 
949 17 
0 0 
951 23 
0 0 
953 14 
0 0 
955 3 
956 33 
957 27 
0 0 
959 25 
960 14 
961 13 
962 23 
963 33 
964 14 
965 21 
966 10 
967 29 
968 20 
0 0 
0 0 
0 0 
972 19 
973 10 
974 31 
975 23 
0 0 
977 1 
0 0 
979 6 
980 27 
981 31 
982 6 
983 26 
984 6 
985 10 
0 0 
987 14 
988 6 
989 17 
990 19 
991 29 
992 33 
993 1 
994 14 
0 0 
996 13 
997 1 
998 29 
0 0 
1000 26 
