1 20 
2 1 
3 15 
4 6 
5 27 
6 1 
0 0 
8 28 
9 1 
0 0 
11 9 
12 26 
13 24 
14 20 
15 23 
16 31 
17 11 
0 0 
19 27 
20 31 
21 25 
22 32 
0 0 
24 9 
25 16 
26 12 
27 15 
28 31 
29 10 
30 23 
31 32 
32 31 
33 17 
34 4 
35 1 
0 0 
0 0 
38 11 
39 27 
40 15 
0 0 
42 16 
43 5 
0 0 
45 11 
0 0 
47 31 
48 13 
0 0 
50 12 
51 27 
52 24 
53 2 
54 18 
0 0 
0 0 
57 28 
58 18 
59 7 
0 0 
61 9 
62 2 
63 3 
64 31 
65 5 
66 6 
67 13 
68 14 
69 11 
70 15 
0 0 
0 0 
73 20 
74 6 
75 7 
76 31 
77 33 
78 4 
79 33 
0 0 
81 9 
82 24 
83 23 
84 30 
85 5 
0 0 
87 14 
88 5 
89 18 
90 13 
91 5 
92 9 
93 18 
94 7 
95 27 
0 0 
97 3 
0 0 
99 15 
100 31 
101 9 
102 33 
103 11 
104 24 
105 15 
106 5 
107 13 
0 0 
109 30 
110 14 
111 23 
112 5 
113 15 
0 0 
115 15 
116 9 
117 15 
118 25 
119 24 
120 28 
121 33 
122 21 
0 0 
124 30 
125 7 
126 30 
127 16 
128 10 
129 32 
130 31 
131 20 
132 32 
133 32 
134 25 
0 0 
136 26 
137 16 
138 5 
139 30 
140 1 
141 11 
142 30 
143 4 
144 12 
145 24 
146 28 
147 11 
148 22 
149 25 
150 9 
151 17 
152 26 
153 30 
154 25 
155 22 
156 1 
157 14 
0 0 
159 1 
160 24 
161 17 
162 18 
163 17 
164 7 
165 27 
166 23 
0 0 
168 23 
169 3 
170 7 
0 0 
0 0 
173 14 
174 13 
175 9 
176 15 
177 31 
178 7 
179 33 
180 27 
0 0 
182 14 
0 0 
184 17 
185 12 
186 22 
187 26 
188 1 
189 15 
190 1 
191 12 
0 0 
193 27 
194 13 
195 4 
196 7 
197 17 
198 4 
199 29 
0 0 
201 31 
202 11 
203 28 
204 28 
205 4 
206 16 
207 29 
208 11 
209 27 
210 13 
0 0 
212 21 
0 0 
214 12 
215 32 
216 13 
217 25 
218 33 
219 16 
220 18 
221 7 
222 27 
223 9 
0 0 
225 4 
226 27 
227 2 
0 0 
229 20 
230 20 
231 9 
0 0 
233 17 
234 14 
235 2 
236 4 
0 0 
238 22 
239 20 
240 22 
241 28 
242 22 
243 2 
244 26 
0 0 
246 28 
247 33 
248 1 
249 17 
250 24 
251 17 
252 5 
0 0 
254 21 
0 0 
256 21 
257 12 
258 32 
259 12 
260 5 
261 1 
262 13 
263 16 
0 0 
265 29 
0 0 
0 0 
0 0 
269 6 
270 33 
271 33 
272 22 
273 9 
274 33 
0 0 
276 8 
277 31 
278 31 
279 22 
280 13 
0 0 
282 32 
0 0 
0 0 
0 0 
286 11 
287 26 
0 0 
289 13 
290 29 
291 11 
0 0 
293 26 
294 19 
295 18 
0 0 
297 18 
298 32 
299 8 
300 29 
0 0 
302 28 
303 17 
304 19 
0 0 
306 7 
307 10 
0 0 
309 23 
310 9 
0 0 
312 6 
313 30 
314 22 
315 28 
0 0 
317 10 
318 24 
319 17 
320 9 
321 25 
322 15 
323 10 
324 15 
325 30 
326 31 
327 32 
328 33 
0 0 
330 18 
331 28 
332 5 
333 5 
334 32 
335 25 
336 10 
337 11 
338 25 
339 25 
340 29 
341 9 
342 32 
343 5 
344 32 
0 0 
346 19 
347 25 
0 0 
349 30 
0 0 
0 0 
352 15 
353 28 
354 13 
355 27 
356 11 
357 4 
358 33 
359 23 
360 31 
361 29 
362 5 
363 5 
364 31 
365 22 
366 26 
0 0 
368 30 
369 17 
370 29 
371 19 
372 3 
0 0 
374 12 
375 14 
376 26 
377 15 
378 17 
379 11 
0 0 
0 0 
382 22 
383 26 
384 9 
385 22 
386 24 
0 0 
388 24 
0 0 
390 29 
391 25 
392 28 
393 10 
394 19 
395 8 
396 24 
397 12 
398 30 
399 28 
400 26 
401 7 
402 13 
403 23 
0 0 
405 26 
406 14 
407 6 
408 1 
409 22 
410 6 
411 26 
412 6 
413 21 
414 30 
415 7 
416 15 
417 30 
418 23 
419 29 
420 14 
421 23 
422 27 
0 0 
424 28 
425 12 
426 8 
427 21 
428 23 
429 28 
430 25 
431 9 
432 31 
433 3 
0 0 
435 13 
436 25 
437 30 
438 6 
439 23 
440 25 
0 0 
442 25 
443 31 
444 26 
445 19 
446 15 
447 14 
448 14 
449 8 
450 10 
451 3 
452 11 
453 1 
454 8 
0 0 
456 17 
457 13 
458 19 
459 7 
460 9 
461 4 
462 3 
463 2 
464 6 
465 15 
466 11 
0 0 
468 12 
0 0 
0 0 
471 29 
472 21 
473 7 
0 0 
475 21 
476 22 
0 0 
0 0 
479 11 
0 0 
481 30 
482 8 
0 0 
484 1 
485 8 
486 14 
487 22 
488 22 
489 33 
0 0 
491 14 
492 23 
493 10 
494 25 
495 14 
496 13 
497 6 
0 0 
499 5 
500 14 
501 26 
502 12 
0 0 
504 26 
505 4 
506 15 
0 0 
0 0 
0 0 
510 8 
511 23 
512 11 
513 22 
0 0 
515 14 
516 20 
517 32 
518 7 
519 6 
520 10 
521 11 
0 0 
0 0 
0 0 
525 14 
0 0 
527 15 
528 24 
529 21 
530 10 
531 22 
532 25 
533 15 
534 3 
0 0 
536 32 
537 2 
0 0 
539 9 
0 0 
541 21 
542 21 
543 32 
544 19 
545 3 
546 28 
547 27 
0 0 
549 7 
550 33 
551 4 
552 27 
553 14 
554 12 
555 20 
556 18 
557 24 
558 18 
559 25 
0 0 
561 9 
562 6 
0 0 
564 8 
565 9 
566 17 
567 32 
568 18 
0 0 
570 3 
0 0 
572 22 
573 21 
0 0 
0 0 
576 23 
0 0 
578 10 
579 26 
580 9 
581 9 
582 9 
583 26 
584 4 
0 0 
586 10 
587 10 
588 17 
0 0 
0 0 
591 14 
592 8 
593 16 
0 0 
0 0 
596 29 
597 12 
0 0 
599 9 
600 12 
601 16 
602 9 
0 0 
604 21 
605 32 
606 16 
607 30 
608 31 
609 33 
610 1 
611 25 
612 17 
613 18 
614 9 
615 32 
616 24 
617 33 
618 5 
619 5 
620 12 
621 21 
622 2 
623 19 
0 0 
0 0 
626 20 
627 6 
628 27 
629 30 
630 25 
631 30 
0 0 
633 26 
0 0 
635 12 
636 16 
0 0 
638 12 
639 26 
640 5 
641 24 
642 28 
0 0 
644 10 
645 14 
646 18 
0 0 
0 0 
649 15 
650 24 
651 27 
652 22 
653 26 
654 20 
655 14 
656 33 
657 11 
658 7 
659 23 
660 20 
661 5 
662 6 
663 28 
0 0 
0 0 
666 26 
667 30 
668 29 
669 4 
670 27 
671 12 
672 23 
673 3 
0 0 
0 0 
676 15 
0 0 
678 31 
0 0 
0 0 
681 30 
682 22 
683 33 
684 12 
685 29 
686 13 
687 22 
688 14 
689 12 
690 10 
691 18 
692 7 
0 0 
694 26 
695 31 
0 0 
0 0 
698 21 
699 21 
700 2 
701 19 
702 5 
703 25 
704 20 
705 4 
706 23 
707 11 
0 0 
709 29 
710 19 
0 0 
0 0 
713 19 
0 0 
715 4 
716 8 
717 31 
718 20 
719 1 
720 33 
721 17 
0 0 
0 0 
724 22 
725 32 
0 0 
727 22 
0 0 
0 0 
0 0 
0 0 
732 12 
733 33 
734 32 
735 32 
736 13 
0 0 
738 27 
739 1 
740 2 
741 9 
742 24 
743 11 
0 0 
745 26 
0 0 
747 20 
748 14 
749 22 
750 27 
751 8 
752 29 
753 29 
754 8 
755 32 
756 7 
757 5 
758 9 
759 11 
760 7 
761 10 
762 1 
763 26 
0 0 
765 20 
766 7 
767 3 
768 5 
769 6 
770 11 
771 30 
772 12 
0 0 
774 6 
775 23 
776 6 
777 28 
778 17 
779 23 
0 0 
781 20 
0 0 
783 28 
784 33 
785 33 
0 0 
787 28 
788 3 
789 27 
790 12 
0 0 
0 0 
793 15 
794 11 
795 32 
0 0 
797 18 
0 0 
799 5 
800 17 
801 27 
802 5 
803 7 
804 26 
0 0 
806 15 
807 11 
808 9 
809 29 
810 21 
811 5 
812 30 
813 22 
814 21 
0 0 
816 6 
817 9 
818 18 
819 3 
820 3 
0 0 
822 20 
823 26 
824 7 
825 24 
826 30 
827 18 
828 22 
829 29 
830 1 
831 5 
0 0 
833 24 
834 15 
835 21 
836 22 
0 0 
838 22 
0 0 
840 10 
841 15 
842 9 
843 11 
844 10 
845 33 
846 28 
847 21 
848 28 
849 11 
850 11 
851 25 
852 33 
853 22 
854 24 
855 32 
856 7 
857 10 
858 17 
859 29 
860 4 
861 23 
862 27 
863 1 
0 0 
865 23 
866 9 
0 0 
868 29 
869 1 
870 17 
871 18 
872 28 
873 22 
874 20 
875 17 
876 32 
877 22 
878 25 
879 31 
880 24 
881 14 
882 20 
883 32 
884 20 
885 14 
886 26 
887 3 
888 3 
889 2 
890 22 
891 24 
892 22 
893 26 
894 31 
895 11 
0 0 
897 9 
898 4 
0 0 
900 11 
901 18 
902 14 
903 12 
904 27 
905 24 
906 18 
907 4 
908 1 
909 10 
910 24 
911 11 
912 7 
913 24 
0 0 
915 3 
0 0 
917 33 
918 2 
919 9 
920 29 
0 0 
922 5 
923 24 
924 27 
925 26 
926 33 
927 5 
928 25 
929 11 
930 3 
0 0 
932 5 
933 14 
934 11 
0 0 
936 27 
0 0 
938 27 
0 0 
940 14 
941 26 
942 29 
943 1 
944 14 
945 20 
0 0 
947 1 
948 21 
949 15 
950 30 
951 20 
0 0 
953 12 
0 0 
955 15 
956 31 
957 24 
0 0 
959 22 
960 12 
0 0 
962 20 
0 0 
964 12 
965 18 
966 9 
967 26 
968 17 
0 0 
0 0 
0 0 
0 0 
973 9 
974 28 
975 20 
0 0 
977 1 
0 0 
979 5 
980 24 
981 28 
982 5 
983 23 
984 5 
985 9 
0 0 
987 12 
988 5 
989 15 
990 33 
991 26 
0 0 
993 1 
994 12 
0 0 
996 11 
997 1 
998 26 
999 30 
1000 23 
