1 32 
2 33 
3 14 
4 6 
5 24 
6 1 
0 0 
8 25 
9 31 
10 31 
11 8 
12 23 
13 21 
14 28 
15 33 
16 27 
17 10 
18 31 
19 24 
20 27 
21 4 
22 28 
0 0 
24 8 
25 15 
26 11 
27 24 
28 27 
29 1 
0 0 
31 28 
32 27 
33 16 
34 24 
35 33 
0 0 
0 0 
38 10 
39 24 
40 14 
41 33 
42 31 
43 5 
0 0 
45 10 
46 33 
47 11 
48 12 
0 0 
50 11 
51 24 
52 21 
53 2 
54 17 
0 0 
56 33 
57 25 
58 32 
59 7 
0 0 
61 8 
62 2 
63 33 
64 27 
65 5 
66 6 
67 12 
68 20 
69 10 
70 14 
0 0 
72 30 
0 0 
74 6 
75 7 
76 27 
77 29 
78 4 
79 29 
0 0 
81 8 
82 21 
0 0 
84 26 
85 5 
0 0 
87 13 
88 5 
89 8 
90 12 
91 14 
92 8 
93 17 
94 7 
95 24 
0 0 
97 22 
0 0 
99 14 
100 27 
101 8 
102 29 
103 22 
104 21 
105 14 
106 33 
107 12 
0 0 
109 26 
110 13 
0 0 
112 5 
113 14 
0 0 
115 14 
116 7 
117 14 
118 22 
119 21 
120 25 
121 29 
122 19 
0 0 
124 26 
125 7 
126 26 
127 33 
128 9 
129 28 
130 9 
0 0 
132 28 
133 18 
134 12 
135 33 
136 23 
137 15 
138 5 
139 15 
140 1 
141 10 
142 26 
143 32 
144 11 
145 32 
146 25 
147 10 
148 19 
149 22 
150 8 
151 16 
152 23 
153 30 
154 22 
155 20 
156 1 
157 13 
158 30 
159 1 
160 21 
161 25 
162 17 
163 16 
164 7 
165 24 
0 0 
0 0 
0 0 
169 3 
170 7 
0 0 
0 0 
173 13 
174 3 
175 8 
176 14 
177 27 
178 7 
179 29 
180 24 
0 0 
182 13 
0 0 
184 30 
185 11 
186 20 
187 23 
188 1 
189 14 
190 1 
191 11 
0 0 
193 24 
194 12 
195 32 
196 7 
197 16 
198 32 
0 0 
0 0 
201 27 
202 10 
203 25 
204 25 
205 24 
206 15 
207 33 
208 10 
209 24 
210 12 
0 0 
212 19 
0 0 
214 11 
215 28 
216 30 
217 22 
218 29 
219 15 
0 0 
221 7 
222 24 
223 32 
224 30 
225 4 
226 24 
227 30 
0 0 
0 0 
230 30 
231 8 
0 0 
233 15 
234 13 
235 2 
236 4 
0 0 
238 20 
0 0 
240 20 
241 25 
242 20 
243 2 
244 23 
0 0 
246 25 
247 29 
248 33 
249 16 
250 21 
251 16 
252 5 
253 31 
254 2 
0 0 
256 19 
257 11 
258 28 
259 11 
260 5 
261 23 
262 12 
263 15 
0 0 
0 0 
0 0 
0 0 
0 0 
269 6 
270 29 
271 29 
272 20 
273 33 
274 29 
275 33 
276 31 
277 27 
278 27 
279 20 
280 22 
0 0 
282 28 
0 0 
0 0 
0 0 
286 10 
287 23 
0 0 
289 12 
0 0 
291 10 
0 0 
293 23 
294 18 
295 22 
0 0 
297 17 
298 28 
0 0 
0 0 
0 0 
302 25 
303 16 
304 18 
0 0 
306 7 
307 9 
0 0 
0 0 
310 19 
0 0 
312 6 
313 26 
314 20 
315 30 
0 0 
317 9 
318 21 
319 16 
320 8 
321 22 
322 14 
323 32 
324 14 
325 26 
326 27 
327 28 
328 31 
0 0 
330 33 
331 25 
332 5 
333 23 
334 28 
335 22 
336 19 
337 10 
338 22 
339 30 
0 0 
341 8 
342 28 
343 5 
344 30 
345 33 
346 31 
347 22 
0 0 
349 26 
0 0 
351 31 
352 28 
353 25 
354 12 
355 24 
356 10 
357 4 
358 29 
0 0 
360 27 
0 0 
362 5 
363 5 
364 27 
365 20 
0 0 
0 0 
368 26 
369 16 
370 7 
371 18 
372 30 
0 0 
374 11 
375 13 
376 23 
377 14 
378 24 
379 28 
0 0 
0 0 
382 20 
383 23 
384 8 
385 20 
386 21 
387 32 
388 21 
0 0 
0 0 
391 22 
392 32 
393 14 
394 18 
395 8 
396 21 
397 3 
398 26 
399 25 
400 23 
401 7 
402 12 
0 0 
0 0 
405 23 
406 32 
407 6 
408 1 
409 20 
410 6 
411 23 
412 20 
413 19 
414 26 
415 7 
416 14 
417 26 
0 0 
0 0 
420 13 
0 0 
422 31 
0 0 
424 25 
425 11 
426 32 
427 19 
428 33 
429 25 
430 22 
0 0 
432 27 
433 3 
434 30 
435 12 
436 22 
437 26 
438 6 
0 0 
440 22 
0 0 
442 22 
443 27 
444 23 
445 21 
446 14 
447 13 
448 13 
0 0 
450 9 
451 24 
452 23 
453 1 
0 0 
0 0 
456 16 
457 12 
458 30 
459 7 
460 8 
461 4 
462 1 
463 2 
464 6 
465 14 
466 10 
0 0 
468 11 
0 0 
0 0 
0 0 
472 19 
473 7 
0 0 
475 19 
476 20 
0 0 
478 30 
479 10 
480 31 
481 26 
0 0 
0 0 
484 1 
485 11 
486 13 
487 20 
488 20 
489 29 
0 0 
491 13 
0 0 
493 31 
494 17 
495 13 
496 16 
497 6 
0 0 
499 5 
500 12 
501 23 
502 11 
0 0 
504 23 
505 4 
506 14 
0 0 
0 0 
509 32 
510 8 
0 0 
512 10 
513 20 
0 0 
515 13 
0 0 
517 28 
518 7 
519 14 
520 28 
521 10 
0 0 
523 30 
0 0 
525 18 
0 0 
527 26 
528 21 
529 19 
530 9 
531 20 
532 22 
533 14 
534 30 
0 0 
536 28 
537 2 
538 33 
539 8 
540 32 
541 19 
542 19 
543 28 
544 18 
545 3 
546 25 
547 24 
548 31 
549 7 
550 29 
551 16 
552 16 
553 8 
554 11 
0 0 
556 17 
557 21 
558 8 
559 22 
0 0 
561 8 
562 6 
563 31 
564 31 
565 8 
566 16 
567 28 
568 17 
0 0 
570 3 
0 0 
572 20 
573 19 
574 31 
0 0 
0 0 
577 30 
578 9 
579 23 
580 8 
581 8 
582 8 
583 23 
584 30 
0 0 
586 9 
587 9 
588 16 
589 32 
0 0 
591 13 
592 32 
593 15 
0 0 
0 0 
596 33 
597 11 
0 0 
599 8 
600 11 
601 26 
602 8 
0 0 
604 19 
605 28 
606 15 
607 26 
608 31 
609 29 
610 1 
611 22 
612 16 
613 17 
614 8 
615 28 
616 32 
617 29 
618 5 
619 5 
620 11 
621 19 
622 2 
623 18 
0 0 
0 0 
0 0 
627 6 
628 24 
629 26 
630 22 
631 26 
0 0 
633 23 
0 0 
635 11 
636 15 
0 0 
638 18 
639 23 
640 10 
641 21 
642 25 
0 0 
644 9 
645 13 
646 33 
0 0 
648 33 
649 14 
650 21 
651 24 
652 20 
653 23 
0 0 
655 13 
656 17 
657 10 
658 7 
0 0 
660 32 
661 5 
662 6 
663 25 
0 0 
0 0 
666 23 
667 26 
0 0 
669 33 
670 24 
671 11 
0 0 
673 3 
0 0 
0 0 
676 14 
0 0 
678 25 
0 0 
0 0 
681 26 
682 20 
683 8 
684 11 
0 0 
686 12 
687 20 
688 13 
689 11 
690 9 
691 17 
692 7 
0 0 
694 23 
695 27 
0 0 
0 0 
698 19 
699 19 
700 2 
701 17 
702 22 
703 22 
0 0 
705 4 
0 0 
707 10 
0 0 
709 31 
710 18 
0 0 
0 0 
713 18 
0 0 
715 4 
0 0 
717 27 
0 0 
719 33 
720 29 
721 16 
0 0 
0 0 
724 31 
725 28 
0 0 
727 20 
0 0 
0 0 
0 0 
0 0 
732 11 
733 9 
734 28 
735 28 
736 12 
0 0 
738 6 
739 31 
740 32 
741 8 
742 21 
743 10 
0 0 
745 23 
0 0 
0 0 
748 13 
749 20 
750 32 
0 0 
752 6 
0 0 
754 15 
0 0 
756 7 
757 5 
0 0 
759 10 
760 7 
761 9 
762 9 
763 23 
0 0 
765 30 
766 19 
767 32 
768 5 
769 6 
770 10 
771 26 
772 11 
773 32 
774 6 
0 0 
776 6 
777 25 
778 16 
0 0 
0 0 
781 25 
0 0 
783 25 
784 29 
785 29 
0 0 
787 25 
788 3 
789 24 
790 11 
791 32 
0 0 
793 14 
794 10 
795 28 
0 0 
797 17 
798 33 
799 5 
800 16 
801 24 
802 5 
803 7 
804 23 
0 0 
806 14 
807 10 
808 15 
809 3 
810 19 
811 5 
812 26 
813 20 
814 19 
0 0 
816 6 
817 8 
818 17 
819 3 
820 30 
821 30 
0 0 
823 23 
824 24 
825 21 
826 26 
827 17 
828 20 
0 0 
830 1 
831 5 
0 0 
833 21 
834 14 
835 19 
836 20 
0 0 
838 20 
0 0 
840 21 
841 14 
842 33 
843 10 
844 9 
845 29 
846 17 
847 19 
848 25 
849 10 
850 10 
851 22 
852 29 
853 18 
854 21 
855 26 
856 7 
857 9 
858 16 
0 0 
860 4 
0 0 
862 24 
863 1 
0 0 
0 0 
866 8 
867 32 
0 0 
869 1 
870 16 
871 17 
872 25 
873 20 
0 0 
875 16 
876 28 
877 20 
878 22 
879 27 
880 21 
881 13 
882 5 
883 28 
0 0 
885 13 
886 23 
887 3 
888 3 
889 2 
890 20 
891 21 
892 20 
893 23 
894 27 
895 10 
0 0 
897 8 
898 1 
0 0 
900 10 
901 17 
902 13 
903 11 
0 0 
905 21 
906 17 
907 4 
908 1 
909 9 
910 21 
911 10 
912 7 
913 21 
0 0 
915 3 
0 0 
917 29 
918 2 
919 8 
920 33 
0 0 
922 5 
923 21 
924 24 
925 23 
926 29 
927 5 
928 30 
929 10 
930 3 
0 0 
932 5 
933 13 
934 31 
935 32 
936 24 
0 0 
938 24 
939 31 
940 13 
941 23 
0 0 
943 1 
944 13 
0 0 
946 32 
947 31 
948 19 
949 14 
950 28 
951 31 
0 0 
953 11 
0 0 
955 14 
956 27 
957 21 
0 0 
959 20 
960 11 
0 0 
0 0 
0 0 
964 2 
965 17 
966 8 
967 23 
968 30 
0 0 
0 0 
0 0 
0 0 
973 8 
974 25 
0 0 
0 0 
977 1 
0 0 
979 5 
980 21 
981 25 
982 5 
983 30 
984 5 
985 8 
0 0 
987 11 
988 5 
989 31 
990 29 
991 23 
0 0 
993 1 
994 11 
0 0 
996 10 
0 0 
998 23 
999 26
0 0