1 374
1 446
1 486
1 502
1 620
1 676
1 903
1 913
1 953
1 960
1 964
1 987
2 381
2 447
2 634
2 739
2 787
2 793
2 863
2 869
2 908
2 943
2 951
2 977
3 86
3 287
3 309
3 506
3 533
3 649
3 737
3 745
3 806
3 828
3 841
3 901
4 5
4 258
4 438
4 497
4 519
4 520
4 562
4 591
4 627
4 732
4 774
4 776
5 343
5 556
5 646
5 683
5 691
5 714
5 871
5 906
5 965
5 984
5 993
6 610
6 719
6 752
6 762
6 793
6 812
6 830
6 869
6 943
6 951
6 977
6 979
7 32
7 329
7 734
7 824
7 874
7 911
7 924
7 938
7 963
7 986
7 994
7 995
8 200
8 348
8 518
8 595
8 681
8 707
8 780
8 893
8 914
8 928
8 952
8 974
9 132
9 408
9 610
9 762
9 793
9 812
9 830
9 867
9 908
9 943
9 951
9 977
10 27
10 415
10 483
10 551
10 611
10 651
10 707
10 722
10 730
10 942
10 974
10 976
11 228
11 608
11 614
11 662
11 670
11 689
11 716
11 817
11 919
11 933
11 947
11 985
12 61
12 128
12 358
12 390
12 646
12 764
12 875
12 883
12 914
12 928
12 942
12 976
13 219
13 263
13 326
13 510
13 598
13 628
13 636
13 681
13 699
13 726
13 834
13 887
14 108
14 137
14 498
14 611
14 651
14 722
14 760
14 875
14 914
14 928
14 974
14 981
15 47
15 119
15 132
15 784
15 801
15 851
15 898
15 913
15 923
15 958
15 971
15 981
16 79
16 480
16 590
16 679
16 801
16 823
16 878
16 921
16 923
16 957
16 958
16 984
17 383
17 466
17 741
17 743
17 763
17 794
17 843
17 900
17 901
17 929
17 933
17 934
18 226
18 340
18 353
18 577
18 658
18 677
18 697
18 795
18 841
18 864
18 896
18 937
19 332
19 395
19 482
19 485
19 546
19 560
19 564
19 671
19 731
19 751
19 754
19 761
20 526
20 653
20 671
20 673
20 767
20 788
20 819
20 820
20 887
20 915
20 930
20 997
23 204
23 394
23 524
23 575
23 625
23 648
23 663
23 672
23 694
23 804
23 954
23 964
24 298
24 320
24 489
24 558
24 561
24 602
24 614
24 662
24 842
24 897
24 947
24 973
25 258
25 318
25 326
25 456
25 593
25 598
25 628
25 640
25 681
25 699
25 726
25 902
26 309
26 557
26 577
26 630
26 635
26 732
26 772
26 842
26 953
26 960
26 964
26 987
27 40
27 70
27 110
27 322
27 465
27 533
27 561
27 806
27 828
27 841
27 901
28 43
28 85
28 619
28 757
28 799
28 816
28 831
28 909
28 922
28 973
28 979
28 984
29 263
29 393
29 450
29 470
29 530
29 586
29 642
29 670
29 690
29 840
29 909
29 923
30 276
30 378
30 426
30 449
30 482
30 546
30 649
30 731
30 751
30 754
30 761
30 894
31 168
31 290
31 458
31 563
31 685
31 696
31 746
31 752
31 815
31 880
31 938
31 1000
32 447
32 534
32 588
32 621
32 767
32 783
32 887
32 915
32 930
32 955
32 997
33 303
33 678
33 778
33 821
33 870
33 950
33 960
33 968
33 980
33 989
33 992
33 999
34 262
34 505
34 551
34 567
34 584
34 589
34 705
34 715
34 839
34 860
34 876
34 910
35 43
35 190
35 248
35 453
35 749
35 787
35 807
35 812
35 863
35 943
35 951
35 977
36 345
36 458
36 509
36 685
36 696
36 746
36 751
36 752
36 815
36 826
36 880
36 1000
37 358
37 501
37 651
37 698
37 722
37 791
37 885
37 928
37 942
37 952
37 969
37 976
38 512
38 636
38 755
38 763
38 794
38 833
38 850
38 900
38 917
38 933
38 934
38 961
39 296
39 534
39 545
39 754
39 816
39 819
39 860
39 887
39 888
39 930
39 955
39 997
40 105
40 352
40 465
40 517
40 649
40 720
40 806
40 828
40 841
40 901
40 945
41 255
41 331
41 528
41 852
41 874
41 894
41 911
41 924
41 963
41 986
41 994
41 995
42 127
42 137
42 219
42 263
42 510
42 598
42 636
42 640
42 699
42 726
42 886
42 897
43 247
43 343
43 536
43 661
43 802
43 835
43 932
43 982
43 984
43 988
44 116
44 395
44 426
44 432
44 454
44 485
44 535
44 560
44 751
44 754
44 761
44 866
45 147
45 453
45 763
45 794
45 850
45 895
45 900
45 917
45 933
45 934
45 937
45 965
47 64
47 419
47 440
47 491
47 590
47 801
47 834
47 878
47 881
47 957
47 971
48 126
48 149
48 174
48 216
48 354
48 391
48 435
48 608
48 639
48 736
48 741
48 829
50 144
50 251
50 325
50 468
50 635
50 732
50 772
50 891
50 903
50 953
50 960
50 987
51 59
51 615
51 692
51 706
51 760
51 766
51 789
51 824
51 856
51 857
51 912
51 933
52 613
52 646
52 683
52 691
52 714
52 799
52 871
52 876
52 906
52 965
52 991
52 993
53 127
53 521
53 537
53 576
53 622
53 740
53 781
53 814
53 857
53 889
53 904
53 918
54 314
54 354
54 402
54 435
54 457
54 639
54 686
54 700
54 736
54 741
54 829
54 940
55 285
55 647
55 658
55 677
55 795
55 845
55 848
55 876
55 896
55 913
55 937
55 959
56 132
56 381
56 658
56 680
56 734
56 823
56 834
56 878
56 907
56 911
56 948
56 981
57 422
57 535
57 825
57 829
57 874
57 894
57 911
57 924
57 963
57 986
57 994
57 995
58 243
58 394
58 445
58 544
58 579
58 627
58 676
58 710
58 713
58 777
58 903
58 962
59 94
59 240
59 414
59 473
59 692
59 756
59 760
59 857
59 895
59 912
59 929
60 522
60 540
60 550
60 795
60 845
60 848
60 851
60 864
60 876
60 896
60 937
60 947
61 577
61 580
61 602
61 689
61 716
61 866
61 919
61 947
61 966
61 973
61 985
62 211
62 227
62 501
62 537
62 622
62 670
62 740
62 781
62 814
62 889
62 904
62 918
63 254
63 306
63 541
63 604
63 618
63 629
63 632
63 682
63 698
63 803
63 847
63 987
64 86
64 519
64 826
64 839
64 874
64 911
64 938
64 963
64 986
64 994
64 995
65 275
65 495
65 605
65 619
65 661
65 757
65 768
65 835
65 932
65 979
65 984
65 988
66 293
66 356
66 412
66 503
66 519
66 520
66 562
66 627
66 717
66 769
66 774
66 776
67 243
67 556
67 613
67 646
67 683
67 691
67 714
67 871
67 906
67 943
67 965
67 993
68 182
68 195
68 486
68 525
68 655
68 688
68 771
68 881
68 902
68 940
68 944
68 961
69 146
69 325
69 337
69 417
69 710
69 743
69 794
69 833
69 883
69 895
69 900
69 961
70 117
70 165
70 322
70 527
70 649
70 745
70 806
70 828
70 841
70 901
70 987
71 168
71 176
71 301
71 563
71 685
71 746
71 752
71 815
71 837
71 880
71 894
71 1000
72 146
72 192
72 491
72 524
72 680
72 801
72 811
72 836
72 905
72 939
72 958
72 983
73 400
73 486
73 704
73 718
73 747
73 765
73 822
73 879
73 884
73 945
73 962
73 975
74 597
74 600
74 615
74 620
74 732
74 772
74 896
74 903
74 953
74 960
74 964
74 987
75 205
75 366
75 508
75 558
75 599
75 646
75 683
75 714
75 871
75 906
75 965
75 993
76 149
76 300
76 321
76 459
76 692
76 760
76 766
76 789
76 824
76 856
76 857
76 912
77 463
77 537
77 622
77 696
77 712
77 740
77 781
77 814
77 889
77 904
77 918
77 997
78 186
78 297
78 311
78 377
78 424
78 461
78 567
78 579
78 705
78 715
78 860
78 910
79 171
79 233
79 366
79 523
79 543
79 617
79 643
79 728
79 837
79 846
79 882
80 338
80 674
80 703
80 709
80 825
80 852
80 874
80 893
80 963
80 986
80 994
80 995
81 460
81 716
81 842
81 897
81 919
81 922
81 966
81 968
81 973
81 974
81 985
81 991
82 572
82 609
82 633
82 749
82 844
82 868
82 899
82 906
82 913
82 920
82 956
82 967
83 647
83 697
83 724
83 788
83 798
83 845
83 848
83 864
83 876
83 896
83 937
84 432
84 449
84 482
84 485
84 546
84 592
84 727
84 731
84 751
84 761
84 828
84 992
85 286
85 547
85 648
85 702
85 757
85 816
85 927
85 932
85 979
85 982
85 984
86 346
86 616
86 693
86 785
86 859
86 861
86 921
86 926
86 935
86 972
87 262
87 461
87 505
87 536
87 551
87 567
87 584
87 658
87 705
87 715
87 860
87 910
88 266
88 362
88 447
88 757
88 799
88 802
88 816
88 890
88 922
88 927
88 979
88 984
89 215
89 251
89 360
89 473
89 599
89 683
89 691
89 714
89 871
89 906
89 965
89 993
90 107
90 222
90 354
90 388
90 399
90 402
90 457
90 686
90 700
90 733
90 736
90 829
91 183
91 343
91 601
91 661
91 802
91 835
91 922
91 932
91 980
91 982
91 984
91 988
93 353
93 389
93 540
93 677
93 689
93 728
93 729
93 848
93 864
93 876
93 896
93 937
94 133
94 164
94 329
94 401
94 532
94 692
94 760
94 789
94 824
94 912
94 991
96 136
96 238
96 292
96 575
96 625
96 648
96 663
96 672
96 694
96 804
96 856
96 954
97 447
97 511
97 767
97 783
97 811
97 888
97 891
97 915
97 930
97 947
97 955
97 997
98 192
98 213
98 596
98 745
98 851
98 853
98 869
98 939
98 957
98 958
98 983
98 998
99 117
99 287
99 308
99 463
99 465
99 533
99 649
99 745
99 806
99 828
99 841
99 901
100 413
100 427
100 516
100 573
100 604
100 629
100 669
100 682
100 698
100 803
100 847
100 880
101 339
101 431
101 515
101 581
101 758
101 761
101 866
101 915
101 947
101 966
101 973
101 991
102 227
102 521
102 537
102 712
102 740
102 781
102 796
102 814
102 889
102 904
102 916
102 918
103 230
103 514
103 759
103 763
103 770
103 794
103 833
103 843
103 850
103 900
103 934
103 939
103 961
104 152
104 576
104 589
104 622
104 670
104 712
104 740
104 781
104 814
104 889
104 898
104 904
104 918
105 110
105 118
105 322
105 342
105 465
105 527
105 533
105 745
105 828
105 841
105 901
105 979
106 362
106 757
106 783
106 831
106 835
106 844
106 922
106 927
106 932
106 979
106 982
106 984
106 988
107 194
107 289
107 327
107 402
107 639
107 686
107 700
107 736
107 741
107 749
107 774
107 829
108 324
108 391
108 483
108 501
108 722
108 730
108 738
108 791
108 952
108 956
108 974
108 976
110 287
110 352
110 461
110 527
110 745
110 806
110 828
110 841
110 901
110 958
110 974
111 177
111 607
111 632
111 680
111 766
111 801
111 853
111 878
111 923
111 941
111 957
111 983
111 998
112 644
112 702
112 728
112 757
112 768
112 802
112 814
112 922
112 927
112 932
112 941
112 984
112 988
113 640
113 718
113 747
113 784
113 822
113 849
113 861
113 879
113 884
113 945
113 954
113 962
113 975
114 273
114 406
114 448
114 486
114 495
114 525
114 645
114 820
114 881
114 885
114 902
114 940
114 944
115 380
115 532
115 569
115 616
115 667
115 693
115 803
115 859
115 861
115 921
115 926
115 935
115 972
116 231
116 561
116 662
116 689
116 716
116 772
116 817
116 897
116 947
116 966
116 973
116 991
117 196
117 287
117 309
117 322
117 533
117 675
117 745
117 806
117 828
117 841
117 901
118 122
118 220
118 352
118 506
118 533
118 649
118 745
118 806
118 828
118 841
118 882
118 901
119 243
119 294
119 375
119 439
119 486
119 504
119 559
119 579
119 676
119 710
119 713
119 777
120 292
120 405
120 575
120 625
120 648
120 663
120 672
120 694
120 718
120 804
120 823
120 884
120 954
121 303
121 418
121 748
121 805
121 809
121 862
121 950
121 968
121 975
121 980
121 992
121 998
121 999
122 212
122 254
122 279
122 454
122 604
122 618
122 632
122 669
122 698
122 747
122 803
122 847
123 334
123 423
123 453
123 474
123 526
123 641
123 643
123 728
123 837
123 846
123 882
123 926
123 932
124 131
124 234
124 448
124 495
124 525
124 549
124 655
124 688
124 761
124 771
124 885
124 940
124 944
125 133
125 241
125 300
125 692
125 760
125 766
125 824
125 856
125 857
125 912
125 939
125 978
125 994
126 405
126 524
126 575
126 625
126 648
126 663
126 672
126 680
126 694
126 804
126 954
127 194
127 318
127 456
127 489
127 593
127 598
127 601
127 640
127 681
127 699
127 726
128 434
128 483
128 527
128 611
128 631
128 738
128 780
128 875
128 883
128 894
128 952
128 976
129 310
129 370
129 371
129 439
129 504
129 544
129 559
129 579
129 676
129 710
129 713
129 777
129 925
131 533
131 555
131 626
131 660
131 703
131 849
131 870
131 879
131 884
131 945
131 962
131 975
132 478
132 490
132 733
132 868
132 905
132 923
132 957
132 981
132 983
132 998
133 147
133 241
133 285
133 433
133 615
133 692
133 789
133 832
133 856
133 857
133 912
134 418
134 450
134 494
134 779
134 819
134 844
134 868
134 899
134 913
134 920
134 956
134 967
134 998
135 631
135 651
135 677
135 706
135 707
135 722
135 738
135 791
135 883
135 914
135 928
135 952
135 969
136 204
136 302
136 524
136 625
136 648
136 663
136 672
136 694
136 734
136 804
136 824
136 954
137 219
137 326
137 598
137 601
137 628
137 636
137 640
137 681
137 726
137 743
137 946
138 162
138 363
138 619
138 702
138 757
138 816
138 863
138 906
138 927
138 932
138 979
138 982
138 984
139 554
139 597
139 630
139 684
139 772
139 900
139 903
139 935
139 953
139 960
139 964
139 987
139 989
140 148
140 749
140 762
140 787
140 793
140 811
140 825
140 856
140 863
140 908
140 943
140 951
140 977
141 208
141 417
141 743
141 759
141 763
141 770
141 850
141 895
141 900
141 934
141 952
141 961
141 993
142 276
142 370
142 566
142 609
142 723
142 844
142 868
142 899
142 913
142 920
142 956
142 967
143 356
143 407
143 438
143 520
143 562
143 591
143 627
143 717
143 769
143 774
143 776
143 856
143 959
144 175
144 257
144 259
144 468
144 484
144 517
144 635
144 903
144 953
144 960
144 964
144 987
145 202
145 288
145 340
145 487
145 509
145 685
145 696
145 746
145 752
145 815
145 880
145 989
145 1000
146 227
146 657
146 770
146 794
146 843
146 850
146 900
146 929
146 933
146 934
146 961
147 787
147 794
147 807
147 833
147 843
147 850
147 900
147 904
147 917
147 929
147 934
148 484
148 749
148 762
148 788
148 793
148 812
148 830
148 851
148 908
148 943
148 951
148 977
149 174
149 194
149 216
149 222
149 248
149 528
149 639
149 700
149 736
149 741
149 829
150 231
150 296
150 515
150 580
150 774
150 817
150 866
150 919
150 966
150 968
150 973
150 985
150 991
151 530
151 680
151 721
151 748
151 809
151 858
151 862
151 950
151 968
151 980
151 989
151 992
151 999
152 180
152 361
152 521
152 670
152 712
152 754
152 781
152 801
152 814
152 889
152 904
152 918
153 274
153 282
153 324
153 326
153 441
153 483
153 722
153 738
153 875
153 883
153 914
153 928
153 974
154 229
154 350
154 467
154 609
154 723
154 779
154 844
154 899
154 913
154 920
154 929
154 956
154 967
155 157
155 240
155 385
155 409
155 687
155 727
155 740
155 753
155 853
155 890
155 892
155 949
155 994
156 739
156 762
156 787
156 812
156 820
156 830
156 863
156 869
156 908
156 941
156 943
156 951
156 977
157 173
157 205
157 245
157 406
157 448
157 525
157 645
157 655
157 833
157 881
157 944
157 976
158 478
158 694
158 786
158 825
158 874
158 893
158 894
158 911
158 938
158 943
158 986
158 994
158 995
159 321
159 610
159 694
159 739
159 749
159 779
159 830
159 863
159 869
159 904
159 908
159 943
159 977
160 293
160 347
160 403
160 438
160 464
160 497
160 519
160 534
160 591
160 717
160 769
160 774
160 776
161 340
161 355
161 533
161 588
161 744
161 809
161 870
161 950
161 968
161 980
161 989
161 992
161 999
162 207
162 330
162 366
162 373
162 556
162 599
162 691
162 871
162 906
162 960
162 965
162 993
163 455
163 471
163 744
163 778
163 805
163 857
163 870
163 897
163 968
163 980
163 989
163 992
163 999
164 401
164 414
164 433
164 532
164 679
164 756
164 760
164 789
164 824
164 856
164 877
164 912
165 380
165 383
165 607
165 679
165 680
165 823
165 878
165 898
165 939
165 981
165 983
165 998
166 475
166 494
166 751
166 779
166 834
166 844
166 868
166 895
166 899
166 913
166 920
166 956
166 967
167 319
167 503
167 514
167 577
167 755
167 782
167 821
167 925
167 936
167 946
167 956
167 970
167 978
168 218
168 340
168 358
168 685
168 746
168 752
168 796
168 815
168 840
168 880
168 1000
169 280
169 333
169 511
169 673
169 819
169 820
169 836
169 891
169 915
169 930
169 955
169 988
169 997
170 221
170 299
170 446
170 449
170 482
170 485
170 560
170 564
170 592
170 754
170 761
170 927
170 969
171 223
171 352
171 523
171 526
171 617
171 675
171 728
171 737
171 749
171 837
171 846
171 882
172 394
172 410
172 523
172 594
172 617
172 641
172 643
172 675
172 737
172 809
172 837
172 846
172 882
173 448
173 553
173 565
173 580
173 688
173 771
173 855
173 881
173 885
173 902
173 940
173 944
174 222
174 354
174 355
174 639
174 686
174 700
174 736
174 741
174 829
174 906
174 989
175 745
175 746
175 773
175 826
175 852
175 911
175 924
175 938
175 963
175 986
175 994
175 995
176 295
176 345
176 563
176 602
176 647
176 685
176 696
176 746
176 752
176 815
176 880
176 1000
177 250
177 733
177 760
177 811
177 907
177 941
177 948
177 957
177 958
177 976
177 981
177 998
178 433
178 473
178 479
178 615
178 692
178 742
178 756
178 766
178 789
178 824
178 856
178 912
178 982
179 255
179 302
179 534
179 545
179 621
179 623
179 767
179 819
179 887
179 902
179 930
179 955
179 997
180 690
180 825
180 826
180 839
180 874
180 893
180 894
180 938
180 963
180 986
180 994
180 995
181 209
181 228
181 290
181 386
181 569
181 634
181 667
181 750
181 796
181 836
181 867
181 916
181 976
182 234
182 246
182 374
182 495
182 500
182 531
182 688
182 881
182 885
182 902
182 940
182 944
183 258
183 428
183 538
183 603
183 775
183 821
183 832
183 865
183 925
183 931
183 946
183 970
184 749
184 778
184 800
184 804
184 809
184 870
184 950
184 968
184 980
184 983
184 989
184 992
184 999
185 400
185 405
185 554
185 597
185 600
185 620
185 684
185 885
185 903
185 953
185 960
185 964
185 987
186 524
186 605
186 652
186 753
186 754
186 808
186 813
186 836
186 838
186 853
186 873
186 959
187 435
187 503
187 535
187 628
187 638
187 695
187 735
187 754
187 755
187 775
187 790
187 931
187 946
188 541
188 610
188 719
188 749
188 762
188 787
188 793
188 812
188 900
188 908
188 924
188 943
188 951
189 208
189 375
189 495
189 565
189 655
189 688
189 771
189 856
189 881
189 902
189 940
189 944
189 954
190 248
190 661
190 739
190 749
190 787
190 863
190 867
190 908
190 910
190 943
190 951
190 977
191 374
191 397
191 557
191 572
191 620
191 630
191 772
191 890
191 903
191 941
191 953
191 964
191 987
192 203
192 337
192 383
192 680
192 898
192 927
192 939
192 957
192 981
192 983
192 998
193 401
193 433
193 459
193 473
193 532
193 631
193 633
193 766
193 789
193 824
193 856
193 912
193 955
194 210
194 402
194 457
194 639
194 649
194 686
194 700
194 736
194 741
194 829
195 225
195 262
195 268
195 424
195 461
195 551
195 584
195 705
195 715
195 721
195 860
195 910
196 459
196 473
196 532
196 549
196 591
196 766
196 788
196 789
196 824
196 856
196 857
196 912
197 469
197 566
197 573
197 612
197 720
197 805
197 809
197 858
197 862
197 968
197 989
197 992
197 999
198 199
198 232
198 328
198 386
198 566
198 571
198 590
198 634
198 667
198 703
198 762
198 867
198 916
199 209
199 342
199 475
199 566
199 571
199 634
199 640
199 667
199 796
199 867
199 916
199 982
200 293
200 418
200 501
200 578
200 611
200 651
200 730
200 759
200 791
200 942
200 974
200 976
201 474
201 526
201 543
201 617
201 641
201 675
201 728
201 737
201 837
201 846
201 882
201 915
201 930
202 305
202 657
202 743
202 745
202 770
202 807
202 843
202 895
202 917
202 929
202 933
202 961
203 465
203 488
203 607
203 679
203 878
203 907
203 923
203 953
203 957
203 958
203 981
203 983
204 302
204 575
204 625
204 648
204 663
204 672
204 694
204 804
204 852
204 904
204 954
204 984
205 245
205 375
205 500
205 525
205 688
205 742
205 881
205 885
205 902
205 940
205 944
205 967
206 219
206 504
206 510
206 593
206 598
206 601
206 628
206 636
206 640
206 681
206 699
206 726
206 823
206 845
207 307
207 353
207 396
207 470
207 530
207 556
207 587
207 642
207 666
207 690
207 725
207 840
207 909
208 286
208 479
208 512
208 613
208 759
208 833
208 843
208 850
208 895
208 917
208 929
208 933
209 228
209 430
209 467
209 634
209 656
209 667
209 750
209 796
209 860
209 867
209 916
209 973
210 216
210 354
210 391
210 435
210 457
210 515
210 639
210 686
210 688
210 736
210 741
210 782
210 829
211 510
211 536
211 538
211 585
211 701
211 785
211 859
211 861
211 921
211 926
211 935
211 965
211 972
212 335
212 400
212 427
212 541
212 560
212 604
212 618
212 632
212 669
212 682
212 698
212 803
212 847
213 389
213 477
213 550
213 782
213 834
213 851
213 878
213 905
213 907
213 948
213 981
213 983
213 998
214 304
214 502
214 505
214 597
214 620
214 635
214 684
214 715
214 732
214 903
214 953
214 960
214 964
214 987
215 477
215 603
215 607
215 811
215 898
215 905
215 907
215 923
215 948
215 957
215 958
215 983
215 998
216 222
216 391
216 457
216 639
216 700
216 731
216 736
216 741
216 804
216 811
216 829
217 488
217 596
217 851
217 859
217 864
217 878
217 898
217 907
217 923
217 941
217 948
217 981
217 983
217 998
218 301
218 345
218 458
218 489
218 509
218 626
218 685
218 746
218 752
218 815
218 848
218 880
218 1000
219 254
219 326
219 480
219 510
219 593
219 601
219 616
219 681
219 699
219 726
220 373
220 456
220 538
220 556
220 599
220 613
220 683
220 691
220 714
220 871
220 906
220 965
220 993
221 299
221 407
221 445
221 454
221 482
221 546
221 564
221 592
221 731
221 751
221 754
221 761
221 834
222 354
222 428
222 457
222 587
222 686
222 700
222 736
222 741
222 829
222 977
223 248
223 589
223 719
223 749
223 787
223 812
223 814
223 863
223 869
223 908
223 943
223 951
223 977
224 734
224 839
224 874
224 893
224 894
224 903
224 909
224 911
224 924
224 938
224 963
224 986
224 994
224 995
225 229
225 236
225 268
225 377
225 424
225 505
225 567
225 584
225 705
225 715
225 860
225 910
225 956
226 246
226 367
226 550
226 658
226 677
226 795
226 798
226 845
226 848
226 864
226 876
226 896
226 937
227 415
227 576
227 622
227 647
227 670
227 740
227 814
227 889
227 904
227 917
227 918
228 232
228 275
228 346
228 404
228 575
228 637
228 656
228 750
228 796
228 867
228 916
229 376
229 660
229 704
229 747
229 765
229 784
229 849
229 879
229 895
229 945
229 962
229 975
230 654
230 703
230 706
230 747
230 765
230 784
230 791
230 849
230 879
230 884
230 945
230 962
230 975
231 507
231 580
231 581
231 619
231 716
231 758
231 866
231 897
231 966
231 973
231 983
231 991
232 342
232 404
232 430
232 467
232 571
232 609
232 656
232 724
232 750
232 796
232 867
232 916
233 237
233 536
233 721
233 742
233 748
233 805
233 809
233 870
233 950
233 980
233 989
233 992
233 999
234 369
234 495
234 500
234 553
234 655
234 771
234 881
234 885
234 902
234 940
234 944
234 963
235 372
235 511
235 534
235 545
235 673
235 728
235 767
235 783
235 809
235 819
235 888
235 891
235 915
235 930
236 262
236 377
236 424
236 551
236 567
236 584
236 705
236 715
236 729
236 758
236 843
236 860
236 910
237 351
237 400
237 421
237 474
237 526
237 543
237 675
237 728
237 737
237 837
237 846
237 858
237 882
238 314
238 327
238 487
238 488
238 605
238 753
238 813
238 836
238 838
238 873
238 892
238 958
238 959
239 516
239 573
239 626
239 654
239 718
239 762
239 765
239 849
239 865
239 879
239 884
239 945
239 962
239 975
240 470
240 687
240 727
240 808
240 836
240 853
240 877
240 890
240 892
240 923
240 949
240 959
241 306
241 361
241 414
241 433
241 474
241 532
241 549
241 615
241 756
241 760
241 857
241 976
242 364
242 365
242 398
242 572
242 580
242 687
242 724
242 836
242 873
242 890
242 892
242 924
242 949
242 959
243 294
243 311
243 370
243 544
243 559
243 579
243 676
243 698
243 710
243 713
243 777
244 258
244 387
244 508
244 595
244 701
244 723
244 779
244 844
244 868
244 899
244 913
244 920
244 956
244 967
245 246
245 247
245 375
245 458
245 553
245 565
245 878
245 881
245 885
245 902
245 940
245 971
246 525
246 553
246 559
246 565
246 688
246 771
246 832
246 881
246 902
246 940
246 944
247 249
247 525
247 553
247 645
247 688
247 771
247 881
247 885
247 902
247 908
247 940
247 944
248 717
248 793
248 794
248 830
248 863
248 869
248 908
248 943
248 951
248 977
249 556
249 720
249 721
249 744
249 800
249 858
249 870
249 921
249 968
249 980
249 989
249 992
249 999
250 398
250 429
250 440
250 606
250 642
250 851
250 898
250 907
250 923
250 941
250 948
250 958
250 971
251 330
251 366
251 556
251 558
251 646
251 714
251 773
251 848
251 871
251 906
251 965
251 993
252 265
252 278
252 345
252 363
252 637
252 644
252 768
252 802
252 835
252 927
252 979
252 982
252 984
252 988
253 434
253 518
253 591
253 659
253 665
253 708
253 735
253 775
253 782
253 886
253 925
253 936
253 970
253 978
254 279
254 319
254 413
254 604
254 629
254 669
254 682
254 705
254 803
254 847
254 889
255 451
255 621
255 671
255 788
255 820
255 838
255 843
255 891
255 915
255 930
255 955
255 997
257 397
257 468
257 600
257 630
257 631
257 766
257 772
257 903
257 951
257 953
257 960
257 964
257 987
258 331
258 594
258 659
258 664
258 665
258 775
258 832
258 925
258 946
258 970
259 367
259 443
259 468
259 554
259 620
259 635
259 684
259 732
259 953
259 960
259 964
259 987
259 994
260 547
260 644
260 723
260 757
260 768
260 799
260 816
260 831
260 927
260 932
260 942
260 979
260 982
260 988
261 453
261 610
261 739
261 762
261 787
261 812
261 830
261 863
261 869
261 891
261 908
261 910
261 951
261 977
262 265
262 551
262 567
262 584
262 705
262 715
262 847
262 860
262 910
262 920
263 318
263 353
263 456
263 601
263 628
263 636
263 640
263 681
263 699
263 726
263 746
264 277
264 403
264 491
264 590
264 733
264 742
264 801
264 888
264 898
264 939
264 941
264 948
264 958
264 971
265 343
265 619
265 661
265 757
265 801
265 831
265 864
265 922
265 932
265 982
265 984
265 988
266 287
266 465
266 506
266 527
266 533
266 614
266 649
266 745
266 806
266 828
266 841
266 860
266 901
267 347
267 443
267 569
267 585
267 589
267 701
267 744
267 785
267 859
267 861
267 921
267 926
267 935
267 972
268 297
268 348
268 461
268 505
268 551
268 584
268 666
268 705
268 715
268 860
268 910
268 980
269 316
269 318
269 367
269 522
269 578
269 631
269 730
269 764
269 791
269 875
269 883
269 942
269 952
269 976
270 577
270 611
270 664
270 674
270 695
270 755
270 790
270 855
270 865
270 936
270 946
270 970
270 978
270 982
271 358
271 390
271 501
271 578
271 632
271 651
271 828
271 883
271 884
271 914
271 942
271 969
271 974
271 976
272 338
272 432
272 488
272 652
272 687
272 699
272 727
272 808
272 813
272 873
272 890
272 892
272 897
272 959
273 310
273 367
273 561
273 614
273 681
273 716
273 866
273 897
273 919
273 947
273 966
273 973
273 991
274 315
274 404
274 434
274 501
274 518
274 707
274 764
274 780
274 798
274 812
274 914
274 969
274 976
275 389
275 455
275 522
275 606
275 677
275 697
275 798
275 848
275 864
275 876
275 896
275 937
276 395
276 432
276 449
276 454
276 485
276 546
276 592
276 632
276 731
276 751
276 754
276 761
277 419
277 491
277 630
277 705
277 734
277 806
277 823
277 898
277 905
277 907
277 923
277 957
277 971
278 588
278 612
278 721
278 744
278 858
278 862
278 920
278 950
278 956
278 968
278 980
278 989
278 992
278 999
279 312
279 413
279 541
279 573
279 618
279 632
279 651
279 669
279 682
279 698
279 803
279 819
279 847
280 364
280 434
280 462
280 511
280 634
280 671
280 819
280 887
280 888
280 891
280 915
280 955
280 971
280 997
282 348
282 367
282 481
282 595
282 718
282 757
282 764
282 780
282 791
282 883
282 912
282 914
282 942
282 969
283 308
283 390
283 483
283 552
283 575
283 651
283 668
283 730
283 738
283 791
283 875
283 928
283 952
283 974
283 977
285 355
285 540
285 677
285 787
285 795
285 798
285 845
285 848
285 849
285 864
285 876
285 896
285 937
286 291
286 417
286 479
286 486
286 657
286 743
286 780
286 807
286 850
286 895
286 917
286 929
286 961
287 289
287 465
287 506
287 649
287 652
287 806
287 807
287 828
287 841
287 901
288 340
288 458
288 460
288 509
288 543
288 563
288 685
288 696
288 746
288 752
288 815
288 880
288 922
288 1000
289 388
289 391
289 402
289 435
289 457
289 608
289 639
289 686
289 700
289 736
289 741
289 829
289 942
290 411
290 430
290 566
290 571
290 596
290 637
290 656
290 667
290 750
290 796
290 867
290 916
290 928
291 305
291 417
291 445
291 479
291 509
291 770
291 777
291 807
291 895
291 900
291 917
291 929
291 933
291 961
292 388
292 405
292 524
292 575
292 617
292 625
292 648
292 663
292 672
292 685
292 694
292 804
292 954
293 356
293 412
293 497
293 519
293 562
293 627
293 717
293 769
293 774
293 776
293 802
293 868
294 304
294 370
294 394
294 445
294 504
294 546
294 559
294 565
294 676
294 678
294 710
294 713
294 777
295 301
295 340
295 341
295 458
295 563
295 685
295 696
295 746
295 752
295 815
295 851
295 880
295 945
295 1000
296 419
296 451
296 623
296 709
296 783
296 788
296 819
296 887
296 888
296 891
296 915
296 955
296 997
297 377
297 424
297 461
297 505
297 551
297 584
297 705
297 715
297 719
297 783
297 860
297 875
297 910
298 440
298 511
298 650
298 679
298 731
298 734
298 801
298 811
298 834
298 878
298 907
298 941
298 958
298 998
299 379
299 418
299 432
299 449
299 482
299 485
299 560
299 592
299 672
299 731
299 751
299 754
299 761
300 414
300 433
300 473
300 712
300 756
300 760
300 766
300 789
300 803
300 824
300 857
300 912
300 950
301 452
301 458
301 509
301 563
301 696
301 746
301 752
301 800
301 815
301 880
301 950
301 1000
302 377
302 405
302 524
302 575
302 600
302 625
302 648
302 663
302 672
302 694
302 804
302 954
303 404
303 564
303 800
303 858
303 862
303 870
303 883
303 950
303 968
303 980
303 989
303 992
303 999
304 311
304 371
304 445
304 504
304 544
304 559
304 579
304 582
304 676
304 713
304 777
304 862
305 441
305 466
305 699
305 735
305 743
305 759
305 770
305 807
305 843
305 850
305 900
305 929
305 961
306 376
306 414
306 433
306 473
306 615
306 756
306 760
306 766
306 789
306 824
306 856
306 857
306 986
307 317
307 359
307 393
307 396
307 443
307 450
307 470
307 586
307 668
307 690
307 803
307 840
307 909
307 928
308 315
308 367
308 434
308 552
308 578
308 595
308 722
308 857
308 928
308 942
308 968
308 969
308 974
309 352
309 465
309 506
309 527
309 649
309 745
309 806
309 828
309 841
309 901
309 983
309 986
310 341
310 384
310 515
310 585
310 814
310 817
310 842
310 897
310 919
310 947
310 973
310 985
310 991
311 320
311 343
311 370
311 439
311 445
311 504
311 544
311 559
311 579
311 710
311 713
311 777
312 403
312 412
312 464
312 497
312 519
312 520
312 562
312 591
312 612
312 717
312 769
312 774
312 776
312 970
314 409
314 476
314 605
314 836
314 838
314 873
314 877
314 890
314 892
314 910
314 949
314 959
314 987
315 317
315 498
315 552
315 631
315 707
315 729
315 762
315 780
315 883
315 928
315 952
315 969
315 988
316 398
316 419
316 477
316 541
316 650
316 733
316 744
316 811
316 878
316 907
316 939
316 971
316 981
316 983
317 323
317 336
317 450
317 470
317 539
317 586
317 587
317 666
317 668
317 690
317 840
317 880
317 909
318 510
318 537
318 593
318 598
318 601
318 628
318 636
318 640
318 681
318 699
318 970
319 541
319 573
319 604
319 618
319 629
319 632
319 669
319 682
319 698
319 803
319 817
319 847
319 873
320 464
320 581
320 587
320 602
320 608
320 758
320 817
320 866
320 919
320 947
320 966
320 973
320 991
321 484
321 719
321 739
321 749
321 793
321 812
321 863
321 908
321 928
321 943
321 951
321 977
321 992
322 352
322 506
322 649
322 688
322 745
322 749
322 783
322 806
322 828
322 841
322 901
323 336
323 359
323 429
323 493
323 586
323 587
323 642
323 666
323 676
323 725
323 840
323 889
323 909
323 916
324 390
324 560
324 578
324 689
324 729
324 775
324 791
324 875
324 914
324 928
324 952
324 969
324 976
325 337
325 452
325 512
325 743
325 807
325 816
325 833
325 895
325 900
325 917
325 918
325 929
325 934
326 392
326 456
326 593
326 601
326 628
326 636
326 640
326 699
326 719
326 726
327 513
327 651
327 652
327 727
327 808
327 813
327 836
327 853
327 855
327 877
327 890
327 949
327 959
328 382
328 386
328 496
328 566
328 634
328 637
328 656
328 667
328 750
328 796
328 859
328 867
328 916
328 936
329 599
329 825
329 826
329 852
329 893
329 894
329 911
329 924
329 963
329 968
329 986
329 994
329 995
330 384
330 556
330 558
330 613
330 646
330 691
330 714
330 871
330 893
330 906
330 965
330 983
330 993
331 419
331 503
331 594
331 638
331 755
331 790
331 855
331 863
331 925
331 931
331 936
331 970
331 978
332 363
332 547
332 644
332 665
332 768
332 799
332 816
332 835
332 932
332 979
332 982
332 984
332 988
332 994
333 362
333 491
333 619
333 799
333 816
333 831
333 835
333 922
333 927
333 979
333 982
333 984
333 988
333 992
334 400
334 523
334 552
334 584
334 617
334 641
334 643
334 675
334 728
334 737
334 808
334 837
334 846
334 882
335 427
335 461
335 573
335 604
335 618
335 629
335 632
335 669
335 682
335 698
335 803
335 820
335 847
335 890
336 359
336 470
336 493
336 530
336 587
336 613
336 649
336 668
336 690
336 725
336 751
336 840
336 909
337 379
337 479
337 681
337 763
337 833
337 895
337 900
337 917
337 929
337 934
337 961
337 1000
338 476
338 572
338 605
338 679
338 687
338 690
338 808
338 836
338 853
338 873
338 890
338 892
338 949
339 341
339 384
339 437
339 489
339 581
339 582
339 747
339 758
339 842
339 862
339 919
339 947
339 966
339 982
340 345
340 509
340 696
340 746
340 752
340 815
340 880
340 898
340 1000
341 426
341 431
341 437
341 515
341 608
341 689
341 817
341 831
341 866
341 947
341 973
341 991
342 404
342 430
342 463
342 496
342 566
342 571
342 637
342 656
342 796
342 867
342 886
342 916
343 362
343 363
343 518
343 644
343 831
343 922
343 932
343 979
343 984
343 988
344 345
344 490
344 773
344 825
344 826
344 839
344 852
344 911
344 924
344 938
344 945
344 963
344 986
344 994
344 995
345 509
345 563
345 666
345 685
345 696
345 752
345 815
345 880
345 1000
346 386
346 411
346 467
346 566
346 571
346 634
346 637
346 656
346 702
346 750
346 867
346 870
346 916
347 410
347 507
347 633
347 653
347 723
347 779
347 844
347 868
347 899
347 913
347 920
347 956
347 967
348 390
348 434
348 501
348 578
348 611
348 651
348 669
348 707
348 709
348 722
348 942
348 974
350 369
350 387
350 485
350 508
350 633
350 671
350 779
350 844
350 868
350 899
350 900
350 913
350 920
350 956
350 967
351 400
351 439
351 526
351 543
351 617
351 641
351 643
351 675
351 728
351 737
351 815
351 837
351 846
351 882
351 892
352 506
352 527
352 533
352 666
352 745
352 757
352 806
352 828
352 841
352 901
353 389
353 540
353 602
353 647
353 658
353 795
353 798
353 845
353 848
353 876
353 896
353 937
354 363
354 388
354 391
354 581
354 639
354 686
354 700
354 741
354 829
354 985
355 455
355 522
355 540
355 647
355 681
355 697
355 798
355 845
355 848
355 864
355 876
355 896
355 937
356 403
356 407
356 412
356 438
356 562
356 591
356 650
356 717
356 769
356 774
356 776
356 974
356 980
357 370
357 371
357 394
357 428
357 439
357 445
357 504
357 542
357 544
357 559
357 579
357 676
357 708
357 710
357 713
357 777
358 434
358 491
358 595
358 764
358 875
358 883
358 914
358 928
358 942
358 965
358 969
358 976
359 362
359 470
359 493
359 546
359 569
359 586
359 642
359 666
359 668
359 690
359 725
359 840
359 909
360 536
360 678
360 693
360 706
360 785
360 859
360 861
360 866
360 887
360 911
360 921
360 926
360 935
360 972
361 415
361 521
361 576
361 622
361 670
361 712
361 740
361 781
361 814
361 889
361 904
361 912
361 918
361 984
362 630
362 644
362 702
362 768
362 906
362 922
362 927
362 979
362 982
362 984
362 988
363 802
363 816
363 847
363 922
363 927
363 932
363 962
363 979
363 982
363 984
363 988
364 462
364 534
364 658
364 671
364 673
364 676
364 767
364 773
364 820
364 887
364 888
364 891
364 955
364 997
365 513
365 531
365 571
365 724
365 725
365 727
365 748
365 753
365 808
365 813
365 838
365 890
365 892
365 949
365 959
366 558
366 572
366 599
366 613
366 646
366 683
366 714
366 871
366 906
366 965
366 978
366 993
367 434
367 518
367 548
367 745
367 764
367 914
367 928
367 952
367 969
367 974
368 389
368 522
368 647
368 658
368 697
368 747
368 795
368 798
368 804
368 845
368 848
368 864
368 876
368 896
368 937
368 991
369 418
369 475
369 597
369 633
369 653
369 779
369 844
369 868
369 878
369 899
369 913
369 920
369 956
369 967
370 394
370 445
370 504
370 544
370 676
370 710
370 713
370 759
370 777
370 865
371 394
371 439
371 445
371 504
371 544
371 579
371 676
371 710
371 713
371 777
371 793
371 857
371 951
372 447
372 469
372 545
372 668
372 671
372 730
372 783
372 788
372 819
372 891
372 894
372 915
372 930
372 955
372 997
373 556
373 558
373 599
373 646
373 683
373 691
373 714
373 744
373 821
373 871
373 906
373 920
373 965
373 993
374 397
374 502
374 554
374 597
374 600
374 630
374 696
374 712
374 732
374 953
374 960
374 964
374 987
375 406
375 420
375 448
375 486
375 565
375 645
375 688
375 709
375 789
375 902
375 940
375 944
376 542
376 570
376 654
376 676
376 688
376 747
376 765
376 822
376 849
376 879
376 884
376 945
376 962
376 975
377 387
377 424
377 459
377 505
377 551
377 567
377 705
377 715
377 860
377 910
377 994
378 379
378 588
378 742
378 744
378 800
378 858
378 862
378 870
378 950
378 951
378 968
378 980
378 989
378 992
378 999
379 417
379 512
379 657
379 833
379 843
379 850
379 884
379 895
379 900
379 929
379 933
379 934
379 961
380 441
380 452
380 578
380 678
380 693
380 701
380 706
380 785
380 859
380 861
380 921
380 926
380 935
380 972
381 607
381 806
381 811
381 816
381 834
381 878
381 907
381 923
381 941
381 948
381 957
381 958
381 971
381 998
382 409
382 476
382 531
382 652
382 722
382 724
382 813
382 836
382 838
382 873
382 877
382 890
382 892
382 937
382 959
383 477
383 679
383 680
383 840
383 898
383 907
383 923
383 941
383 948
383 957
383 958
383 981
383 991
384 417
384 460
384 580
384 582
384 614
384 817
384 842
384 897
384 956
384 966
384 973
384 985
384 991
385 433
385 476
385 488
385 572
385 615
385 652
385 687
385 753
385 808
385 836
385 853
385 879
385 890
385 949
385 954
386 404
386 430
386 467
386 566
386 634
386 750
386 796
386 849
386 867
386 883
386 895
386 916
387 494
387 507
387 508
387 536
387 653
387 779
387 844
387 865
387 899
387 913
387 920
387 956
387 967
388 391
388 402
388 435
388 447
388 457
388 639
388 686
388 700
388 736
388 741
388 755
388 829
389 402
389 403
389 647
389 677
389 798
389 845
389 848
389 864
389 876
389 896
389 937
390 481
390 518
390 548
390 552
390 724
390 764
390 855
390 883
390 930
390 942
390 976
391 402
391 435
391 457
391 482
391 509
391 686
391 704
391 741
391 829
392 398
392 440
392 480
392 579
392 606
392 607
392 680
392 811
392 823
392 839
392 939
392 958
392 971
392 981
392 983
393 396
393 398
393 429
393 450
393 493
393 530
393 587
393 668
393 725
393 776
393 840
393 881
393 909
394 421
394 439
394 504
394 544
394 579
394 676
394 710
394 713
394 777
395 397
395 426
395 432
395 454
395 482
395 560
395 564
395 592
395 731
395 734
395 754
395 761
395 840
396 416
396 429
396 450
396 493
396 587
396 598
396 642
396 666
396 690
396 725
396 840
396 883
396 909
397 537
397 554
397 557
397 635
397 732
397 772
397 886
397 903
397 953
397 960
397 964
397 987
398 734
398 801
398 811
398 823
398 851
398 905
398 923
398 941
398 948
398 971
398 974
399 402
399 490
399 603
399 608
399 659
399 708
399 735
399 755
399 782
399 790
399 793
399 855
399 946
399 970
399 978
400 423
400 474
400 543
400 641
400 643
400 728
400 837
400 846
400 856
400 882
401 459
401 473
401 532
401 549
401 615
401 721
401 760
401 766
401 856
401 857
401 861
401 912
401 974
402 435
402 639
402 686
402 700
402 736
402 829
402 942
403 407
403 438
403 519
403 591
403 627
403 717
403 769
403 774
403 776
403 940
403 997
404 411
404 467
404 496
404 571
404 634
404 687
404 750
404 796
404 867
404 916
405 524
405 575
405 625
405 648
405 663
405 672
405 694
405 778
405 804
405 907
405 954
406 500
406 553
406 619
406 645
406 688
406 754
406 771
406 861
406 881
406 885
406 902
406 940
406 944
407 412
407 464
407 497
407 519
407 574
407 591
407 627
407 717
407 769
407 774
407 776
407 873
408 445
408 484
408 610
408 719
408 739
408 762
408 787
408 793
408 812
408 863
408 869
408 943
408 970
408 977
408 986
409 503
409 712
409 724
409 753
409 813
409 836
409 838
409 853
409 877
409 890
409 893
409 949
409 959
410 423
410 474
410 523
410 543
410 600
410 617
410 641
410 675
410 728
410 837
410 846
410 882
410 937
411 430
411 467
411 496
411 522
411 637
411 656
411 750
411 796
411 867
411 916
411 934
411 948
411 966
412 464
412 520
412 562
412 627
412 717
412 739
412 759
412 769
412 774
412 776
412 879
413 427
413 476
413 541
413 573
413 618
413 629
413 632
413 669
413 682
413 779
413 803
413 847
413 945
414 549
414 600
414 615
414 692
414 756
414 760
414 789
414 821
414 824
414 842
414 856
414 912
415 421
415 463
415 537
415 576
415 586
415 622
415 670
415 712
415 781
415 814
415 878
415 889
415 904
415 918
416 528
416 773
416 786
416 805
416 826
416 839
416 852
416 855
416 893
416 894
416 911
416 924
416 938
416 963
416 994
416 995
417 452
417 833
417 885
417 895
417 900
417 917
417 929
417 933
417 934
417 944
417 961
418 609
418 618
418 653
418 723
418 779
418 844
418 868
418 899
418 913
418 920
418 956
418 967
419 420
419 590
419 596
419 614
419 650
419 811
419 851
419 878
419 905
419 939
419 948
419 998
420 448
420 500
420 525
420 553
420 565
420 655
420 771
420 881
420 885
420 895
420 902
420 916
420 940
420 944
420 953
421 463
421 521
421 576
421 622
421 641
421 670
421 712
421 740
421 781
421 814
421 852
421 889
421 904
421 918
422 674
422 721
422 773
422 786
422 825
422 839
422 868
422 869
422 874
422 894
422 911
422 924
422 938
422 986
422 994
422 995
423 474
423 523
423 543
423 558
423 641
423 643
423 675
423 728
423 737
423 789
423 837
423 846
423 877
423 882
424 461
424 485
424 505
424 567
424 584
424 621
424 705
424 715
424 860
424 904
424 910
425 469
425 511
425 534
425 545
425 671
425 673
425 715
425 819
425 887
425 888
425 891
425 915
425 930
425 955
425 966
425 971
425 997
426 449
426 454
426 520
426 546
426 559
426 560
426 564
426 592
426 731
426 751
426 754
426 761
426 951
427 469
427 541
427 573
427 604
427 618
427 629
427 669
427 682
427 698
427 803
427 847
427 967
427 992
428 514
428 548
428 603
428 708
428 755
428 782
428 790
428 821
428 855
428 865
428 925
428 946
428 970
428 978
429 470
429 586
429 587
429 642
429 645
429 666
429 668
429 687
429 690
429 725
429 837
429 840
429 909
430 467
430 566
430 571
430 637
430 656
430 667
430 728
430 750
430 867
430 916
430 987
431 437
431 581
431 614
431 617
431 716
431 796
431 817
431 866
431 897
431 913
431 919
431 966
431 973
431 985
431 991
432 454
432 482
432 500
432 564
432 592
432 731
432 751
432 752
432 754
432 761
432 942
433 439
433 549
433 620
433 692
433 756
433 801
433 856
433 857
433 912
434 554
434 611
434 722
434 780
434 875
434 914
434 928
434 969
434 977
435 457
435 639
435 686
435 700
435 736
435 741
435 794
435 829
435 921
437 460
437 582
437 689
437 715
437 716
437 780
437 817
437 842
437 866
437 919
437 948
437 966
437 973
437 985
438 464
438 497
438 520
438 528
438 562
438 627
438 673
438 717
438 769
438 774
438 776
438 852
439 445
439 504
439 559
439 676
439 710
439 713
439 777
439 823
439 868
440 477
440 478
440 523
440 586
440 606
440 680
440 823
440 878
440 898
440 905
440 923
440 975
440 983
441 536
441 585
441 616
441 678
441 701
441 785
441 813
441 849
441 859
441 861
441 921
441 926
441 935
441 972
443 585
443 589
443 616
443 678
443 693
443 701
443 730
443 785
443 859
443 861
443 921
443 926
443 935
443 972
445 559
445 676
445 710
445 713
445 777
445 950
446 517
446 550
446 557
446 597
446 600
446 620
446 684
446 732
446 772
446 821
446 903
446 953
446 960
446 964
446 987
447 534
447 545
447 671
447 767
447 788
447 820
447 888
447 915
447 930
447 955
447 997
448 495
448 525
448 565
448 574
448 645
448 700
448 885
448 902
448 917
448 940
448 944
449 454
449 482
449 485
449 560
449 731
449 751
449 754
449 761
449 946
449 957
449 984
450 526
450 530
450 587
450 642
450 666
450 668
450 725
450 840
450 909
450 981
450 992
451 512
451 542
451 621
451 623
451 673
451 783
451 788
451 798
451 820
451 887
451 888
451 891
451 915
451 930
451 955
452 504
452 512
452 759
452 807
452 833
452 843
452 850
452 895
452 917
452 929
452 933
452 934
452 961
453 484
453 683
453 719
453 749
453 793
453 812
453 830
453 863
453 869
453 908
453 943
453 951
453 977
454 485
454 560
454 564
454 592
454 613
454 731
454 751
454 754
454 773
455 540
455 553
455 647
455 692
455 697
455 795
455 798
455 845
455 848
455 862
455 864
455 876
455 896
455 937
456 471
456 481
456 510
456 593
456 598
456 601
456 628
456 636
456 640
456 681
456 699
456 726
457 686
457 698
457 700
457 741
457 829
457 926
457 979
458 480
458 563
458 685
458 696
458 746
458 752
458 815
458 880
458 997
458 1000
459 532
459 549
459 655
459 692
459 756
459 766
459 789
459 824
459 856
459 857
459 921
459 984
460 580
460 582
460 637
460 662
460 707
460 842
460 866
460 897
460 919
460 966
460 973
460 985
460 991
461 505
461 567
461 584
461 650
461 705
461 715
461 860
461 910
461 997
462 534
462 604
462 623
462 783
462 819
462 820
462 838
462 888
462 891
462 896
462 915
462 930
462 955
462 987
462 997
463 521
463 537
463 576
463 670
463 712
463 740
463 781
463 814
463 889
463 904
463 918
463 975
464 519
464 562
464 591
464 627
464 702
464 717
464 763
464 769
464 774
464 776
464 989
465 506
465 588
465 716
465 745
465 771
465 806
465 828
465 841
465 901
466 702
466 759
466 770
466 794
466 807
466 850
466 895
466 898
466 900
466 912
466 929
466 933
466 934
466 938
466 961
467 474
467 571
467 637
467 750
467 796
467 840
467 867
467 889
467 916
468 517
468 554
468 600
468 635
468 684
468 699
468 732
468 764
468 903
468 918
468 960
468 964
468 987
469 511
469 541
469 574
469 623
469 767
469 783
469 788
469 887
469 888
469 891
469 930
469 955
469 997
470 530
470 586
470 666
470 668
470 725
470 840
470 882
470 905
470 909
471 588
471 668
471 720
471 721
471 742
471 778
471 805
471 813
471 858
471 861
471 862
471 950
471 968
471 980
471 989
471 999
472 528
472 709
472 763
472 773
472 786
472 832
472 839
472 844
472 852
472 874
472 893
472 911
472 924
472 938
472 963
472 986
472 994
472 995
473 549
473 615
473 756
473 766
473 824
473 856
473 857
473 912
473 920
473 945
474 526
474 641
474 643
474 675
474 737
474 757
474 837
474 846
474 882
474 961
475 508
475 633
475 653
475 723
475 765
475 779
475 844
475 868
475 898
475 899
475 913
475 920
475 954
475 956
475 967
476 487
476 488
476 724
476 727
476 836
476 838
476 873
476 877
476 888
476 892
476 919
476 949
476 959
477 491
477 531
477 596
477 733
477 784
477 801
477 851
477 860
477 898
477 907
477 941
477 958
477 998
478 480
478 550
478 553
478 606
478 679
478 692
478 811
478 834
478 905
478 923
478 939
478 948
478 971
478 981
478 983
479 483
479 555
479 763
479 770
479 794
479 807
479 832
479 843
479 850
479 917
479 929
479 934
479 961
480 606
480 679
480 801
480 823
480 830
480 834
480 905
480 907
480 923
480 941
480 958
480 971
480 991
481 483
481 595
481 611
481 631
481 651
481 729
481 730
481 738
481 775
481 875
481 883
481 890
481 914
481 928
481 974
482 546
482 560
482 564
482 673
482 716
482 751
482 754
482 963
483 498
483 593
483 598
483 631
483 875
483 905
483 928
483 952
483 969
483 974
483 976
484 719
484 749
484 776
484 787
484 793
484 830
484 863
484 869
484 877
484 908
484 943
484 951
484 977
485 546
485 564
485 731
485 751
485 754
485 761
485 774
485 934
486 495
486 500
486 525
486 645
486 688
486 771
486 881
486 885
486 902
486 940
486 944
487 531
487 535
487 625
487 652
487 687
487 724
487 727
487 753
487 813
487 838
487 853
487 873
487 877
487 949
487 959
488 489
488 499
488 513
488 572
488 652
488 727
488 808
488 813
488 853
488 892
488 949
488 959
489 561
489 580
489 581
489 602
489 608
489 802
489 817
489 842
489 866
489 919
489 973
489 985
489 991
490 514
490 535
490 583
490 594
490 603
490 659
490 739
490 775
490 790
490 855
490 923
490 925
490 936
490 946
490 978
491 590
491 606
491 721
491 801
491 811
491 834
491 939
491 958
491 971
491 983
491 994
493 506
493 530
493 586
493 642
493 666
493 668
493 690
493 725
493 738
493 840
493 909
493 916
493 957
494 507
494 633
494 653
494 712
494 723
494 816
494 826
494 844
494 868
494 899
494 913
494 920
494 956
494 967
494 979
495 500
495 547
495 587
495 645
495 688
495 771
495 881
495 885
495 940
495 944
496 548
496 566
496 571
496 634
496 637
496 642
496 654
496 656
496 667
496 750
496 796
496 916
496 978
497 519
497 520
497 562
497 583
497 591
497 627
497 762
497 769
497 774
497 776
497 779
497 865
498 501
498 507
498 548
498 552
498 595
498 729
498 730
498 764
498 875
498 925
498 942
498 952
498 965
498 974
498 976
499 616
499 702
499 739
499 768
499 799
499 800
499 802
499 816
499 831
499 835
499 922
499 927
499 932
499 979
499 982
499 984
499 988
500 565
500 629
500 645
500 655
500 771
500 881
500 902
500 914
500 940
500 944
501 578
501 701
501 707
501 738
501 764
501 875
501 914
501 938
501 952
501 976
502 517
502 557
502 630
502 684
502 732
502 772
502 813
502 879
502 903
502 953
502 960
502 964
502 965
502 987
503 535
503 594
503 665
503 695
503 708
503 759
503 793
503 886
503 925
503 931
503 936
503 970
503 978
504 544
504 559
504 579
504 710
504 760
504 777
505 508
505 551
505 567
505 642
505 705
505 715
505 809
505 860
505 910
506 527
506 649
506 745
506 806
506 828
506 839
506 841
506 901
506 944
507 531
507 570
507 609
507 633
507 653
507 779
507 844
507 868
507 899
507 913
507 920
507 956
507 967
508 572
508 633
508 723
508 779
508 844
508 868
508 899
508 913
508 920
508 956
508 967
508 981
509 563
509 685
509 696
509 746
509 752
509 815
509 880
509 930
509 1000
510 593
510 598
510 601
510 628
510 636
510 640
510 680
510 681
510 699
510 721
510 726
511 562
511 727
511 761
511 788
511 820
511 887
511 888
511 891
511 930
511 955
511 997
512 541
512 657
512 664
512 743
512 759
512 794
512 833
512 895
512 900
512 929
512 933
512 961
513 540
513 572
513 700
513 736
513 753
513 813
513 836
513 838
513 853
513 873
513 877
513 890
513 932
513 949
513 959
514 577
514 638
514 646
514 664
514 665
514 693
514 755
514 775
514 782
514 808
514 886
514 931
514 936
514 970
515 602
515 608
515 662
515 758
515 817
515 842
515 866
515 925
515 944
515 947
515 966
515 985
515 991
516 542
516 570
516 703
516 704
516 747
516 755
516 765
516 822
516 849
516 879
516 884
516 927
516 945
516 962
516 975
516 1000
517 597
517 600
517 630
517 635
517 675
517 684
517 732
517 882
517 903
517 953
517 960
517 964
517 987
518 578
518 595
518 631
518 707
518 738
518 768
518 791
518 875
518 883
518 914
518 942
518 952
519 591
519 606
519 609
519 717
519 769
519 774
519 776
519 966
520 528
520 562
520 591
520 627
520 717
520 739
520 769
520 774
520 776
520 940
521 670
521 691
521 712
521 740
521 781
521 814
521 826
521 848
521 889
521 904
521 918
521 974
522 550
522 597
522 647
522 677
522 795
522 798
522 845
522 848
522 864
522 876
522 896
522 937
523 543
523 617
523 635
523 641
523 675
523 728
523 737
523 775
523 837
523 846
523 882
524 575
524 625
524 648
524 663
524 672
524 694
524 804
524 873
524 954
524 997
525 542
525 553
525 655
525 769
525 771
525 885
525 902
525 978
526 543
526 617
526 641
526 643
526 668
526 675
526 737
526 837
526 846
526 882
527 533
527 649
527 657
527 743
527 745
527 806
527 828
527 841
527 897
527 901
528 786
528 825
528 826
528 839
528 874
528 893
528 924
528 938
528 953
528 963
528 986
528 994
528 995
530 545
530 587
530 642
530 666
530 668
530 690
530 725
530 746
530 840
530 909
530 973
531 605
531 687
531 724
531 753
531 783
531 813
531 836
531 838
531 877
531 890
531 892
531 949
531 959
532 549
532 692
532 756
532 766
532 789
532 795
532 856
532 857
532 873
532 880
532 912
533 538
533 649
533 745
533 804
533 806
533 828
533 841
533 901
534 621
534 623
534 800
534 891
534 915
534 930
534 948
534 955
534 980
534 997
535 577
535 603
535 708
535 735
535 759
535 782
535 790
535 832
535 925
535 931
535 936
535 946
535 970
536 616
536 678
536 693
536 701
536 706
536 785
536 859
536 861
536 921
536 926
536 935
536 972
537 622
537 670
537 712
537 740
537 781
537 814
537 830
537 889
537 904
537 917
537 918
538 569
538 585
538 589
538 652
538 678
538 693
538 701
538 706
538 785
538 859
538 861
538 921
538 926
538 935
538 972
539 581
539 582
539 602
539 608
539 614
539 689
539 716
539 758
539 767
539 812
539 824
539 842
539 897
539 903
539 947
539 966
539 973
539 985
540 647
540 677
540 692
540 697
540 756
540 795
540 798
540 845
540 864
540 896
540 937
540 968
541 573
541 604
541 629
541 632
541 669
541 682
541 698
541 803
541 847
542 555
542 626
542 654
542 703
542 747
542 784
542 822
542 849
542 879
542 884
542 945
542 962
542 973
542 975
543 643
543 675
543 713
543 714
543 737
543 837
543 846
543 882
543 925
544 559
544 579
544 617
544 676
544 713
544 777
544 812
544 836
544 957
545 621
545 673
545 697
545 748
545 767
545 819
545 820
545 888
545 891
545 915
545 955
545 997
546 560
546 564
546 592
546 731
546 751
546 754
546 761
546 817
546 884
547 619
547 702
547 768
547 799
547 802
547 816
547 831
547 845
547 848
547 922
547 927
547 952
547 979
547 982
547 984
548 637
548 722
548 729
548 730
548 738
548 780
548 791
548 864
548 883
548 928
548 942
548 952
548 969
548 976
549 554
549 756
549 760
549 768
549 789
549 824
549 856
549 857
549 886
549 912
550 647
550 658
550 677
550 693
550 697
550 795
550 798
550 845
550 848
550 864
550 876
550 896
550 937
551 567
551 584
551 705
551 715
551 720
551 860
551 876
551 910
551 950
552 595
552 611
552 680
552 722
552 729
552 773
552 775
552 883
552 914
552 942
552 969
552 974
552 976
553 645
553 655
553 771
553 806
553 881
553 885
553 940
553 943
553 944
554 630
554 684
554 732
554 772
554 875
554 903
554 907
554 953
554 960
554 964
554 987
555 601
555 626
555 654
555 660
555 670
555 703
555 704
555 718
555 784
555 786
555 822
555 849
555 884
555 945
555 962
555 975
556 599
556 613
556 683
556 691
556 829
556 871
556 906
556 965
556 988
556 993
557 597
557 635
557 684
557 732
557 772
557 884
557 903
557 942
557 953
557 958
557 960
557 964
557 966
557 987
558 595
558 599
558 613
558 646
558 683
558 691
558 714
558 829
558 871
558 906
558 965
558 993
559 579
559 676
559 710
559 713
559 758
559 777
560 564
560 592
560 731
560 751
560 761
560 801
560 807
561 580
561 581
561 582
561 614
561 639
561 689
561 716
561 817
561 842
561 874
561 919
561 947
561 985
561 991
562 627
562 643
562 717
562 769
562 774
562 776
562 816
562 924
563 685
563 696
563 746
563 752
563 800
563 807
563 815
563 880
563 935
563 955
563 1000
564 592
564 731
564 751
564 754
564 757
564 761
564 949
564 964
565 645
565 655
565 688
565 881
565 885
565 889
565 902
565 924
565 940
565 943
565 944
566 634
566 637
566 644
566 656
566 667
566 703
566 796
566 867
566 916
567 584
567 705
567 715
567 725
567 843
567 856
567 860
567 910
567 918
569 585
569 589
569 616
569 678
569 701
569 706
569 785
569 786
569 859
569 861
569 921
569 926
569 935
569 972
569 985
570 626
570 638
570 703
570 704
570 718
570 747
570 765
570 784
570 794
570 822
570 849
570 879
570 884
570 945
570 962
570 975
570 992
571 656
571 667
571 750
571 764
571 796
571 867
571 916
571 922
571 947
572 652
572 727
572 753
572 808
572 853
572 873
572 877
572 890
572 892
572 949
572 959
573 604
573 618
573 629
573 632
573 669
573 682
573 698
573 756
573 803
573 847
573 896
574 612
574 720
574 742
574 748
574 778
574 805
574 809
574 825
574 858
574 862
574 870
574 950
574 968
574 980
574 989
574 992
574 999
575 625
575 648
575 663
575 672
575 694
575 804
575 887
575 952
575 954
576 622
576 647
576 670
576 704
576 712
576 740
576 781
576 814
576 862
576 889
576 904
576 914
576 918
577 583
577 659
577 664
577 695
577 735
577 790
577 821
577 870
577 886
577 925
577 931
577 946
577 978
578 611
578 729
578 730
578 781
578 790
578 791
578 914
578 949
578 952
578 974
578 976
579 676
579 710
579 713
579 777
579 926
579 939
580 582
580 584
580 609
580 614
580 689
580 817
580 897
580 966
580 973
580 985
580 991
581 602
581 758
581 765
581 817
581 882
581 897
581 919
581 941
581 947
581 985
581 991
582 583
582 614
582 662
582 758
582 845
582 897
582 906
582 919
582 947
582 973
582 985
582 991
583 594
583 659
583 708
583 782
583 790
583 832
583 855
583 865
583 886
583 908
583 917
583 931
583 936
583 946
583 970
583 978
584 656
584 705
584 715
584 860
584 878
584 910
585 693
585 701
585 706
585 765
585 785
585 858
585 859
585 861
585 893
585 921
585 926
585 935
585 972
586 587
586 642
586 654
586 666
586 668
586 690
586 725
586 840
586 909
586 971
587 642
587 668
587 690
587 725
587 830
587 840
587 909
588 589
588 744
588 778
588 800
588 858
588 862
588 870
588 938
588 950
588 968
588 980
588 989
588 992
588 999
589 616
589 678
589 693
589 701
589 706
589 785
589 859
589 861
589 921
589 926
589 935
589 972
590 606
590 625
590 650
590 654
590 663
590 733
590 823
590 851
590 905
590 939
590 941
590 948
590 981
590 998
591 627
591 645
591 717
591 769
591 774
591 776
591 969
592 731
592 751
592 754
592 761
592 771
592 864
592 949
592 965
593 598
593 601
593 628
593 636
593 640
593 645
593 681
593 699
593 726
593 796
593 988
594 722
594 755
594 775
594 807
594 821
594 832
594 838
594 855
594 865
594 886
594 925
594 931
594 970
594 978
595 651
595 729
595 770
595 875
595 912
595 914
595 928
595 942
595 974
595 976
596 645
596 650
596 733
596 734
596 801
596 823
596 834
596 851
596 907
596 941
596 948
596 970
596 983
596 986
596 998
597 600
597 620
597 630
597 817
597 903
597 953
597 960
597 964
597 987
597 992
598 601
598 627
598 628
598 636
598 640
598 681
598 699
598 726
599 613
599 636
599 646
599 683
599 691
599 693
599 714
599 871
599 883
599 906
599 965
599 993
600 630
600 684
600 726
600 732
600 772
600 903
600 953
600 960
600 964
600 987
601 603
601 628
601 636
601 640
601 681
601 699
601 726
601 955
602 604
602 614
602 681
602 689
602 817
602 842
602 897
602 947
602 966
602 973
602 985
602 991
603 665
603 735
603 755
603 775
603 821
603 832
603 875
603 886
603 925
603 931
603 936
603 946
603 971
603 978
604 618
604 629
604 632
604 682
604 698
604 803
604 847
604 915
604 988
605 614
605 687
605 724
605 727
605 738
605 752
605 753
605 813
605 836
605 853
605 873
605 877
605 890
605 903
605 959
606 646
606 733
606 823
606 851
606 878
606 898
606 939
606 958
606 971
606 972
606 981
606 998
607 610
607 650
607 673
607 680
607 878
607 894
607 905
607 941
607 942
607 957
607 958
607 971
607 981
607 983
607 998
608 629
608 662
608 689
608 716
608 758
608 842
608 866
608 919
608 947
608 966
608 985
608 991
609 633
609 653
609 713
609 723
609 779
609 844
609 868
609 899
609 913
609 920
609 931
609 956
609 967
610 719
610 732
610 738
610 739
610 749
610 762
610 787
610 830
610 869
610 875
610 908
610 943
610 951
610 977
611 738
611 764
611 780
611 789
611 791
611 802
611 892
611 928
611 969
611 974
611 976
612 720
612 721
612 737
612 742
612 800
612 805
612 841
612 858
612 862
612 870
612 946
612 950
612 968
612 980
612 989
612 992
612 999
613 646
613 683
613 691
613 714
613 772
613 871
613 906
613 965
613 988
613 993
614 662
614 683
614 842
614 897
614 919
614 966
614 991
614 1000
615 756
615 760
615 766
615 789
615 824
615 856
615 857
615 912
615 931
615 943
615 985
616 678
616 693
616 706
616 785
616 859
616 861
616 892
616 921
616 926
616 935
616 969
616 972
617 641
617 643
617 675
617 728
617 735
617 737
617 837
617 846
617 882
618 623
618 629
618 632
618 669
618 682
618 698
618 758
618 803
618 847
618 947
619 644
619 751
619 757
619 768
619 799
619 802
619 831
619 922
619 932
619 979
619 982
619 984
619 988
620 621
620 630
620 635
620 684
620 732
620 753
620 772
620 929
620 953
620 960
620 964
620 987
621 623
621 642
621 673
621 767
621 783
621 788
621 819
621 820
621 888
621 930
621 949
621 955
621 997
622 675
622 712
622 740
622 781
622 814
622 889
622 904
622 918
622 965
622 987
622 1000
623 628
623 655
623 671
623 783
623 819
623 820
623 846
623 887
623 888
623 915
623 930
623 955
623 997
625 648
625 663
625 672
625 694
625 790
625 804
625 922
625 954
626 660
626 704
626 747
626 782
626 784
626 822
626 875
626 879
626 884
626 905
626 945
626 962
626 969
626 975
627 710
627 717
627 737
627 769
627 774
627 776
628 636
628 640
628 681
628 699
628 726
628 743
628 933
629 632
629 669
629 682
629 698
629 726
629 729
629 803
629 847
630 772
630 840
630 903
630 910
630 953
630 960
630 964
630 987
631 707
631 722
631 742
631 771
631 791
631 875
631 883
631 902
631 914
631 942
631 974
631 976
632 669
632 682
632 698
632 803
632 847
632 931
633 653
633 723
633 781
633 828
633 868
633 899
633 913
633 920
633 956
633 967
633 983
634 637
634 656
634 667
634 750
634 796
634 861
634 867
634 916
634 975
635 684
635 686
635 772
635 790
635 885
635 903
635 953
635 960
635 964
635 987
636 640
636 681
636 699
636 726
636 852
636 953
637 656
637 667
637 750
637 796
637 867
637 916
637 917
638 664
638 665
638 723
638 735
638 755
638 775
638 790
638 821
638 855
638 865
638 886
638 925
638 926
638 931
638 936
638 946
638 950
638 978
639 684
639 700
639 736
639 741
639 829
639 830
639 976
639 986
640 644
640 681
640 699
640 726
640 885
641 643
641 728
641 737
641 837
641 846
641 874
641 882
641 928
641 1000
642 666
642 668
642 690
642 725
642 785
642 840
642 909
643 675
643 728
643 737
643 837
643 846
643 882
643 907
643 959
643 981
644 661
644 768
644 799
644 802
644 835
644 910
644 922
644 927
644 932
644 936
644 979
644 982
644 988
645 655
645 707
645 881
645 885
645 902
645 940
645 944
646 683
646 691
646 714
646 780
646 871
646 906
646 965
646 993
647 658
647 697
647 798
647 842
647 848
647 864
647 876
647 896
647 937
648 663
648 672
648 694
648 804
648 822
648 829
648 842
648 954
649 745
649 806
649 828
649 841
649 895
649 901
649 981
650 775
650 794
650 801
650 851
650 878
650 898
650 905
650 941
650 948
650 957
650 958
650 981
650 983
650 998
651 729
651 747
651 764
651 838
651 914
651 942
651 946
651 952
651 969
651 974
652 753
652 769
652 808
652 813
652 836
652 838
652 846
652 873
652 877
652 892
652 949
652 959
653 723
653 779
653 844
653 845
653 868
653 899
653 913
653 920
653 931
653 956
653 967
653 980
654 660
654 704
654 712
654 718
654 747
654 765
654 784
654 822
654 879
654 884
654 945
654 962
654 964
654 975
655 688
655 771
655 777
655 881
655 885
655 897
655 902
655 940
655 944
656 660
656 667
656 717
656 750
656 867
656 916
656 918
657 743
657 758
657 759
657 763
657 770
657 807
657 833
657 850
657 895
657 917
657 929
657 933
657 934
657 961
657 963
657 974
658 677
658 697
658 795
658 798
658 812
658 845
658 848
658 864
658 876
658 896
658 937
658 987
659 664
659 678
659 708
659 779
659 782
659 795
659 821
659 832
659 855
659 865
659 876
659 886
659 936
659 946
659 970
659 978
660 703
660 704
660 718
660 747
660 765
660 784
660 822
660 849
660 867
660 879
660 884
660 888
660 945
660 948
660 962
660 975
661 702
661 768
661 799
661 802
661 831
661 835
661 847
661 862
661 900
661 919
661 922
661 927
661 932
661 979
661 982
661 988
662 716
662 743
662 758
662 817
662 830
662 866
662 897
662 919
662 947
662 954
662 966
662 974
662 985
662 991
663 672
663 694
663 777
663 804
663 826
663 846
663 954
663 982
664 708
664 748
664 755
664 782
664 855
664 865
664 886
664 925
664 931
664 936
664 946
664 950
664 970
664 978
664 1000
665 677
665 735
665 755
665 801
665 821
665 832
665 855
665 865
665 873
665 886
665 931
665 936
665 946
665 970
665 978
666 668
666 690
666 725
666 829
666 840
666 909
666 976
667 676
667 740
667 750
667 796
667 867
667 916
667 938
667 964
668 690
668 725
668 840
668 909
669 682
669 698
669 748
669 803
669 808
669 822
669 847
670 712
670 740
670 781
670 814
670 888
670 889
670 904
670 918
671 686
671 694
671 767
671 788
671 819
671 820
671 887
671 888
671 891
671 930
671 955
671 997
672 694
672 804
672 837
672 954
672 982
672 999
673 767
673 771
673 788
673 819
673 820
673 887
673 888
673 891
673 915
673 930
673 997
674 690
674 696
674 709
674 730
674 773
674 786
674 825
674 826
674 839
674 852
674 893
674 894
674 911
674 924
674 938
674 963
674 986
674 994
674 995
675 728
675 737
675 837
675 846
675 881
675 882
676 710
676 713
676 777
677 697
677 703
677 795
677 798
677 845
677 864
677 876
677 896
677 927
677 937
678 690
678 693
678 701
678 706
678 785
678 859
678 861
678 921
678 926
678 935
678 972
679 733
679 801
679 811
679 851
679 894
679 898
679 905
679 907
679 923
679 939
679 957
679 962
679 971
679 998
680 834
680 878
680 898
680 907
680 939
680 941
680 949
680 957
680 958
680 981
681 699
681 726
682 698
682 706
682 725
682 803
682 847
682 909
682 947
683 714
683 871
683 906
683 961
683 965
683 968
683 978
683 993
684 732
684 772
684 852
684 903
684 928
684 953
684 960
684 987
684 998
685 688
685 696
685 720
685 746
685 815
685 865
685 880
685 993
685 1000
686 691
686 700
686 729
686 736
686 741
686 829
686 885
687 724
687 753
687 793
687 808
687 813
687 853
687 873
687 877
687 892
687 949
687 954
687 959
688 771
688 788
688 885
688 940
688 944
689 724
689 804
689 842
689 897
689 915
689 919
689 947
689 966
689 973
689 985
689 991
690 725
690 840
690 877
690 909
691 710
691 714
691 871
691 892
691 906
691 965
691 989
691 993
692 756
692 760
692 766
692 824
692 856
692 857
692 912
692 913
692 973
693 701
693 706
693 716
693 859
693 861
693 921
693 926
693 935
693 972
694 696
694 732
694 804
694 954
695 708
695 735
695 772
695 775
695 782
695 790
695 815
695 821
695 832
695 855
695 865
695 886
695 913
695 925
695 931
695 946
695 949
695 970
695 978
696 741
696 746
696 752
696 815
696 880
696 1000
697 795
697 798
697 845
697 848
697 864
697 876
697 896
697 937
697 967
697 982
697 983
698 731
698 748
698 803
698 847
699 726
699 897
700 736
700 741
700 829
700 960
700 978
701 706
701 823
701 859
701 861
701 908
701 921
701 926
701 935
701 972
702 757
702 768
702 799
702 802
702 816
702 835
702 839
702 922
702 927
702 979
702 982
702 984
702 988
703 704
703 718
703 765
703 784
703 822
703 849
703 879
703 884
703 945
703 961
703 962
703 975
704 718
704 765
704 784
704 822
704 849
704 879
704 884
704 935
704 945
704 962
704 975
704 998
705 715
705 860
705 910
705 938
705 997
706 785
706 859
706 861
706 921
706 926
706 935
706 959
706 972
707 722
707 780
707 791
707 875
707 881
707 883
707 928
707 942
707 952
707 963
707 969
707 974
708 735
708 755
708 786
708 821
708 832
708 855
708 865
708 894
708 925
708 935
708 946
708 978
708 999
709 722
709 740
709 773
709 786
709 825
709 826
709 839
709 852
709 893
709 894
709 911
709 924
709 938
709 963
709 986
709 994
709 995
710 713
710 777
710 838
710 962
712 740
712 781
712 814
712 889
712 904
712 918
713 777
713 853
713 863
713 976
714 806
714 812
714 871
714 890
714 906
714 965
714 993
715 731
715 844
715 860
715 910
716 742
716 758
716 874
716 897
716 947
716 966
716 973
716 985
716 991
717 719
717 750
717 769
717 774
717 776
717 953
718 747
718 765
718 784
718 822
718 826
718 849
718 879
718 884
718 945
718 955
718 956
718 962
718 975
719 739
719 749
719 762
719 787
719 812
719 846
719 863
719 869
719 887
719 908
719 943
719 951
719 977
720 721
720 742
720 748
720 778
720 800
720 809
720 858
720 862
720 870
720 950
720 968
720 973
720 980
720 989
720 992
720 999
721 742
721 744
721 778
721 805
721 809
721 862
721 950
721 968
721 980
721 989
721 992
721 999
722 730
722 875
722 911
722 928
722 952
722 969
722 974
722 976
723 779
723 844
723 868
723 899
723 911
723 913
723 920
723 927
723 956
723 967
723 991
724 808
724 813
724 836
724 838
724 853
724 873
724 877
724 890
724 892
724 949
724 959
725 785
725 840
725 881
725 909
726 817
726 901
726 946
727 808
727 819
727 836
727 838
727 853
727 859
727 873
727 877
727 890
727 943
727 949
727 959
728 737
728 768
728 837
728 846
728 882
729 730
729 764
729 780
729 791
729 859
729 875
729 883
729 928
729 952
729 969
729 976
730 738
730 787
730 875
730 879
730 883
730 928
730 942
730 952
730 974
730 976
731 751
731 754
731 761
731 999
732 772
732 858
732 960
732 964
732 987
733 734
733 834
733 845
733 870
733 899
733 905
733 923
733 948
733 957
733 964
733 971
733 981
733 983
733 998
734 801
734 823
734 851
734 905
734 907
734 923
734 940
734 941
734 948
734 957
734 971
734 981
734 983
734 998
735 775
735 790
735 832
735 855
735 865
735 886
735 907
735 931
735 969
735 970
735 977
735 978
736 741
736 781
736 788
736 828
736 829
736 953
737 837
737 846
737 882
737 894
737 961
738 780
738 875
738 904
738 911
738 914
738 928
738 942
738 952
738 969
738 974
739 749
739 787
739 793
739 830
739 863
739 869
739 908
739 920
739 943
739 951
739 977
740 781
740 811
740 814
740 889
740 904
740 918
740 998
741 805
741 829
741 860
741 954
742 744
742 748
742 778
742 805
742 809
742 858
742 862
742 870
742 950
742 980
742 989
742 992
742 999
743 759
743 807
743 833
743 843
743 850
743 895
743 900
743 917
743 921
743 933
743 934
743 961
744 748
744 778
744 799
744 800
744 805
744 858
744 862
744 870
744 967
744 968
744 980
744 989
744 992
744 999
745 806
745 828
745 841
745 901
745 952
746 752
746 815
746 870
746 880
746 947
746 1000
747 761
747 784
747 822
747 849
747 879
747 884
747 945
747 962
747 975
748 778
748 800
748 805
748 809
748 858
748 862
748 870
748 950
748 968
748 980
748 989
748 992
748 999
749 762
749 787
749 812
749 830
749 869
749 951
749 977
750 863
750 867
750 898
750 916
750 926
750 935
751 754
751 761
751 883
752 794
752 815
752 879
752 880
752 1000
753 803
753 836
753 838
753 853
753 873
753 877
753 892
753 940
753 949
753 962
753 979
754 761
755 767
755 775
755 782
755 790
755 832
755 931
755 936
755 952
755 970
756 760
756 768
756 789
756 799
756 824
756 856
756 857
756 912
756 972
757 768
757 831
757 835
757 927
757 932
757 941
757 979
757 982
757 984
757 988
758 817
758 842
758 866
758 870
758 897
758 947
758 966
758 973
758 985
758 991
759 763
759 770
759 807
759 833
759 843
759 850
759 895
759 917
759 929
759 933
759 961
760 766
760 789
760 824
760 857
760 912
760 923
760 937
761 977
762 786
762 787
762 793
762 830
762 863
762 869
762 908
762 943
762 951
762 977
763 770
763 794
763 807
763 833
763 843
763 850
763 856
763 917
763 929
763 933
763 934
763 961
763 981
763 999
764 776
764 780
764 883
764 914
764 916
764 927
764 928
764 942
764 952
764 969
764 974
765 766
765 769
765 784
765 822
765 849
765 879
765 884
765 945
765 962
765 975
766 771
766 789
766 824
766 856
766 857
766 912
766 973
767 783
767 819
767 820
767 835
767 887
767 888
767 891
767 915
767 930
767 936
767 978
767 997
768 799
768 802
768 831
768 835
768 927
768 932
768 959
768 982
768 988
769 770
769 774
769 776
769 798
769 1000
770 794
770 807
770 833
770 836
770 843
770 850
770 878
770 900
770 917
770 933
770 934
770 938
770 961
771 881
771 885
771 902
771 940
771 944
772 793
772 903
772 911
772 953
772 964
772 987
773 786
773 825
773 826
773 839
773 849
773 874
773 893
773 894
773 911
773 924
773 938
773 963
773 986
773 994
773 995
774 776
774 805
774 964
775 821
775 832
775 865
775 886
775 925
775 931
775 936
775 946
775 978
776 836
776 958
777 905
777 912
778 800
778 805
778 858
778 866
778 870
778 932
778 937
778 950
778 968
778 973
778 980
778 989
778 992
778 999
779 784
779 868
779 899
779 913
779 920
779 956
779 967
780 791
780 805
780 883
780 914
780 928
780 942
780 952
780 969
780 974
780 976
780 997
781 784
781 814
781 889
781 904
781 918
781 920
782 821
782 832
782 865
782 886
782 909
782 925
782 931
782 936
782 946
782 956
782 970
782 978
783 788
783 819
783 820
783 875
783 887
783 891
783 915
783 930
783 955
783 972
783 997
784 822
784 849
784 859
784 879
784 884
784 945
784 962
784 975
785 791
785 859
785 861
785 921
785 926
785 935
785 960
785 972
785 983
786 825
786 826
786 839
786 852
786 874
786 893
786 894
786 924
786 934
786 938
786 963
786 986
786 994
786 995
787 791
787 812
787 830
787 869
787 908
787 951
787 977
787 982
788 819
788 820
788 887
788 888
788 891
788 915
788 930
788 955
788 997
789 798
789 852
789 857
789 881
789 912
790 832
790 855
790 865
790 886
790 931
790 936
790 946
790 970
790 976
790 997
791 875
791 883
791 914
791 919
791 944
791 952
791 974
793 812
793 830
793 863
793 869
793 908
793 943
793 951
793 977
794 833
794 843
794 895
794 900
794 917
794 929
794 933
794 934
794 961
795 798
795 845
795 848
795 864
795 876
795 895
795 896
795 906
795 937
795 944
796 804
796 867
796 916
796 933
798 845
798 846
798 848
798 876
798 937
798 962
799 802
799 816
799 831
799 902
799 922
799 927
799 932
799 952
799 979
799 982
799 984
799 988
800 805
800 809
800 858
800 862
800 870
800 925
800 950
800 968
800 980
800 986
800 989
800 992
800 999
801 863
801 905
801 923
801 939
801 948
801 957
801 981
802 816
802 835
802 858
802 922
802 927
802 979
802 982
802 984
802 988
802 998
803 847
803 850
803 929
804 954
805 809
805 858
805 870
805 939
805 950
805 968
805 980
805 989
805 992
805 999
806 828
806 841
806 880
806 901
807 833
807 843
807 850
807 900
807 917
807 929
807 933
807 934
808 813
808 834
808 837
808 838
808 853
808 873
808 877
808 890
808 920
808 949
808 959
809 813
809 858
809 862
809 887
809 937
809 950
809 968
809 980
809 989
809 992
809 999
811 823
811 834
811 905
811 922
811 939
811 941
811 957
811 958
811 981
811 983
811 994
812 830
812 863
812 869
812 908
812 943
812 951
812 977
813 838
813 853
813 871
813 873
813 877
813 890
813 949
814 889
814 904
814 918
814 950
814 971
815 880
815 896
815 985
815 999
815 1000
816 831
816 835
816 922
816 927
816 932
816 979
816 982
816 984
816 988
817 825
817 829
817 866
817 919
817 973
817 985
817 991
819 820
819 859
819 887
819 915
819 930
819 961
819 997
820 832
820 871
820 887
820 888
820 891
820 915
820 930
820 955
821 832
821 855
821 877
821 886
821 900
821 925
821 931
821 936
821 946
821 970
821 978
822 848
822 849
822 879
822 884
822 928
822 930
822 945
822 951
822 962
822 975
823 834
823 851
823 878
823 898
823 907
823 939
823 941
823 948
823 971
823 983
823 995
824 850
824 856
824 857
824 912
824 939
824 964
825 832
825 852
825 853
825 874
825 893
825 894
825 924
825 925
825 938
825 963
825 986
825 994
825 995
826 839
826 852
826 855
826 893
826 894
826 911
826 924
826 938
826 963
826 986
826 994
826 995
828 841
828 901
828 916
830 863
830 869
830 908
830 939
830 943
830 951
830 977
831 835
831 865
831 912
831 922
831 927
831 932
831 943
831 969
831 979
831 982
831 984
831 988
831 993
832 855
832 865
832 886
832 925
832 936
832 978
833 843
833 873
833 898
833 917
833 933
833 934
833 945
833 955
833 961
834 851
834 878
834 898
834 923
834 939
834 957
834 971
834 975
834 981
834 983
834 998
835 857
835 890
835 915
835 922
835 927
835 932
835 936
835 979
835 982
835 984
835 986
835 988
836 877
836 890
836 892
836 949
836 959
837 846
837 882
837 948
837 955
838 849
838 853
838 873
838 877
838 890
838 892
838 949
838 959
839 852
839 874
839 893
839 894
839 911
839 919
839 924
839 938
839 963
839 986
839 994
839 995
840 907
840 909
841 851
841 901
841 957
841 989
842 866
842 897
842 906
842 909
842 947
842 966
842 973
842 985
842 991
843 850
843 867
843 880
843 895
843 917
843 929
843 933
843 934
843 961
844 868
844 899
844 913
844 920
844 929
844 956
844 967
844 980
845 848
845 864
845 876
845 896
845 908
845 937
846 882
846 891
847 944
847 957
847 960
848 876
848 896
848 933
848 937
849 879
849 884
849 919
849 945
849 962
849 975
850 895
850 917
850 929
850 933
850 945
850 963
850 1000
851 930
851 936
851 939
851 941
851 948
851 958
851 981
851 983
851 998
852 874
852 893
852 894
852 911
852 924
852 938
852 963
852 986
852 994
852 995
853 873
853 877
853 892
853 918
853 949
853 959
853 993
855 865
855 874
855 925
855 931
855 936
855 946
855 970
855 978
856 857
856 912
857 912
857 932
858 862
858 869
858 870
858 930
858 950
858 968
858 980
858 992
859 861
859 921
859 926
859 935
859 972
860 863
860 910
861 921
861 926
861 935
861 949
861 972
862 868
862 870
862 950
862 968
862 989
862 992
862 999
863 869
863 908
863 943
863 951
863 977
864 876
864 892
864 896
864 908
864 914
864 937
865 886
865 925
865 931
865 936
865 946
865 970
865 978
866 897
866 914
866 919
866 947
866 966
866 973
866 981
866 985
866 991
866 995
867 914
867 916
867 935
868 899
868 913
868 920
868 956
868 962
868 967
869 908
869 915
869 943
869 951
869 977
869 980
869 986
870 950
870 980
870 989
870 992
870 999
871 878
871 906
871 924
871 965
871 967
871 983
871 993
873 877
873 892
873 949
873 959
874 893
874 894
874 911
874 917
874 924
874 938
874 959
874 963
874 986
874 994
874 995
875 942
875 945
875 969
876 896
876 937
876 948
876 978
877 890
877 892
877 959
877 975
878 905
878 907
878 939
878 948
878 957
878 998
879 884
879 922
879 945
879 962
879 975
880 942
880 1000
881 885
881 902
881 940
881 944
882 889
882 899
882 932
883 955
883 969
883 974
883 976
884 905
884 945
884 962
884 975
885 887
885 902
885 940
885 944
886 899
886 902
886 925
886 931
886 936
886 946
886 970
886 978
887 888
887 891
887 915
887 946
887 955
887 997
888 902
888 915
888 930
888 931
888 955
888 997
889 904
889 909
889 918
889 959
890 892
890 949
890 959
891 892
891 896
891 915
891 955
891 984
891 997
892 949
892 959
893 894
893 911
893 924
893 938
893 957
893 958
893 963
893 986
893 994
893 995
894 924
894 938
894 963
894 986
894 994
894 995
895 900
895 929
895 933
895 934
895 961
896 937
896 995
897 919
897 947
897 966
897 973
897 985
898 905
898 923
898 939
898 941
898 957
898 958
898 971
898 981
898 983
899 913
899 918
899 920
899 930
899 956
899 967
899 985
900 909
900 917
900 929
900 933
900 934
900 961
901 934
901 958
901 966
901 972
902 940
902 944
902 970
903 923
903 953
903 960
903 964
903 979
903 987
904 905
904 918
905 907
905 941
905 948
905 971
905 981
905 998
906 965
906 993
907 941
907 946
907 957
907 971
907 981
907 983
907 998
908 943
908 951
908 967
908 977
910 916
910 917
911 918
911 924
911 938
911 963
911 986
911 994
911 995
912 989
913 920
913 956
913 967
914 928
914 952
914 969
914 995
915 955
915 997
917 933
917 934
917 961
919 929
919 947
919 966
919 973
919 985
919 991
920 956
920 967
921 926
921 933
921 935
921 972
921 985
922 927
922 932
922 979
922 982
922 984
922 988
922 991
923 931
923 932
923 939
923 941
923 948
923 957
923 971
923 998
924 938
924 958
924 963
924 986
924 994
924 995
925 926
925 931
925 936
925 946
925 970
926 935
926 972
926 993
927 932
927 979
927 982
927 984
927 988
928 929
928 969
928 976
929 933
929 934
929 961
930 993
930 997
931 936
931 946
931 970
931 972
931 978
932 941
932 979
932 982
932 984
932 988
933 934
933 961
933 967
934 937
934 961
934 963
934 966
935 939
935 972
936 946
936 957
936 970
936 971
936 978
938 963
938 986
938 994
938 995
939 941
939 948
939 958
939 981
939 983
939 998
940 944
940 968
940 972
941 953
941 971
941 983
941 998
942 952
942 969
942 974
942 976
943 951
943 977
944 960
944 971
945 962
945 975
946 978
947 966
947 973
947 985
947 991
947 998
948 957
948 958
948 971
948 972
948 979
948 998
949 959
950 968
950 980
950 989
950 992
950 999
951 970
951 977
951 993
952 969
952 972
952 976
953 960
953 964
953 987
955 985
955 997
956 967
957 958
957 971
957 981
957 983
958 962
958 971
958 981
958 983
960 964
960 975
960 987
960 999
961 989
962 975
963 985
963 986
963 994
963 995
964 977
964 987
965 993
966 985
966 991
966 995
968 980
968 989
968 992
968 999
969 974
969 976
969 995
970 977
970 978
970 988
971 981
971 998
973 985
975 977
979 982
979 984
979 988
980 988
980 989
980 992
980 999
981 995
982 984
982 988
983 998
984 988
985 991
986 994
986 995
989 992
989 999
991 995
992 998
992 999
993 999
994 995
994 999
