1 24
1 497
1 498
1 557
1 630
1 635
1 772
1 903
1 953
1 960
1 964
1 987
2 261
2 477
2 610
2 634
2 812
2 841
2 863
2 869
2 908
2 943
2 951
2 977
3 99
3 105
3 118
3 266
3 506
3 533
3 614
3 695
3 745
3 806
3 828
3 841
4 438
4 497
4 562
4 564
4 591
4 627
4 676
4 717
4 769
4 774
4 776
4 909
5 556
5 558
5 579
5 613
5 646
5 655
5 683
5 714
5 906
5 965
5 993
5 994
6 119
6 287
6 294
6 311
6 370
6 371
6 492
6 733
6 777
6 797
6 827
6 830
7 441
7 610
7 624
7 650
7 826
7 874
7 893
7 924
7 938
7 990
7 994
7 995
8 142
8 501
8 595
8 611
8 722
8 730
8 875
8 914
8 942
8 953
8 969
8 976
9 191
9 558
9 610
9 719
9 762
9 812
9 863
9 869
9 908
9 943
9 951
9 977
10 120
10 274
10 283
10 315
10 344
10 390
10 791
10 796
10 914
10 942
10 969
10 976
11 46
11 533
11 608
11 716
11 725
11 866
11 919
11 937
11 947
11 966
11 982
11 991
12 23
12 483
12 597
12 707
12 730
12 738
12 780
12 791
12 928
12 942
12 969
12 974
13 206
13 219
13 598
13 601
13 640
13 661
13 681
13 695
13 699
13 727
13 950
13 985
14 200
14 283
14 358
14 367
14 501
14 605
14 651
14 712
14 730
14 883
14 942
14 993
15 171
15 215
15 217
15 264
15 582
15 606
15 650
15 719
15 811
15 823
15 971
15 981
16 298
16 381
16 590
16 690
16 707
16 734
16 765
16 811
16 905
16 948
16 957
16 958
17 202
17 305
17 443
17 479
17 531
17 597
17 696
17 759
17 916
17 917
17 933
17 934
19 44
19 91
19 423
19 485
19 546
19 719
19 731
19 754
19 792
19 879
19 987
19 996
20 119
20 294
20 444
20 447
20 559
20 579
20 585
20 600
20 706
20 710
20 747
20 854
21 64
21 302
21 548
21 773
21 874
21 893
21 894
21 895
21 938
21 990
21 994
21 995
22 97
22 200
22 245
22 469
22 568
22 623
22 783
22 819
22 820
22 891
22 915
22 955
23 107
23 415
23 421
23 537
23 576
23 670
23 740
23 781
23 889
23 904
23 918
24 339
24 561
24 580
24 581
24 661
24 725
24 817
24 842
24 866
24 937
24 973
25 79
25 206
25 318
25 593
25 598
25 636
25 645
25 681
25 699
25 715
25 950
25 985
26 214
26 597
26 609
26 684
26 725
26 772
26 903
26 951
26 953
26 960
26 964
26 987
27 40
27 105
27 117
27 322
27 465
27 506
27 745
27 806
27 828
27 841
27 893
27 948
28 363
28 592
28 786
28 793
28 831
28 835
28 901
28 922
28 932
28 979
28 984
28 986
29 312
29 317
29 530
29 587
29 619
29 642
29 668
29 690
29 729
29 740
29 819
29 909
30 84
30 221
30 299
30 454
30 546
30 731
30 754
30 878
30 879
30 880
30 974
30 996
31 201
31 288
31 340
31 563
31 659
31 685
31 815
31 831
31 880
31 920
31 959
31 1000
32 462
32 511
32 534
32 545
32 550
32 568
32 810
32 856
32 887
32 891
32 915
32 930
33 440
33 461
33 598
33 720
33 800
33 805
33 809
33 858
33 902
33 968
33 980
33 989
34 87
34 268
34 297
34 505
34 551
34 567
34 584
34 715
34 730
34 766
34 910
34 976
35 408
35 586
35 787
35 793
35 812
35 863
35 869
35 908
35 943
35 951
35 956
35 977
36 168
36 288
36 295
36 345
36 509
36 683
36 815
36 880
36 899
36 920
36 959
36 1000
37 358
37 413
37 518
37 578
37 631
37 651
37 791
37 890
37 942
37 952
37 969
37 976
38 286
38 753
38 756
38 759
38 770
38 807
38 833
38 901
38 916
38 933
38 934
38 961
39 280
39 303
39 372
39 425
39 469
39 650
39 818
39 891
39 915
39 930
39 947
39 997
40 208
40 322
40 465
40 533
40 691
40 745
40 787
40 806
40 823
40 828
40 841
41 472
41 773
41 825
41 826
41 874
41 893
41 910
41 911
41 968
41 990
41 994
41 995
42 82
42 217
42 326
42 598
42 601
42 628
42 640
42 645
42 661
42 950
42 984
42 985
43 333
43 370
43 547
43 644
43 688
43 776
43 816
43 835
43 922
43 984
43 986
43 988
44 95
44 156
44 431
44 432
44 454
44 751
44 754
44 792
44 879
44 909
44 996
45 605
45 657
45 793
45 807
45 833
45 843
45 846
45 901
45 917
45 933
45 934
45 961
46 84
46 418
46 432
46 546
46 560
46 564
46 754
46 761
46 792
46 879
46 996
47 108
47 250
47 298
47 316
47 665
47 680
47 734
47 823
47 851
47 948
47 983
47 998
48 54
48 90
48 210
48 292
48 354
48 391
48 639
48 686
48 700
48 736
48 741
48 970
50 397
50 597
50 697
50 732
50 772
50 880
50 887
50 903
50 953
50 960
50 964
50 987
51 59
51 241
51 300
51 599
51 615
51 692
51 766
51 777
51 824
51 857
51 912
51 945
52 157
52 258
52 558
52 613
52 646
52 683
52 691
52 714
52 906
52 959
52 965
52 993
53 463
53 482
53 521
53 574
53 670
53 712
53 740
53 781
53 889
53 904
53 918
53 992
54 107
54 289
54 354
54 395
54 621
54 639
54 686
54 700
54 736
54 741
54 804
55 93
55 353
55 406
55 658
55 677
55 697
55 795
55 798
55 848
55 864
55 876
55 994
56 165
56 383
56 679
56 742
56 806
56 834
56 898
56 941
56 948
56 957
56 971
56 983
57 709
57 826
57 839
57 871
57 872
57 874
57 895
57 911
57 963
57 985
57 990
57 994
58 304
58 313
58 357
58 445
58 492
58 546
58 550
58 676
58 827
58 830
58 854
58 942
59 172
59 414
59 473
59 549
59 768
59 814
59 856
59 857
59 865
59 912
59 995
60 275
60 355
60 389
60 550
60 565
60 677
60 709
60 795
60 798
60 848
60 864
60 876
61 291
61 320
61 539
61 582
61 623
61 716
61 758
61 866
61 897
61 919
61 937
61 973
62 389
62 418
62 633
62 653
62 723
62 779
62 784
62 814
62 844
62 899
62 913
62 967
63 216
63 279
63 427
63 464
63 541
63 573
63 618
63 669
63 682
63 803
63 847
63 965
64 180
64 685
64 852
64 893
64 895
64 929
64 938
64 953
64 963
64 990
64 995
65 229
65 399
65 424
65 430
65 435
65 752
65 802
65 831
65 927
65 932
65 982
65 986
66 85
66 157
66 236
66 262
66 505
66 551
66 558
66 567
66 584
66 715
66 859
66 910
67 220
67 366
67 373
67 547
67 646
67 683
67 691
67 714
67 906
67 965
67 987
67 993
68 114
68 247
68 448
68 486
68 495
68 553
68 562
68 771
68 881
68 918
68 940
68 944
69 280
69 417
69 794
69 850
69 901
69 916
69 917
69 929
69 933
69 934
69 961
69 995
70 110
70 117
70 322
70 352
70 527
70 533
70 672
70 745
70 806
70 828
70 841
70 860
71 176
71 340
71 458
71 492
71 493
71 509
71 685
71 815
71 880
71 920
71 959
71 1000
72 92
72 374
72 383
72 606
72 811
72 869
72 878
72 905
72 939
72 948
72 981
72 983
73 98
73 132
73 703
73 705
73 747
73 765
73 822
73 849
73 884
73 945
73 962
73 975
74 185
74 191
74 257
74 494
74 684
74 772
74 903
74 945
74 953
74 960
74 964
74 987
75 251
75 471
75 556
75 613
75 646
75 683
75 691
75 714
75 752
75 906
75 965
75 993
76 266
76 337
76 417
76 607
76 743
76 833
76 843
76 850
76 900
76 929
76 933
76 934
77 482
77 537
77 576
77 622
77 670
77 712
77 775
77 781
77 884
77 889
77 904
77 918
78 85
78 157
78 236
78 262
78 268
78 325
78 567
78 584
78 715
78 806
78 816
78 910
79 198
79 523
79 526
79 544
79 617
79 641
79 643
79 728
79 837
79 846
79 882
80 530
80 624
80 826
80 852
80 872
80 924
80 938
80 944
80 963
80 990
80 994
80 995
81 211
81 358
81 426
81 460
81 538
81 581
81 716
81 873
81 919
81 947
81 966
81 991
82 184
82 206
82 263
82 354
82 593
82 628
82 681
82 699
82 726
82 950
82 985
83 226
83 355
83 406
83 540
83 677
83 697
83 798
83 832
83 848
83 864
83 876
83 893
84 172
84 358
84 485
84 546
84 754
84 761
84 792
84 874
84 879
84 996
85 236
85 268
85 505
85 551
85 567
85 584
85 715
85 908
85 910
85 924
86 600
86 678
86 693
86 756
86 859
86 861
86 921
86 926
86 935
86 956
86 972
86 996
87 236
87 262
87 297
87 347
87 371
87 505
87 551
87 567
87 584
87 715
87 910
88 226
88 353
88 592
88 718
88 816
88 922
88 927
88 979
88 982
88 984
88 986
88 988
89 139
89 366
89 373
89 485
89 556
89 558
89 683
89 714
89 906
89 965
89 971
89 993
90 92
90 289
90 388
90 402
90 639
90 686
90 700
90 736
90 741
90 800
91 254
91 549
91 560
91 564
91 751
91 754
91 761
91 879
91 943
91 970
91 996
92 169
92 545
92 568
92 623
92 818
92 819
92 820
92 888
92 891
92 997
93 225
93 238
93 646
93 658
93 677
93 795
93 798
93 825
93 848
93 864
93 876
94 125
94 306
94 532
94 615
94 692
94 702
94 766
94 786
94 814
94 824
94 856
94 912
95 112
95 423
95 546
95 564
95 731
95 751
95 761
95 792
95 879
95 990
95 996
96 324
96 414
96 459
96 615
96 756
96 760
96 761
96 766
96 824
96 856
96 857
96 912
97 425
97 559
97 633
97 767
97 788
97 810
97 819
97 888
97 891
97 930
97 997
98 264
98 491
98 511
98 567
98 878
98 907
98 939
98 941
98 948
98 981
98 998
99 105
99 117
99 506
99 527
99 533
99 745
99 785
99 806
99 828
99 841
99 931
100 279
100 290
100 413
100 427
100 541
100 564
100 573
100 618
100 669
100 682
100 803
100 847
101 264
101 539
101 581
101 608
101 689
101 866
101 873
101 919
101 937
101 947
101 966
101 991
102 152
102 361
102 421
102 463
102 576
102 672
102 740
102 781
102 844
102 889
102 904
102 918
103 305
103 538
103 609
103 657
103 763
103 843
103 850
103 916
103 917
103 929
103 934
103 961
103 999
104 289
104 303
104 437
104 471
104 720
104 800
104 805
104 858
104 870
104 968
104 980
104 992
104 999
105 224
105 309
105 322
105 465
105 533
105 745
105 806
105 828
105 841
105 847
106 222
106 345
106 592
106 702
106 757
106 802
106 816
106 907
106 927
106 932
106 979
106 982
106 986
107 289
107 354
107 388
107 402
107 639
107 686
107 696
107 700
107 736
107 741
107 973
108 271
108 481
108 552
108 557
108 595
108 611
108 707
108 780
108 875
108 942
108 952
108 969
109 221
109 254
109 423
109 560
109 725
109 731
109 751
109 761
109 792
109 809
109 879
109 962
109 996
110 118
110 208
110 309
110 352
110 527
110 745
110 806
110 817
110 828
110 841
110 885
110 978
111 215
111 217
111 277
111 323
111 381
111 477
111 590
111 834
111 878
111 883
111 908
111 941
111 983
112 124
112 802
112 816
112 831
112 922
112 932
112 953
112 979
112 982
112 984
112 986
112 988
113 570
113 577
113 718
113 747
113 765
113 822
113 849
113 884
113 887
113 945
113 962
113 975
113 999
114 182
114 375
114 655
114 688
114 771
114 881
114 885
114 902
114 925
114 940
114 944
114 984
115 131
115 616
115 629
115 669
115 785
115 859
115 861
115 921
115 926
115 935
115 956
115 972
115 993
116 437
116 581
116 592
116 716
116 842
116 866
116 897
116 919
116 937
116 953
116 966
116 973
116 991
117 258
117 309
117 352
117 388
117 465
117 506
117 633
117 806
117 828
117 841
118 266
118 465
118 527
118 533
118 676
118 745
118 785
118 806
118 828
118 841
118 964
119 164
119 281
119 311
119 370
119 504
119 508
119 534
119 548
119 600
119 713
119 827
120 136
120 313
120 405
120 575
120 625
120 648
120 663
120 672
120 801
120 804
120 914
120 954
121 255
121 471
121 530
121 721
121 800
121 805
121 858
121 905
121 968
121 980
121 989
121 992
121 999
122 413
122 427
122 499
122 541
122 573
122 618
122 669
122 682
122 803
122 821
122 847
122 895
123 405
123 409
123 575
123 678
123 706
123 785
123 859
123 861
123 921
123 926
123 935
123 956
123 972
124 234
124 452
124 495
124 655
124 688
124 771
124 806
124 860
124 902
124 906
124 940
124 944
125 241
125 401
125 473
125 532
125 599
125 615
125 703
125 766
125 830
125 856
125 857
125 884
126 204
126 269
126 405
126 466
126 575
126 625
126 648
126 663
126 672
126 727
126 801
126 804
126 954
127 137
127 326
127 450
127 510
127 601
127 616
127 640
127 645
127 726
127 805
127 934
127 950
127 985
128 200
128 367
128 390
128 483
128 518
128 548
128 651
128 888
128 914
128 952
128 974
128 976
128 998
129 281
129 311
129 370
129 393
129 445
129 492
129 504
129 544
129 676
129 713
129 797
129 854
129 864
130 197
130 528
130 624
130 872
130 893
130 895
130 924
130 938
130 963
130 990
130 994
130 995
130 997
131 532
131 536
131 549
131 678
131 859
131 861
131 921
131 926
131 929
131 935
131 956
131 972
132 147
132 324
132 392
132 478
132 480
132 679
132 823
132 834
132 898
132 941
132 948
132 971
133 178
133 315
133 355
133 537
133 549
133 599
133 756
133 766
133 768
133 789
133 814
133 824
133 912
134 350
134 507
134 632
134 646
134 723
134 779
134 784
134 844
134 868
134 899
134 903
134 913
134 967
135 153
135 518
135 586
135 631
135 730
135 738
135 764
135 928
135 934
135 942
135 952
135 969
135 974
136 443
136 524
136 575
136 583
136 620
136 625
136 648
136 663
136 672
136 801
136 804
136 954
137 241
137 263
137 318
137 562
137 593
137 640
137 645
137 661
137 681
137 772
137 950
137 985
138 147
138 343
138 714
138 752
138 802
138 835
138 922
138 934
138 979
138 982
138 984
138 986
138 988
139 145
139 257
139 446
139 630
139 635
139 772
139 903
139 953
139 960
139 964
139 985
139 987
140 148
140 673
140 739
140 759
140 762
140 787
140 793
140 830
140 869
140 908
140 943
140 951
140 977
141 325
141 413
141 466
141 479
141 532
141 807
141 850
141 900
141 901
141 916
141 933
141 934
141 961
142 387
142 642
142 653
142 723
142 779
142 784
142 793
142 844
142 868
142 899
142 913
142 967
143 160
143 293
143 312
143 407
143 519
143 520
143 562
143 627
143 675
143 717
143 769
143 774
143 776
144 191
144 214
144 311
144 397
144 554
144 557
144 684
144 687
144 732
144 953
144 960
144 964
144 987
145 218
145 345
145 371
145 509
145 563
145 595
145 685
145 815
145 880
145 920
145 959
145 1000
146 286
146 385
146 454
146 696
146 763
146 794
146 807
146 843
146 900
146 917
146 929
146 933
146 961
147 286
147 379
147 536
147 696
147 770
147 794
147 807
147 833
147 917
147 934
147 961
148 630
148 719
148 739
148 762
148 787
148 857
148 863
148 869
148 908
148 943
148 951
148 977
149 174
149 354
149 388
149 391
149 395
149 396
149 402
149 521
149 686
149 700
149 736
149 741
149 911
151 471
151 588
151 721
151 778
151 827
151 862
151 870
151 917
151 968
151 980
151 989
151 992
151 999
152 208
152 415
152 537
152 622
152 712
152 740
152 781
152 889
152 904
152 918
152 932
152 987
153 269
153 271
153 282
153 367
153 518
153 602
153 738
153 791
153 875
153 883
153 952
153 974
154 369
154 507
154 609
154 633
154 784
154 844
154 868
154 899
154 913
154 921
154 926
154 945
154 967
156 422
156 610
156 719
156 762
156 793
156 840
156 863
156 869
156 908
156 943
156 951
156 977
157 268
157 297
157 352
157 505
157 511
157 551
157 567
157 584
157 715
157 910
158 221
158 680
158 773
158 826
158 874
158 895
158 911
158 924
158 938
158 963
158 990
158 992
158 995
159 238
159 382
159 448
159 487
159 488
159 605
159 687
159 813
159 853
159 861
159 878
159 890
159 949
160 312
160 403
160 407
160 464
160 591
160 627
160 717
160 769
160 774
160 776
160 807
160 999
161 166
161 278
161 378
161 720
161 775
161 778
161 809
161 904
161 968
161 980
161 989
161 992
161 999
162 330
162 527
162 556
162 646
162 683
162 691
162 714
162 906
162 955
162 965
162 993
162 1000
163 278
163 574
163 726
163 744
163 858
163 862
163 870
163 944
163 961
163 980
163 989
163 992
163 999
164 196
164 473
164 532
164 599
164 692
164 756
164 760
164 768
164 814
164 856
164 858
164 912
165 517
165 751
165 834
165 851
165 898
165 905
165 923
165 924
165 939
165 941
165 948
165 981
166 369
166 387
166 458
166 507
166 633
166 723
166 763
166 844
166 868
166 899
166 913
166 967
167 203
167 490
167 583
167 594
167 664
167 690
167 775
167 782
167 821
167 931
167 935
167 936
167 970
168 201
168 288
168 295
168 458
168 767
168 815
168 868
168 880
168 920
168 929
168 959
168 1000
169 296
169 442
169 450
169 671
169 674
169 767
169 818
169 820
169 839
169 888
169 978
169 997
170 308
170 364
170 529
170 673
170 674
170 759
170 788
170 820
170 887
170 915
170 955
170 980
170 997
171 410
171 434
171 523
171 543
171 641
171 643
171 675
171 742
171 837
171 846
171 876
171 882
172 410
172 457
172 552
172 617
172 675
172 728
172 737
172 742
172 837
172 846
172 882
173 315
173 553
173 565
173 655
173 688
173 771
173 860
173 881
173 885
173 902
173 911
173 940
173 944
174 179
174 210
174 354
174 395
174 402
174 639
174 662
174 686
174 700
174 736
174 741
174 883
175 290
175 472
175 635
175 852
175 874
175 893
175 894
175 895
175 924
175 935
175 938
175 963
175 995
176 201
176 345
176 433
176 509
176 798
176 815
176 880
176 920
176 959
176 989
176 1000
177 182
177 215
177 491
177 512
177 650
177 679
177 878
177 898
177 905
177 923
177 939
177 941
177 983
178 196
178 339
178 401
178 692
178 766
178 768
178 789
178 824
178 857
178 912
178 934
178 938
179 372
179 469
179 545
179 623
179 638
179 673
179 767
179 783
179 810
179 819
179 887
179 955
180 580
180 825
180 826
180 839
180 852
180 874
180 894
180 910
180 911
180 938
180 963
180 994
181 198
181 199
181 214
181 232
181 290
181 566
181 634
181 667
181 745
181 746
181 855
181 871
181 970
182 420
182 486
182 525
182 655
182 688
182 860
182 885
182 902
182 940
182 942
182 944
183 535
183 664
183 665
183 694
183 735
183 739
183 775
183 790
183 869
183 886
183 925
183 931
183 978
184 354
184 401
184 471
184 720
184 721
184 744
184 748
184 800
184 805
184 968
184 992
184 999
185 557
185 620
185 630
185 684
185 772
185 818
185 903
185 939
185 953
185 960
185 964
185 987
186 335
186 365
186 506
186 513
186 687
186 727
186 753
186 798
186 853
186 873
186 890
186 949
186 991
187 190
187 331
187 638
187 657
187 664
187 694
187 695
187 790
187 919
187 931
187 946
187 970
187 978
188 265
188 562
188 739
188 749
188 787
188 793
188 796
188 863
188 869
188 908
188 943
188 951
188 977
189 246
189 247
189 523
189 620
189 655
189 767
189 771
189 860
189 881
189 885
189 902
189 940
189 944
190 408
190 584
190 713
190 762
190 787
190 793
190 812
190 869
190 908
190 943
190 951
190 977
191 635
191 684
191 732
191 771
191 903
191 953
191 960
191 964
191 965
191 987
192 215
192 284
192 383
192 440
192 607
192 834
192 878
192 905
192 938
192 939
192 957
192 971
192 981
193 196
193 401
193 615
193 692
193 697
193 756
193 789
193 814
193 824
193 856
193 857
193 870
193 944
194 210
194 354
194 388
194 391
194 395
194 402
194 494
194 639
194 686
194 700
194 736
194 741
194 876
195 363
195 424
195 454
195 466
195 592
195 644
195 802
195 831
195 835
195 927
195 979
195 982
195 984
196 200
196 532
196 760
196 766
196 814
196 856
196 857
196 912
196 965
196 981
197 588
197 748
197 800
197 809
197 862
197 882
197 968
197 980
197 989
197 992
197 999
197 1000
198 328
198 411
198 467
198 528
198 536
198 656
198 750
198 840
198 855
198 867
198 871
199 411
199 421
199 566
199 634
199 648
199 656
199 703
199 746
199 750
199 796
199 840
199 871
200 308
200 367
200 498
200 548
200 697
200 791
200 883
200 914
200 942
201 218
201 259
201 458
201 596
201 815
201 880
201 920
201 933
201 959
201 1000
202 275
202 305
202 743
202 770
202 833
202 850
202 868
202 900
202 916
202 917
202 929
202 961
203 245
203 279
203 399
203 453
203 620
203 659
203 695
203 708
203 775
203 925
203 936
203 970
204 443
204 524
204 575
204 625
204 648
204 663
204 672
204 768
204 801
204 804
204 911
204 928
204 954
205 245
205 397
205 452
205 486
205 495
205 518
205 565
205 688
205 771
205 832
205 881
205 902
205 940
205 944
206 219
206 450
206 636
206 661
206 680
206 681
206 726
206 771
206 826
206 950
206 985
207 216
207 279
207 413
207 427
207 541
207 573
207 618
207 669
207 682
207 788
207 803
207 847
207 944
207 979
208 309
208 322
208 352
208 465
208 506
208 527
208 590
208 745
208 806
208 828
208 841
209 290
209 346
209 496
209 571
209 637
209 656
209 667
209 708
209 792
209 796
209 840
209 855
209 867
209 871
210 354
210 388
210 391
210 639
210 686
210 700
210 736
210 740
210 741
210 754
210 987
211 569
211 589
211 693
211 706
211 785
211 859
211 861
211 872
211 921
211 926
211 935
211 956
211 972
213 265
213 277
213 517
213 590
213 734
213 811
213 878
213 939
213 957
213 977
213 981
213 983
213 984
213 998
214 374
214 446
214 544
214 586
214 630
214 732
214 903
214 953
214 960
214 964
214 987
215 440
215 491
215 751
215 759
215 834
215 923
215 957
215 958
215 971
215 981
216 397
216 413
216 427
216 541
216 573
216 618
216 639
216 669
216 682
216 803
216 847
216 918
217 596
217 680
217 733
217 757
217 811
217 823
217 861
217 878
217 898
217 939
217 983
218 340
218 455
218 509
218 563
218 685
218 737
218 815
218 880
218 920
218 953
218 959
218 1000
219 240
219 456
219 601
219 636
219 640
219 645
219 661
219 726
219 742
219 864
219 950
219 985
220 330
220 366
220 613
220 646
220 683
220 691
220 708
220 714
220 798
220 889
220 906
220 965
220 993
221 276
221 449
221 520
221 560
221 564
221 642
221 731
221 751
221 761
221 792
221 996
222 362
222 499
222 625
222 644
222 676
222 757
222 799
222 816
222 835
222 979
222 982
222 984
222 988
223 610
223 749
223 762
223 793
223 812
223 863
223 869
223 908
223 936
223 943
223 951
223 970
223 977
223 998
224 344
224 422
224 528
224 624
224 630
224 872
224 894
224 918
224 924
224 938
224 963
224 994
224 995
225 317
225 368
225 455
225 482
225 540
225 658
225 677
225 697
225 795
225 798
225 848
225 864
225 876
226 355
226 368
226 455
226 540
226 645
226 658
226 677
226 697
226 795
226 848
226 864
226 876
227 415
227 482
227 521
227 622
227 650
227 667
227 670
227 712
227 740
227 781
227 889
227 904
227 918
227 925
228 232
228 346
228 481
228 566
228 637
228 667
228 746
228 796
228 840
228 849
228 854
228 855
228 867
228 871
229 660
229 672
229 705
229 718
229 747
229 765
229 822
229 839
229 849
229 884
229 945
229 962
229 975
231 426
231 460
231 580
231 581
231 608
231 614
231 662
231 753
231 758
231 817
231 919
231 952
231 959
231 991
232 328
232 346
232 467
232 562
232 566
232 610
232 634
232 746
232 750
232 840
232 855
232 867
233 430
233 490
233 719
233 720
233 721
233 728
233 748
233 809
233 870
233 968
233 980
233 989
233 992
233 999
234 448
234 495
234 500
234 525
234 688
234 860
234 881
234 885
234 902
234 935
234 940
234 944
234 994
235 255
235 287
235 462
235 545
235 568
235 598
235 754
235 818
235 819
235 887
235 915
235 930
235 955
235 997
236 297
236 505
236 551
236 567
236 584
236 684
236 715
236 732
236 910
236 913
237 378
237 503
237 588
237 685
237 778
237 786
237 800
237 809
237 862
237 870
237 968
237 980
237 989
237 999
238 488
238 513
238 531
238 572
238 605
238 652
238 724
238 813
238 842
238 853
238 890
238 949
240 296
240 338
240 418
240 531
240 687
240 724
240 727
240 753
240 813
240 853
240 873
240 890
240 949
241 298
241 414
241 459
241 756
241 760
241 766
241 814
241 824
241 857
241 912
241 926
242 338
242 382
242 476
242 598
242 605
242 687
242 727
242 753
242 801
242 813
242 853
242 873
242 949
242 996
243 357
243 371
243 439
243 448
243 544
243 559
243 579
243 585
243 777
243 797
243 827
243 830
243 847
243 854
244 350
244 375
244 478
244 632
244 633
244 636
244 653
244 723
244 784
244 844
244 868
244 899
244 913
244 967
245 365
245 448
245 486
245 655
245 688
245 771
245 860
245 885
245 902
245 940
245 944
246 269
246 448
246 553
246 573
246 655
246 688
246 839
246 860
246 881
246 885
246 902
246 940
246 944
247 420
247 452
247 500
247 553
247 655
247 772
247 860
247 881
247 885
247 940
247 944
247 989
248 321
248 474
248 527
248 627
248 719
248 749
248 787
248 793
248 812
248 863
248 908
248 943
248 951
248 977
249 311
249 720
249 744
249 748
249 778
249 809
249 826
249 858
249 870
249 958
249 968
249 989
249 992
249 999
250 264
250 392
250 440
250 480
250 650
250 680
250 898
250 899
250 905
250 907
250 928
250 957
250 983
251 373
251 556
251 558
251 646
251 683
251 684
251 691
251 714
251 765
251 888
251 906
251 965
251 993
252 362
252 424
252 778
252 786
252 793
252 799
252 802
252 816
252 835
252 922
252 925
252 932
252 982
252 986
253 324
253 348
253 653
253 664
253 694
253 708
253 735
253 821
253 865
253 931
253 936
253 946
253 970
253 978
254 313
254 432
254 479
254 560
254 731
254 738
254 751
254 754
254 761
254 792
254 879
254 996
255 280
255 451
255 534
255 671
255 696
255 810
255 888
255 891
255 909
255 930
255 955
255 997
256 289
256 364
256 425
256 621
256 623
256 670
256 674
256 767
256 788
256 807
256 888
256 915
256 955
256 997
257 446
257 554
257 635
257 684
257 717
257 785
257 818
257 903
257 953
257 960
257 964
257 987
258 309
258 322
258 352
258 506
258 527
258 533
258 632
258 707
258 745
258 806
258 828
258 841
259 345
259 352
259 433
259 509
259 563
259 685
259 728
259 740
259 815
259 880
259 920
259 959
259 1000
260 265
260 356
260 702
260 752
260 799
260 831
260 922
260 927
260 979
260 982
260 984
260 986
260 988
260 991
261 610
261 642
261 719
261 739
261 749
261 787
261 863
261 869
261 908
261 943
261 948
261 951
261 977
262 297
262 306
262 505
262 551
262 567
262 584
262 599
262 715
262 910
262 997
263 450
263 589
263 593
263 598
263 601
263 656
263 661
263 681
263 694
263 726
263 950
263 985
264 392
264 419
264 518
264 679
264 878
264 907
264 948
264 977
264 981
264 998
265 323
265 499
265 702
265 752
265 799
265 816
265 922
265 979
265 982
265 984
265 986
266 309
266 465
266 506
266 527
266 533
266 535
266 745
266 799
266 806
266 828
266 841
267 302
267 536
267 678
267 701
267 706
267 785
267 859
267 861
267 921
267 926
267 935
267 949
267 956
267 972
268 281
268 297
268 505
268 551
268 567
268 584
268 715
268 718
268 910
268 972
269 292
269 302
269 524
269 578
269 625
269 648
269 663
269 672
269 801
269 804
269 954
270 427
270 439
270 535
270 622
270 775
270 782
270 790
270 832
270 886
270 925
270 936
270 946
270 970
270 978
271 348
271 434
271 465
271 738
271 764
271 766
271 780
271 797
271 875
271 942
271 974
271 976
272 384
272 409
272 446
272 476
272 487
272 605
272 652
272 724
272 727
272 753
272 813
272 890
272 923
272 949
273 429
273 437
273 581
273 608
273 614
273 736
273 762
273 842
273 866
273 897
273 919
273 937
273 947
273 973
274 315
274 358
274 434
274 548
274 554
274 595
274 611
274 651
274 848
274 928
274 946
274 974
274 976
275 353
275 355
275 389
275 550
275 658
275 795
275 798
275 848
275 860
275 864
275 876
275 901
276 299
276 349
276 423
276 432
276 560
276 606
276 731
276 751
276 754
276 761
276 792
276 879
276 996
277 474
277 478
277 650
277 811
277 812
277 898
277 907
277 939
277 941
277 954
277 958
277 981
278 720
278 721
278 744
278 805
278 867
278 870
278 968
278 973
278 979
278 980
278 989
278 992
278 999
279 413
279 427
279 541
279 573
279 618
279 669
279 682
279 758
279 803
279 847
279 851
280 287
280 362
280 545
280 621
280 673
280 685
280 810
280 887
280 888
280 915
280 930
280 997
281 304
281 313
281 370
281 394
281 449
281 585
281 600
281 706
281 797
281 827
281 830
281 854
282 358
282 385
282 403
282 480
282 548
282 707
282 730
282 780
282 883
282 928
282 942
282 969
282 974
282 976
283 552
283 578
283 631
283 651
283 694
283 764
283 780
283 817
283 857
283 875
283 952
283 969
283 974
284 344
284 443
284 760
284 773
284 825
284 839
284 852
284 893
284 894
284 911
284 938
284 963
284 990
284 994
286 379
286 680
286 696
286 705
286 759
286 794
286 833
286 850
286 916
286 929
286 961
286 995
287 511
287 529
287 554
287 568
287 621
287 752
287 783
287 814
287 819
287 887
287 915
287 997
288 301
288 340
288 433
288 487
288 500
288 685
288 688
288 691
288 880
288 920
288 959
288 1000
289 388
289 391
289 395
289 402
289 639
289 686
289 700
289 736
289 741
289 790
290 309
290 342
290 571
290 656
290 667
290 746
290 796
290 840
290 855
290 867
290 871
291 337
291 379
291 581
291 593
291 696
291 759
291 770
291 807
291 833
291 843
291 900
291 917
291 933
291 934
292 405
292 443
292 524
292 575
292 625
292 648
292 663
292 672
292 746
292 768
292 801
292 804
292 954
293 356
293 419
293 464
293 497
293 519
293 520
293 591
293 627
293 652
293 717
293 769
293 774
293 776
293 885
294 371
294 444
294 490
294 544
294 559
294 585
294 671
294 676
294 710
294 713
294 747
294 827
294 830
295 301
295 343
295 433
295 458
295 563
295 628
295 685
295 783
295 815
295 880
295 920
295 959
295 1000
296 436
296 462
296 529
296 623
296 644
296 767
296 819
296 820
296 887
296 930
296 955
296 986
296 997
297 474
297 505
297 551
297 566
297 567
297 584
297 601
297 715
297 910
298 440
298 607
298 680
298 823
298 851
298 875
298 898
298 923
298 941
298 957
298 971
298 998
299 423
299 454
299 456
299 485
299 564
299 731
299 746
299 751
299 754
299 761
299 879
299 898
299 996
300 306
300 310
300 473
300 615
300 757
300 760
300 766
300 768
300 789
300 794
300 814
300 856
300 857
300 912
301 340
301 345
301 509
301 563
301 685
301 815
301 873
301 880
301 920
301 948
301 959
301 962
301 1000
302 405
302 443
302 524
302 575
302 625
302 648
302 663
302 672
302 801
302 804
302 900
302 954
303 461
303 612
303 675
303 744
303 805
303 809
303 858
303 862
303 894
303 968
303 980
303 992
303 999
304 370
304 444
304 445
304 496
304 579
304 585
304 676
304 710
304 713
304 830
304 854
304 859
304 870
305 743
305 763
305 770
305 794
305 831
305 833
305 849
305 851
305 901
305 929
305 934
305 961
306 459
306 467
306 473
306 549
306 599
306 615
306 768
306 789
306 824
306 857
306 912
306 917
307 338
307 365
307 382
307 572
307 607
307 687
307 724
307 727
307 753
307 819
307 825
307 853
307 873
307 890
307 949
308 434
308 548
308 668
308 722
308 730
308 875
308 914
308 928
308 942
308 947
308 969
308 974
308 976
309 465
309 494
309 507
309 533
309 745
309 806
309 828
309 841
310 471
310 581
310 602
310 662
310 716
310 758
310 811
310 817
310 842
310 897
310 937
310 947
310 966
310 973
311 371
311 403
311 447
311 492
311 504
311 508
311 579
311 676
311 827
311 830
312 412
312 519
312 520
312 562
312 591
312 627
312 717
312 723
312 769
312 774
312 776
312 923
313 371
313 394
313 444
313 544
313 579
313 600
313 676
313 690
313 777
313 830
313 854
315 578
315 595
315 648
315 707
315 730
315 764
315 914
315 952
315 969
315 974
315 976
316 392
316 462
316 477
316 494
316 641
316 734
316 834
316 851
316 905
316 923
316 939
316 957
316 958
316 971
317 323
317 396
317 530
317 586
317 587
317 642
317 666
317 668
317 690
317 729
317 743
317 909
317 977
318 360
318 449
318 456
318 543
318 598
318 601
318 628
318 645
318 681
318 699
318 726
318 950
318 985
320 489
320 507
320 515
320 581
320 608
320 614
320 689
320 716
320 842
320 912
320 960
320 966
320 973
320 991
321 322
321 453
321 583
321 719
321 749
321 787
321 793
321 812
321 828
321 869
321 908
321 943
321 951
321 977
322 506
322 560
322 745
322 806
322 828
322 841
322 984
323 400
323 429
323 470
323 493
323 530
323 586
323 619
323 666
323 668
323 690
323 729
323 909
324 498
324 722
324 764
324 791
324 875
324 883
324 914
324 928
324 942
324 952
324 974
324 976
325 591
325 651
325 696
325 763
325 794
325 850
325 900
325 916
325 917
325 929
325 933
325 934
325 961
326 456
326 496
326 510
326 598
326 616
326 628
326 636
326 640
326 681
326 699
326 859
326 950
326 985
328 386
328 411
328 467
328 492
328 496
328 571
328 637
328 796
328 840
328 867
328 871
328 881
328 977
329 472
329 623
329 714
329 773
329 828
329 839
329 852
329 874
329 894
329 911
329 924
329 963
329 990
329 994
329 995
330 366
330 373
330 437
330 556
330 565
330 613
330 646
330 691
330 714
330 898
330 906
330 965
330 993
331 603
331 665
331 694
331 701
331 799
331 821
331 886
331 925
331 931
331 936
331 946
331 961
331 970
331 978
332 547
332 644
332 702
332 752
332 831
332 835
332 862
332 917
332 922
332 927
332 932
332 954
332 979
332 984
332 988
333 362
333 741
333 757
333 786
333 799
333 835
333 922
333 927
333 931
333 932
333 959
333 979
333 984
333 988
334 351
334 410
334 484
334 491
334 526
334 641
334 643
334 675
334 737
334 742
334 767
334 797
334 837
334 846
334 882
335 382
335 513
335 626
335 652
335 687
335 691
335 724
335 727
335 757
335 813
335 853
335 873
335 890
335 949
336 359
336 470
336 493
336 577
336 578
336 586
336 587
336 619
336 642
336 666
336 668
336 690
336 729
336 909
336 977
337 770
337 807
337 833
337 876
337 900
337 901
337 916
337 929
337 933
337 934
337 940
337 961
337 971
338 368
338 476
338 572
338 591
338 652
338 724
338 727
338 853
338 867
338 873
338 890
338 949
339 481
339 538
339 561
339 716
339 758
339 817
339 919
339 934
339 937
339 947
339 966
339 973
339 991
340 362
340 414
340 433
340 685
340 815
340 880
340 920
340 959
340 978
340 1000
341 431
341 460
341 538
341 582
341 608
341 689
341 692
341 716
341 725
341 745
341 758
341 817
341 866
341 897
341 917
342 356
342 419
342 467
342 566
342 571
342 656
342 664
342 667
342 750
342 796
342 840
342 855
342 867
342 871
343 702
343 752
343 757
343 779
343 786
343 799
343 802
343 835
343 932
343 982
343 986
343 988
343 989
344 472
344 712
344 825
344 852
344 874
344 894
344 895
344 900
344 924
344 990
344 994
344 995
345 458
345 563
345 702
345 815
345 826
345 880
345 920
345 959
345 1000
346 386
346 505
346 538
346 566
346 746
346 750
346 796
346 840
346 854
346 855
346 867
346 871
347 475
347 494
347 609
347 633
347 723
347 738
347 779
347 784
347 844
347 868
347 894
347 899
347 913
347 967
348 358
348 461
348 483
348 595
348 611
348 707
348 730
348 785
348 791
348 875
348 952
348 974
348 976
349 472
349 710
349 825
349 839
349 852
349 872
349 874
349 889
349 895
349 911
349 924
349 938
349 963
349 990
349 995
350 418
350 490
350 632
350 633
350 723
350 779
350 784
350 844
350 868
350 899
350 903
350 913
350 917
350 967
351 400
351 484
351 523
351 543
351 553
351 617
351 675
351 728
351 737
351 742
351 812
351 837
351 846
351 882
351 972
352 465
352 506
352 527
352 533
352 592
352 745
352 806
352 828
352 841
353 389
353 406
353 550
353 557
353 658
353 677
353 697
353 709
353 795
353 798
353 848
353 864
353 876
354 395
354 639
354 686
354 700
354 736
354 741
354 864
355 455
355 658
355 677
355 687
355 697
355 795
355 798
355 848
355 864
355 876
355 997
356 407
356 412
356 438
356 497
356 519
356 562
356 591
356 627
356 717
356 769
356 774
356 776
356 789
357 370
357 394
357 445
357 508
357 559
357 585
357 710
357 713
357 797
357 802
357 827
357 854
357 858
357 876
358 501
358 595
358 611
358 722
358 730
358 875
358 911
358 914
358 976
359 396
359 429
359 492
359 530
359 586
359 587
359 619
359 642
359 666
359 668
359 690
359 729
359 794
359 893
359 909
360 380
360 657
360 701
360 706
360 785
360 842
360 859
360 861
360 921
360 926
360 935
360 956
360 971
360 972
361 415
361 441
361 463
361 515
361 537
361 576
361 608
361 622
361 670
361 712
361 740
361 781
361 889
361 904
361 918
362 383
362 786
362 799
362 816
362 927
362 932
362 979
362 982
362 984
362 986
362 988
363 365
363 485
363 592
363 644
363 702
363 835
363 922
363 927
363 932
363 966
363 979
363 982
363 986
363 988
364 421
364 442
364 621
364 671
364 673
364 818
364 819
364 820
364 887
364 890
364 891
364 910
364 916
364 955
365 476
365 487
365 572
365 652
365 687
365 724
365 813
365 853
365 873
365 890
365 912
365 949
366 558
366 613
366 646
366 683
366 691
366 700
366 714
366 788
366 865
366 906
366 965
366 993
367 483
367 518
367 539
367 631
367 828
367 875
367 914
367 928
367 942
367 945
367 976
367 993
368 389
368 540
368 550
368 658
368 677
368 697
368 795
368 798
368 848
368 864
368 876
368 937
368 975
369 387
369 475
369 507
369 653
369 666
369 722
369 760
369 779
369 784
369 844
369 868
369 899
369 913
369 967
370 371
370 447
370 559
370 710
370 713
370 725
370 777
370 832
370 854
371 394
371 439
371 600
371 676
371 797
371 827
371 854
371 913
372 462
372 469
372 529
372 534
372 788
372 789
372 791
372 810
372 818
372 819
372 866
372 888
372 930
372 955
373 556
373 558
373 613
373 683
373 691
373 714
373 800
373 906
373 965
373 970
373 990
373 993
374 397
374 446
374 554
374 597
374 635
374 732
374 772
374 903
374 929
374 948
374 953
374 960
374 964
374 987
375 420
375 448
375 452
375 500
375 525
375 553
375 737
375 771
375 860
375 881
375 902
375 913
375 940
375 944
377 385
377 453
377 503
377 577
377 594
377 603
377 631
377 695
377 739
377 790
377 865
377 925
377 936
377 946
377 963
377 978
378 461
378 471
378 484
378 588
378 721
378 748
378 761
378 778
378 805
378 858
378 870
378 946
378 989
378 992
379 551
379 763
379 794
379 807
379 833
379 843
379 850
379 875
379 907
379 917
379 929
379 933
379 961
380 395
380 569
380 616
380 693
380 701
380 720
380 785
380 859
380 861
380 921
380 926
380 935
380 947
380 956
380 972
381 495
381 603
381 606
381 801
381 851
381 878
381 898
381 907
381 939
381 957
381 958
381 981
381 983
381 998
382 428
382 487
382 513
382 531
382 652
382 703
382 813
382 873
382 890
382 902
382 949
382 959
383 396
383 398
383 477
383 503
383 734
383 898
383 907
383 923
383 939
383 971
383 983
383 998
384 426
384 538
384 608
384 662
384 725
384 736
384 842
384 866
384 897
384 919
384 937
384 947
384 966
384 990
384 991
385 557
385 620
385 638
385 708
385 735
385 755
385 781
385 865
385 886
385 925
385 936
385 946
385 978
386 467
386 566
386 571
386 595
386 632
386 637
386 656
386 667
386 750
386 796
386 855
386 867
386 871
386 958
387 418
387 609
387 632
387 653
387 779
387 784
387 790
387 799
387 868
387 899
387 913
387 936
387 967
388 391
388 402
388 540
388 639
388 686
388 700
388 736
388 741
388 760
389 406
389 550
389 602
389 658
389 697
389 795
389 798
389 848
389 864
389 876
389 878
390 405
390 481
390 483
390 501
390 595
390 722
390 875
390 903
390 924
390 928
390 952
390 969
390 974
390 976
391 395
391 630
391 639
391 686
391 695
391 700
391 736
391 740
391 741
391 936
392 394
392 487
392 607
392 734
392 811
392 823
392 874
392 905
392 939
392 941
392 948
392 983
393 397
393 468
393 557
393 597
393 630
393 684
393 732
393 772
393 903
393 907
393 953
393 960
393 964
393 980
393 987
394 504
394 579
394 600
394 676
394 710
394 777
394 781
394 797
394 827
394 854
394 931
395 402
395 639
395 686
395 700
395 736
395 741
395 846
395 869
396 470
396 530
396 574
396 586
396 587
396 619
396 642
396 666
396 668
396 690
396 729
396 909
397 630
397 635
397 732
397 772
397 781
397 903
397 953
397 960
397 964
397 987
398 515
398 608
398 650
398 734
398 787
398 811
398 823
398 851
398 923
398 948
398 957
398 958
398 981
398 983
398 998
399 568
399 577
399 603
399 659
399 694
399 695
399 733
399 821
399 832
399 879
399 886
399 931
399 946
399 978
400 410
400 414
400 456
400 484
400 617
400 641
400 643
400 728
400 737
400 742
400 818
400 837
400 846
400 882
401 459
401 473
401 661
401 756
401 760
401 789
401 814
401 824
401 856
401 857
401 859
401 912
402 529
402 639
402 686
402 700
402 736
402 741
402 754
402 956
403 438
403 456
403 464
403 497
403 519
403 520
403 591
403 627
403 694
403 717
403 769
403 774
403 776
405 443
405 575
405 625
405 648
405 663
405 672
405 801
405 804
405 954
405 969
406 540
406 550
406 677
406 697
406 795
406 798
406 848
406 864
406 876
406 918
406 929
406 976
407 412
407 438
407 464
407 473
407 562
407 591
407 627
407 652
407 717
407 735
407 769
407 774
407 776
408 453
408 529
408 739
408 749
408 762
408 765
408 787
408 812
408 863
408 908
408 919
408 943
408 951
408 977
409 476
409 487
409 488
409 531
409 572
409 573
409 605
409 727
409 739
409 753
409 853
409 873
409 890
409 949
410 474
410 543
410 617
410 675
410 728
410 737
410 743
410 807
410 837
410 846
410 853
410 882
411 483
411 634
411 637
411 656
411 746
411 750
411 792
411 828
411 840
411 855
411 857
411 867
411 871
412 415
412 438
412 464
412 520
412 562
412 591
412 627
412 683
412 717
412 769
412 774
412 776
412 912
413 427
413 541
413 573
413 577
413 618
413 669
413 682
413 803
413 847
414 532
414 615
414 692
414 756
414 760
414 768
414 814
414 824
414 856
414 857
414 912
414 982
415 421
415 435
415 482
415 576
415 622
415 712
415 740
415 781
415 830
415 889
415 904
415 918
416 417
416 514
416 524
416 773
416 825
416 839
416 852
416 872
416 874
416 894
416 895
416 911
416 924
416 963
416 990
416 994
416 995
417 479
417 512
417 526
417 743
417 759
417 763
417 770
417 777
417 833
417 843
417 900
417 901
417 929
417 961
418 475
418 545
418 653
418 723
418 779
418 784
418 844
418 868
418 899
418 913
418 939
418 967
419 469
419 478
419 823
419 851
419 878
419 898
419 907
419 941
419 947
419 948
419 957
419 958
419 971
419 983
420 483
420 565
420 655
420 688
420 769
420 771
420 776
420 860
420 881
420 885
420 902
420 940
420 944
420 986
421 521
421 537
421 622
421 627
421 670
421 712
421 740
421 781
421 889
421 904
421 906
421 918
422 528
422 689
422 758
422 825
422 826
422 839
422 874
422 893
422 895
422 911
422 938
422 963
422 990
422 994
422 995
423 432
423 449
423 454
423 542
423 546
423 560
423 564
423 705
423 754
423 879
423 979
423 996
424 435
424 475
424 561
424 757
424 786
424 799
424 822
424 831
424 922
424 927
424 932
424 984
424 986
424 988
425 511
425 578
425 618
425 673
425 674
425 767
425 774
425 788
425 810
425 818
425 891
425 915
425 930
425 997
426 515
426 582
426 611
426 662
426 689
426 713
426 716
426 888
426 897
426 937
426 966
426 971
426 973
426 991
427 460
427 541
427 573
427 591
427 618
427 669
427 682
427 803
427 847
428 487
428 488
428 531
428 582
428 588
428 605
428 638
428 652
428 687
428 724
428 727
428 753
428 813
428 853
428 873
428 949
429 470
429 493
429 530
429 586
429 619
429 642
429 666
429 668
429 690
429 729
429 730
429 794
429 909
429 942
430 431
430 471
430 612
430 744
430 805
430 809
430 842
430 858
430 862
430 870
430 968
430 980
430 989
430 992
430 999
431 435
431 538
431 539
431 580
431 608
431 662
431 725
431 842
431 866
431 937
431 947
431 966
431 973
431 991
432 465
432 560
432 564
432 679
432 688
432 731
432 741
432 751
432 754
432 792
432 879
432 996
433 458
433 477
433 483
433 563
433 666
433 685
433 815
433 880
433 886
433 920
433 959
433 1000
434 501
434 518
434 552
434 722
434 726
434 738
434 791
434 899
434 914
434 928
434 958
434 969
434 976
435 752
435 786
435 802
435 831
435 833
435 922
435 927
435 932
435 979
435 982
435 984
435 986
435 988
436 442
436 475
436 511
436 529
436 554
436 634
436 671
436 673
436 674
436 767
436 783
436 788
436 871
436 888
436 955
436 997
437 561
437 580
437 581
437 582
437 602
437 637
437 716
437 725
437 919
437 937
437 947
437 966
437 973
438 497
438 519
438 520
438 562
438 571
438 591
438 641
438 682
438 717
438 769
438 774
438 776
439 445
439 508
439 544
439 559
439 581
439 585
439 713
439 777
439 797
439 827
439 830
439 854
439 967
439 977
440 480
440 491
440 607
440 710
440 733
440 851
440 875
440 898
440 923
440 939
440 958
440 981
441 569
441 589
441 678
441 693
441 701
441 785
441 841
441 859
441 861
441 894
441 921
441 926
441 935
441 956
441 972
442 501
442 621
442 623
442 681
442 767
442 788
442 810
442 818
442 844
442 887
442 888
442 891
442 915
442 955
443 524
443 575
443 625
443 648
443 650
443 663
443 672
443 801
443 804
443 954
444 445
444 504
444 559
444 676
444 713
444 783
444 797
444 816
444 827
444 830
444 846
444 854
444 973
445 488
445 492
445 552
445 600
445 707
445 710
445 777
445 797
445 830
445 854
445 956
446 480
446 554
446 597
446 635
446 684
446 772
446 903
446 914
446 953
446 960
446 964
446 987
447 480
447 492
447 504
447 559
447 579
447 585
447 710
447 713
447 748
447 777
447 797
447 827
447 830
447 1000
448 486
448 525
448 553
448 751
448 771
448 860
448 881
448 885
448 940
448 944
449 454
449 485
449 526
449 546
449 560
449 564
449 731
449 751
449 754
449 761
449 792
449 879
449 996
450 456
450 510
450 628
450 636
450 640
450 661
450 699
450 726
450 801
450 875
450 933
450 950
450 985
451 462
451 621
451 623
451 671
451 674
451 720
451 751
451 783
451 810
451 818
451 819
451 887
451 915
451 930
451 996
451 997
452 495
452 500
452 525
452 551
452 565
452 688
452 881
452 885
452 902
452 940
452 944
452 957
452 975
453 618
453 719
453 739
453 749
453 787
453 793
453 812
453 863
453 869
453 908
453 943
453 951
453 977
454 485
454 560
454 731
454 751
454 752
454 754
454 761
454 792
454 879
454 996
455 540
455 550
455 612
455 658
455 677
455 697
455 795
455 798
455 848
455 864
455 876
455 885
455 922
456 510
456 593
456 601
456 628
456 636
456 645
456 699
456 726
456 950
456 985
457 474
457 523
457 526
457 617
457 641
457 643
457 675
457 728
457 737
457 742
457 744
457 794
457 837
457 846
457 882
457 953
458 509
458 519
458 563
458 685
458 815
458 880
458 920
458 959
458 964
458 1000
459 532
459 549
459 615
459 692
459 756
459 766
459 768
459 814
459 857
459 878
459 956
459 974
459 981
460 539
460 581
460 602
460 614
460 803
460 842
460 894
460 897
460 937
460 947
460 966
460 973
460 991
461 536
461 612
461 669
461 744
461 748
461 778
461 859
461 862
461 968
461 980
461 989
461 992
461 999
462 767
462 783
462 788
462 810
462 820
462 884
462 915
462 955
462 958
462 982
462 997
463 482
463 521
463 537
463 576
463 599
463 612
463 670
463 712
463 740
463 781
463 889
463 904
463 918
463 974
464 519
464 520
464 562
464 627
464 717
464 769
464 774
464 776
464 903
464 911
464 946
465 506
465 805
465 806
465 828
465 841
465 884
466 696
466 743
466 833
466 843
466 875
466 900
466 901
466 916
466 917
466 922
466 929
466 933
466 934
466 961
467 634
467 637
467 656
467 746
467 750
467 834
467 855
467 867
467 871
467 904
467 937
468 503
468 554
468 557
468 597
468 635
468 684
468 732
468 772
468 822
468 903
468 932
468 953
468 960
468 964
468 987
469 537
469 542
469 545
469 621
469 671
469 783
469 810
469 818
469 819
469 820
469 943
469 997
470 493
470 586
470 587
470 619
470 642
470 666
470 668
470 690
470 729
470 772
470 785
470 909
470 983
471 744
471 800
471 858
471 862
471 866
471 870
471 974
471 980
471 992
471 999
472 709
472 734
472 773
472 852
472 894
472 895
472 911
472 924
472 951
472 963
472 990
472 991
472 994
473 549
473 599
473 692
473 756
473 760
473 789
473 824
473 856
473 900
473 912
473 967
474 484
474 523
474 526
474 543
474 613
474 641
474 643
474 675
474 728
474 742
474 837
474 846
474 882
475 494
475 507
475 602
475 632
475 653
475 659
475 779
475 784
475 844
475 868
475 899
475 913
475 967
476 488
476 592
476 605
476 652
476 687
476 693
476 727
476 753
476 756
476 813
476 853
476 873
476 949
477 517
477 569
477 650
477 733
477 811
477 823
477 851
477 898
477 939
477 941
477 949
477 958
477 971
478 480
478 491
478 591
478 596
478 607
478 878
478 887
478 907
478 923
478 928
478 939
478 941
478 958
478 998
479 512
479 657
479 743
479 770
479 772
479 794
479 798
479 821
479 843
479 900
479 901
479 916
479 917
479 929
480 558
480 679
480 680
480 811
480 851
480 905
480 907
480 939
480 971
480 981
480 983
481 498
481 518
481 548
481 631
481 651
481 695
481 730
481 791
481 883
481 914
481 928
481 952
481 969
481 974
482 490
482 521
482 622
482 670
482 712
482 740
482 781
482 793
482 883
482 889
482 904
482 918
483 489
483 501
483 518
483 578
483 651
483 780
483 942
483 952
483 969
483 974
484 526
484 543
484 617
484 641
484 675
484 728
484 737
484 742
484 837
484 846
484 854
484 882
484 939
485 546
485 560
485 564
485 636
485 751
485 754
485 761
485 792
485 879
485 955
485 996
486 500
486 543
486 567
486 660
486 688
486 734
486 771
486 860
486 881
486 885
486 902
486 940
486 944
487 513
487 572
487 668
487 724
487 727
487 753
487 813
487 873
487 890
487 949
488 531
488 572
488 652
488 655
488 683
488 724
488 753
488 853
488 873
488 890
488 908
488 949
489 495
489 515
489 539
489 561
489 602
489 608
489 662
489 758
489 817
489 895
489 919
489 926
489 937
489 966
489 973
489 991
490 583
490 638
490 664
490 695
490 775
490 821
490 865
490 886
490 925
490 931
490 936
490 970
490 978
491 606
491 607
491 734
491 834
491 851
491 869
491 921
491 939
491 954
491 958
491 983
491 998
492 544
492 559
492 585
492 586
492 600
492 713
492 777
492 830
492 854
493 530
493 586
493 587
493 619
493 642
493 666
493 668
493 690
493 729
493 733
493 902
493 909
493 980
494 507
494 609
494 632
494 633
494 653
494 723
494 779
494 844
494 868
494 899
494 913
494 967
495 525
495 565
495 655
495 688
495 769
495 860
495 881
495 885
495 902
495 940
495 944
496 566
496 571
496 634
496 637
496 656
496 667
496 746
496 750
496 763
496 814
496 840
496 855
496 867
496 871
497 519
497 520
497 562
497 591
497 627
497 669
497 717
497 769
497 774
497 776
497 946
497 980
498 548
498 578
498 631
498 637
498 707
498 738
498 780
498 875
498 883
498 914
498 928
498 952
498 976
498 983
499 592
499 616
499 702
499 757
499 799
499 922
499 927
499 932
499 964
499 979
499 981
499 982
499 984
499 986
499 988
500 525
500 553
500 565
500 655
500 731
500 755
500 771
500 860
500 881
500 885
500 940
500 944
501 579
501 707
501 722
501 764
501 844
501 883
501 914
501 928
501 952
501 969
501 974
503 638
503 659
503 664
503 695
503 715
503 735
503 755
503 775
503 790
503 865
503 931
503 936
503 946
503 970
504 559
504 566
504 579
504 585
504 600
504 670
504 710
504 777
504 797
504 827
504 854
504 936
505 551
505 567
505 584
505 638
505 694
505 715
505 856
505 910
506 527
506 564
506 745
506 806
506 828
506 841
506 936
507 527
507 609
507 632
507 633
507 844
507 868
507 899
507 913
507 967
507 975
508 544
508 579
508 676
508 710
508 713
508 733
508 777
508 797
508 813
508 827
508 830
508 854
508 866
508 988
509 539
509 563
509 661
509 685
509 815
509 880
509 920
509 959
509 995
509 1000
510 593
510 598
510 601
510 636
510 640
510 645
510 661
510 681
510 699
510 730
510 837
510 870
510 950
510 985
511 767
511 788
511 819
511 882
511 887
511 888
511 891
511 915
511 930
511 954
511 955
511 997
512 657
512 696
512 747
512 794
512 807
512 825
512 833
512 850
512 900
512 901
512 916
512 917
512 929
512 933
512 934
513 572
513 605
513 615
513 635
513 687
513 753
513 813
513 853
513 873
513 890
513 949
513 962
513 982
514 649
514 659
514 694
514 695
514 708
514 735
514 775
514 790
514 803
514 821
514 823
514 832
514 865
514 925
514 970
514 978
514 992
515 538
515 539
515 580
515 582
515 602
515 608
515 842
515 919
515 937
515 947
515 973
515 991
515 994
516 629
516 637
516 654
516 660
516 691
516 703
516 705
516 718
516 747
516 764
516 765
516 822
516 849
516 884
516 945
516 962
516 975
516 996
517 590
517 606
517 650
517 715
517 733
517 796
517 823
517 855
517 898
517 907
517 923
517 948
517 957
517 958
517 981
518 611
518 631
518 722
518 738
518 780
518 942
518 952
518 957
519 562
519 591
519 615
519 679
519 717
519 769
519 774
519 776
519 878
520 562
520 591
520 627
520 769
520 774
520 776
520 819
520 937
520 945
521 576
521 622
521 670
521 671
521 712
521 727
521 740
521 781
521 889
521 904
521 918
521 933
523 526
523 641
523 643
523 675
523 728
523 737
523 742
523 779
523 837
523 846
523 882
523 957
524 575
524 625
524 631
524 648
524 663
524 672
524 692
524 801
524 804
524 954
524 984
525 565
525 652
525 668
525 688
525 860
525 881
525 885
525 902
525 940
525 944
525 995
526 543
526 617
526 643
526 675
526 737
526 742
526 753
526 837
526 846
526 882
527 533
527 745
527 806
527 828
527 841
527 918
528 742
528 826
528 839
528 852
528 872
528 893
528 894
528 895
528 903
528 938
528 942
528 963
528 990
528 994
528 995
529 534
529 568
529 623
529 673
529 767
529 771
529 788
529 887
529 888
529 891
529 915
529 997
530 587
530 619
530 642
530 666
530 668
530 690
530 729
530 889
530 909
530 942
531 633
531 652
531 724
531 727
531 753
531 813
531 853
531 867
531 873
531 890
531 930
531 949
532 643
532 760
532 766
532 768
532 789
532 814
532 824
532 856
532 857
532 912
532 971
533 745
533 806
533 828
533 841
533 853
533 915
533 957
534 606
534 628
534 673
534 674
534 763
534 767
534 783
534 820
534 887
534 888
534 891
534 915
534 930
534 955
535 558
535 613
535 659
535 664
535 735
535 738
535 782
535 821
535 865
535 886
535 925
535 929
535 936
535 946
535 970
535 978
536 616
536 678
536 693
536 701
536 706
536 785
536 859
536 861
536 872
536 921
536 926
536 935
536 956
536 972
537 576
537 622
537 670
537 712
537 740
537 781
537 826
537 864
537 889
537 904
537 918
538 580
538 582
538 608
538 627
538 716
538 725
538 758
538 866
538 966
538 973
538 991
539 561
539 614
539 662
539 689
539 725
539 816
539 817
539 897
539 919
539 966
539 972
540 550
540 658
540 677
540 697
540 795
540 798
540 807
540 812
540 813
540 848
540 864
540 876
541 573
541 618
541 660
541 669
541 682
541 803
541 835
541 847
541 849
541 1000
542 560
542 626
542 629
542 654
542 660
542 703
542 705
542 718
542 747
542 765
542 779
542 822
542 849
542 884
542 945
542 962
542 975
543 617
543 641
543 643
543 728
543 737
543 742
543 771
543 837
543 846
543 882
543 921
544 559
544 600
544 713
544 777
544 797
544 827
544 830
544 854
544 879
544 881
545 621
545 767
545 788
545 819
545 820
545 887
545 904
545 915
545 930
545 955
545 997
545 998
546 566
546 731
546 751
546 754
546 761
546 792
546 879
546 901
546 966
546 996
547 644
547 757
547 786
547 802
547 816
547 827
547 835
547 863
547 927
547 932
547 979
547 982
547 984
547 986
547 988
547 993
548 709
548 722
548 764
548 780
548 883
548 914
548 952
548 955
548 974
548 976
549 599
549 692
549 756
549 760
549 768
549 789
549 814
549 842
549 856
549 857
549 894
549 912
550 677
550 697
550 710
550 795
550 798
550 848
550 862
550 864
550 876
551 567
551 584
551 671
551 715
551 729
551 910
551 933
552 609
552 611
552 651
552 722
552 738
552 780
552 791
552 875
552 883
552 928
552 942
552 952
552 969
552 989
553 565
553 655
553 683
553 771
553 780
553 860
553 885
553 902
553 940
553 944
553 992
554 557
554 597
554 630
554 732
554 772
554 894
554 903
554 953
554 960
554 964
554 987
556 558
556 613
556 646
556 691
556 701
556 714
556 747
556 889
556 900
556 906
556 965
556 993
557 597
557 684
557 732
557 772
557 903
557 916
557 953
557 960
557 964
557 987
558 613
558 646
558 683
558 691
558 714
558 906
558 965
558 993
559 579
559 676
559 777
559 797
559 827
559 885
559 921
560 651
560 693
560 731
560 761
560 879
560 996
561 689
561 716
561 725
561 842
561 856
561 866
561 897
561 919
561 947
561 966
561 973
561 982
561 991
562 627
562 717
562 769
562 774
562 776
563 565
563 644
563 685
563 743
563 811
563 815
563 880
563 920
563 959
563 1000
564 623
564 731
564 751
564 754
564 761
564 792
564 879
564 996
565 610
565 655
565 771
565 860
565 881
565 885
565 902
565 940
565 944
566 634
566 637
566 750
566 796
566 820
566 840
566 855
566 867
566 871
567 584
567 715
567 779
567 910
567 958
568 621
568 643
568 645
568 671
568 783
568 788
568 810
568 818
568 888
568 915
568 955
568 956
568 997
569 589
569 616
569 625
569 693
569 701
569 706
569 716
569 769
569 785
569 859
569 861
569 921
569 926
569 935
569 956
569 972
570 626
570 629
570 640
570 654
570 660
570 703
570 705
570 718
570 747
570 765
570 822
570 849
570 884
570 893
570 945
570 961
570 962
570 975
570 980
571 634
571 637
571 656
571 667
571 674
571 730
571 746
571 796
571 840
571 855
571 867
571 871
571 875
572 575
572 605
572 687
572 724
572 727
572 753
572 759
572 853
572 873
572 906
572 915
572 949
573 618
573 669
573 682
573 735
573 758
573 803
573 847
574 588
574 612
574 720
574 721
574 778
574 800
574 805
574 858
574 861
574 862
574 870
574 894
574 968
574 980
574 989
574 992
574 999
575 625
575 648
575 663
575 672
575 801
575 804
575 837
575 935
575 954
576 584
576 622
576 670
576 700
576 702
576 712
576 740
576 781
576 787
576 889
576 904
576 918
577 620
577 638
577 642
577 659
577 755
577 775
577 782
577 821
577 832
577 865
577 886
577 925
577 931
577 946
577 978
578 595
578 626
578 707
578 722
578 730
578 738
578 764
578 914
578 928
578 969
578 974
578 976
579 676
579 710
579 777
579 797
579 830
579 844
579 854
579 1000
580 602
580 608
580 689
580 758
580 766
580 827
580 842
580 866
580 937
580 947
580 949
580 973
580 991
581 602
581 664
581 700
581 842
581 866
581 897
581 947
581 966
582 684
582 689
582 716
582 725
582 758
582 897
582 901
582 919
582 937
582 947
582 973
582 991
583 594
583 603
583 649
583 659
583 694
583 735
583 736
583 782
583 821
583 832
583 925
583 931
583 936
583 970
583 978
583 984
584 715
584 848
584 910
584 979
585 600
585 665
585 710
585 713
585 777
585 830
585 851
585 854
585 866
585 883
586 587
586 619
586 642
586 666
586 668
586 690
586 729
586 909
587 619
587 642
587 666
587 668
587 690
587 729
587 831
587 898
587 909
587 965
587 989
588 612
588 721
588 734
588 753
588 778
588 805
588 851
588 862
588 870
588 968
588 980
588 989
588 992
588 999
589 616
589 678
589 693
589 701
589 706
589 708
589 718
589 785
589 859
589 861
589 921
589 926
589 930
589 935
589 956
589 972
590 596
590 679
590 680
590 733
590 823
590 907
590 912
590 923
590 939
590 951
590 958
590 960
590 971
590 981
590 998
591 717
591 769
591 774
591 776
592 786
592 802
592 809
592 831
592 835
592 922
592 927
592 932
592 979
592 982
592 988
593 628
593 636
593 640
593 645
593 661
593 681
593 699
593 712
593 726
593 882
593 912
593 950
593 985
594 620
594 649
594 659
594 664
594 749
594 775
594 782
594 815
594 821
594 832
594 920
594 931
594 936
594 946
594 960
594 970
594 978
595 631
595 657
595 730
595 764
595 883
595 914
595 928
595 931
595 969
595 976
596 680
596 733
596 791
596 803
596 851
596 878
596 905
596 907
596 933
596 941
596 948
596 957
596 958
596 971
596 981
596 983
597 630
597 684
597 732
597 853
597 903
597 916
597 953
597 960
597 964
597 987
598 601
598 628
598 636
598 640
598 681
598 699
598 726
598 950
598 981
598 985
599 615
599 692
599 760
599 766
599 768
599 789
599 819
599 824
599 840
599 856
599 857
599 912
600 658
600 676
600 713
600 773
600 777
600 795
600 797
600 827
600 830
601 628
601 636
601 640
601 661
601 699
601 712
601 726
601 757
601 950
601 961
601 985
602 725
602 758
602 817
602 842
602 861
602 866
602 897
602 937
602 947
602 973
602 991
603 649
603 659
603 665
603 691
603 735
603 745
603 755
603 790
603 832
603 886
603 931
603 936
603 946
603 970
603 978
603 994
605 614
605 652
605 687
605 716
605 724
605 728
605 753
605 813
605 890
605 949
606 650
606 680
606 823
606 834
606 878
606 905
606 907
606 923
606 941
606 945
606 957
606 971
606 985
606 998
607 650
607 689
607 728
607 823
607 834
607 905
607 907
607 939
607 941
607 958
607 981
607 983
607 998
608 712
608 758
608 826
608 866
608 897
608 966
608 991
609 632
609 633
609 653
609 689
609 723
609 779
609 784
609 844
609 868
609 891
609 899
609 913
609 967
610 719
610 739
610 749
610 762
610 787
610 812
610 863
610 869
610 871
610 908
610 943
610 951
610 977
611 631
611 651
611 707
611 726
611 738
611 764
611 776
611 791
611 914
611 940
611 952
611 974
611 976
612 721
612 735
612 744
612 748
612 778
612 800
612 805
612 809
612 840
612 862
612 968
612 980
612 989
612 999
613 646
613 678
613 683
613 685
613 691
613 714
613 837
613 906
613 965
613 993
614 662
614 725
614 817
614 842
614 897
614 919
614 937
614 940
614 946
614 947
614 964
614 966
614 973
614 991
615 636
615 692
615 768
615 789
615 792
615 854
615 856
615 857
615 912
616 678
616 693
616 701
616 706
616 785
616 859
616 861
616 921
616 926
616 935
616 956
616 972
616 999
617 641
617 643
617 675
617 728
617 737
617 742
617 778
617 837
617 846
617 847
617 882
617 996
618 669
618 682
618 755
618 803
618 810
618 847
619 642
619 666
619 668
619 690
619 729
619 748
619 834
619 909
619 947
619 975
620 638
620 665
620 695
620 755
620 775
620 782
620 790
620 832
620 886
620 936
620 946
620 970
620 978
620 995
621 673
621 674
621 763
621 783
621 789
621 810
621 819
621 820
621 849
621 888
621 930
622 670
622 699
622 712
622 740
622 781
622 822
622 889
622 904
622 918
622 993
623 671
623 673
623 887
623 888
623 891
623 915
623 930
623 955
623 972
623 997
624 709
624 743
624 766
624 773
624 839
624 850
624 852
624 872
624 893
624 911
624 931
624 938
624 959
624 963
624 990
624 994
624 995
625 648
625 663
625 672
625 717
625 801
625 804
625 954
625 961
626 629
626 654
626 660
626 703
626 705
626 718
626 747
626 749
626 764
626 765
626 822
626 849
626 884
626 945
626 962
626 975
626 985
627 717
627 769
627 774
627 776
627 956
628 640
628 645
628 661
628 681
628 699
628 726
628 950
628 952
628 954
628 985
629 654
629 660
629 703
629 705
629 718
629 747
629 765
629 822
629 849
629 884
629 927
629 945
629 962
629 975
629 976
629 980
630 635
630 684
630 732
630 772
630 903
630 953
630 960
630 964
630 981
630 987
631 707
631 749
631 764
631 791
631 875
631 883
631 914
631 918
631 928
631 969
632 633
632 635
632 723
632 779
632 784
632 844
632 868
632 899
632 913
632 959
632 967
633 653
633 779
633 804
633 844
633 868
633 899
633 913
633 967
634 638
634 656
634 667
634 746
634 750
634 796
634 840
634 855
634 867
634 871
634 945
635 684
635 732
635 772
635 903
635 953
635 960
635 964
635 979
635 987
636 640
636 645
636 661
636 699
636 715
636 726
636 950
636 985
637 667
637 746
637 750
637 790
637 796
637 840
637 855
637 867
637 871
638 649
638 664
638 665
638 755
638 782
638 790
638 832
638 865
638 886
638 925
638 931
638 946
639 686
639 688
639 700
639 736
639 741
639 750
639 779
639 962
640 645
640 674
640 699
640 714
640 726
640 948
640 950
640 985
641 643
641 675
641 728
641 737
641 742
641 837
641 846
641 882
641 895
641 907
642 666
642 668
642 690
642 729
642 909
642 927
643 661
643 675
643 724
643 728
643 737
643 742
643 837
643 846
643 882
644 702
644 752
644 757
644 786
644 802
644 816
644 831
644 835
644 893
644 932
644 963
644 979
644 982
644 986
645 681
645 699
645 726
645 770
645 866
645 950
645 985
645 986
646 683
646 691
646 714
646 860
646 906
646 944
646 965
646 993
648 663
648 672
648 700
648 784
648 801
648 804
648 954
649 654
649 665
649 735
649 742
649 762
649 782
649 807
649 821
649 832
649 865
649 925
649 931
649 932
649 936
649 946
649 970
649 978
650 680
650 823
650 834
650 905
650 923
650 941
650 948
650 983
650 998
651 663
651 707
651 730
651 764
651 778
651 875
651 914
651 928
651 952
651 964
651 976
652 727
652 753
652 792
652 813
652 853
652 873
652 890
652 949
653 723
653 779
653 784
653 844
653 848
653 868
653 899
653 910
653 913
653 967
653 983
654 660
654 692
654 703
654 705
654 718
654 731
654 747
654 765
654 822
654 849
654 884
654 945
654 962
654 975
654 980
654 997
655 860
655 881
655 885
655 886
655 902
655 940
655 951
656 746
656 750
656 796
656 811
656 840
656 855
656 867
656 871
656 897
656 911
657 696
657 720
657 743
657 759
657 763
657 770
657 807
657 833
657 850
657 900
657 901
657 929
657 933
657 934
657 961
658 697
658 749
658 769
658 795
658 798
658 848
658 864
658 876
658 988
658 999
659 694
659 708
659 755
659 865
659 886
659 925
659 928
659 931
659 963
659 970
659 978
660 668
660 687
660 703
660 705
660 718
660 747
660 765
660 822
660 849
660 884
660 945
660 962
660 975
661 681
661 699
661 726
661 905
661 950
661 985
662 689
662 716
662 796
662 842
662 866
662 897
662 906
662 919
662 937
662 947
662 966
662 970
662 991
663 672
663 772
663 775
663 801
663 804
663 863
663 893
663 954
664 686
664 708
664 731
664 735
664 755
664 782
664 865
664 886
664 925
664 936
664 946
665 680
665 694
665 708
665 755
665 775
665 782
665 790
665 865
665 886
665 925
665 931
665 946
665 970
665 980
666 668
666 690
666 729
666 882
666 909
666 926
666 995
667 685
667 746
667 750
667 796
667 840
667 855
667 860
667 867
667 871
667 961
667 998
668 690
668 729
668 909
669 682
669 803
669 847
669 992
670 712
670 740
670 781
670 789
670 889
670 904
670 918
670 971
671 674
671 721
671 767
671 783
671 788
671 819
671 820
671 888
671 891
671 930
671 955
672 801
672 804
672 823
672 954
673 789
673 810
673 818
673 820
673 832
673 888
673 891
673 900
673 930
673 955
673 997
674 677
674 767
674 783
674 820
674 888
674 891
674 915
674 930
674 941
674 955
674 997
675 728
675 737
675 742
675 837
675 846
675 882
675 907
675 947
676 679
676 710
676 713
676 777
676 797
676 854
676 879
677 697
677 750
677 767
677 795
677 798
677 803
677 848
677 864
677 876
678 693
678 701
678 706
678 773
678 785
678 859
678 861
678 873
678 921
678 926
678 935
678 949
678 956
678 972
679 733
679 798
679 823
679 878
679 898
679 905
679 907
679 923
679 948
679 957
679 971
679 981
679 983
679 998
680 682
680 811
680 823
680 834
680 851
680 907
680 939
680 957
680 971
680 983
681 699
681 726
681 730
681 731
681 886
681 950
681 965
681 985
682 803
682 810
682 847
682 992
683 691
683 714
683 737
683 906
683 965
683 993
684 732
684 860
684 903
684 953
684 960
684 964
684 987
685 815
685 880
685 920
685 959
685 1000
686 700
686 725
686 736
686 741
686 905
686 940
686 960
687 724
687 753
687 813
687 853
687 873
687 890
687 949
687 963
688 771
688 881
688 885
688 902
688 944
688 1000
689 758
689 817
689 866
689 897
689 919
689 929
689 937
689 966
689 973
689 990
689 991
690 729
690 797
690 909
691 714
691 906
691 965
691 993
692 756
692 762
692 766
692 768
692 789
692 824
692 856
692 884
692 912
693 701
693 705
693 706
693 785
693 800
693 859
693 861
693 921
693 926
693 935
693 956
693 972
694 755
694 782
694 821
694 832
694 865
694 925
694 931
694 936
694 955
694 970
695 708
695 735
695 755
695 775
695 832
695 865
695 886
695 931
695 936
695 946
695 970
696 743
696 756
696 759
696 763
696 770
696 833
696 843
696 900
696 916
696 934
696 955
696 961
697 795
697 798
697 848
697 864
697 876
697 891
699 706
699 802
699 915
699 950
699 985
700 736
700 741
701 706
701 785
701 834
701 859
701 861
701 921
701 926
701 935
701 956
701 972
701 983
702 757
702 786
702 799
702 831
702 835
702 852
702 927
702 932
702 979
702 984
702 986
702 988
703 705
703 718
703 741
703 747
703 765
703 822
703 849
703 884
703 945
703 962
703 975
703 985
705 718
705 747
705 765
705 822
705 849
705 884
705 945
705 962
705 975
705 986
706 859
706 861
706 921
706 926
706 935
706 950
706 956
706 972
706 997
707 722
707 738
707 780
707 824
707 875
707 883
707 942
707 969
707 974
708 755
708 775
708 821
708 832
708 834
708 865
708 886
708 925
708 946
708 970
708 978
708 989
709 723
709 773
709 826
709 839
709 852
709 872
709 874
709 893
709 895
709 911
709 915
709 924
709 938
709 963
709 990
709 994
709 995
710 713
710 729
710 777
710 797
710 827
710 830
710 831
712 740
712 781
712 889
712 904
712 918
713 797
713 827
713 830
713 882
713 943
713 964
714 722
714 906
714 965
714 993
715 910
715 936
716 800
716 817
716 897
716 950
716 966
716 973
716 991
716 997
717 769
717 770
717 774
717 776
717 841
717 881
718 747
718 765
718 776
718 817
718 822
718 849
718 884
718 945
718 962
718 975
719 722
719 739
719 749
719 762
719 793
719 812
719 863
719 869
719 908
719 943
719 951
719 977
719 987
720 748
720 778
720 800
720 805
720 809
720 825
720 858
720 862
720 870
720 980
720 989
720 992
720 999
721 723
721 748
721 778
721 801
721 809
721 835
721 862
721 870
721 891
721 968
721 980
721 989
721 992
721 999
722 738
722 764
722 780
722 883
722 908
722 928
722 942
722 952
722 969
723 779
723 784
723 804
723 844
723 868
723 899
723 913
723 936
723 967
724 727
724 732
724 813
724 853
724 873
724 890
724 949
724 969
724 975
725 817
725 842
725 897
725 947
725 966
725 973
725 981
725 991
726 742
726 950
726 985
726 990
727 803
727 853
727 856
727 873
727 890
727 949
728 737
728 742
728 837
728 846
728 882
728 979
729 767
729 809
729 909
729 953
730 764
730 791
730 883
730 914
730 952
730 974
731 751
731 761
731 774
731 792
731 879
731 996
732 772
732 897
732 903
732 953
732 960
732 964
732 987
732 988
733 734
733 811
733 814
733 878
733 905
733 923
733 941
733 957
733 958
733 971
733 981
733 983
733 998
734 796
734 823
734 851
734 878
734 898
734 923
734 933
734 941
734 948
734 957
734 958
734 983
735 755
735 775
735 832
735 865
735 867
735 886
735 921
735 925
735 936
735 978
736 741
736 833
736 962
736 967
737 742
737 768
737 835
737 837
737 846
737 882
738 764
738 780
738 837
738 871
738 883
738 928
738 942
738 952
738 976
739 749
739 762
739 787
739 793
739 809
739 812
739 863
739 869
739 883
739 908
739 943
739 951
739 977
740 781
740 889
740 904
740 918
740 995
741 811
741 958
742 837
742 846
742 882
743 759
743 763
743 770
743 807
743 843
743 846
743 850
743 901
743 916
743 917
743 933
743 934
743 961
744 748
744 778
744 800
744 805
744 809
744 858
744 862
744 870
744 887
744 889
744 922
744 989
744 992
744 993
744 999
745 806
745 828
745 841
745 849
745 928
746 748
746 750
746 786
746 796
746 840
746 854
746 855
746 867
746 871
747 765
747 777
747 822
747 849
747 884
747 945
747 962
747 975
748 778
748 800
748 809
748 813
748 858
748 862
748 943
748 968
748 980
748 989
748 992
748 999
749 762
749 773
749 787
749 793
749 812
749 863
749 869
749 908
749 943
749 951
749 977
750 796
750 840
750 855
750 867
750 871
750 898
750 916
750 919
751 754
751 761
751 792
751 817
751 879
751 996
752 757
752 802
752 816
752 831
752 835
752 911
752 922
752 927
752 944
752 979
752 982
752 984
752 986
752 988
753 813
753 873
753 890
753 922
753 949
754 761
754 795
754 879
754 969
754 996
755 782
755 790
755 822
755 832
755 865
755 886
755 931
755 935
755 946
755 966
756 760
756 766
756 768
756 789
756 814
756 824
756 856
756 857
756 909
756 912
757 799
757 802
757 831
757 927
757 932
757 979
757 982
757 984
757 986
757 988
757 989
758 817
758 853
758 897
758 919
758 937
758 947
758 966
758 973
758 976
758 991
759 770
759 821
759 833
759 843
759 850
759 900
759 901
759 916
759 917
759 929
759 933
759 934
759 961
760 766
760 768
760 789
760 814
760 824
760 856
760 857
760 861
760 912
760 951
761 824
761 879
761 907
761 970
761 996
762 787
762 793
762 812
762 827
762 863
762 869
762 908
762 933
762 943
762 951
762 977
763 770
763 783
763 794
763 807
763 843
763 850
763 900
763 901
763 917
763 929
763 933
763 961
764 780
764 791
764 795
764 798
764 875
764 914
764 974
764 976
765 822
765 849
765 875
765 884
765 901
765 945
765 962
765 975
766 768
766 814
766 856
766 857
766 912
766 962
767 788
767 810
767 820
767 915
767 930
767 955
768 770
768 789
768 796
768 814
768 824
768 856
768 912
769 770
769 774
769 776
769 881
770 794
770 843
770 879
770 900
770 901
770 916
770 917
770 929
770 933
771 805
771 860
771 881
771 885
771 902
771 940
771 944
772 903
772 953
772 960
772 964
772 987
773 780
773 825
773 839
773 872
773 874
773 891
773 893
773 894
773 911
773 924
773 938
773 963
773 994
773 995
774 776
774 794
774 852
774 858
775 790
775 821
775 851
775 886
775 925
775 931
775 936
775 969
775 970
776 871
777 782
777 797
777 806
777 827
777 854
778 780
778 800
778 809
778 858
778 870
778 952
778 968
778 980
778 989
778 992
779 784
779 844
779 868
779 899
779 913
779 967
780 791
780 863
780 875
780 883
780 914
780 942
780 964
780 969
780 974
781 889
781 904
781 909
781 913
781 918
782 790
782 821
782 832
782 843
782 886
782 906
782 925
782 936
782 942
782 946
782 961
782 978
783 788
783 810
783 818
783 820
783 885
783 887
783 888
783 930
783 955
783 968
783 974
784 786
784 802
784 844
784 846
784 868
784 899
784 913
784 967
784 981
785 859
785 861
785 921
785 926
785 935
785 956
785 972
786 799
786 802
786 846
786 922
786 927
786 932
786 979
786 982
786 984
786 986
786 988
787 793
787 812
787 831
787 835
787 863
787 908
787 943
787 951
787 977
788 818
788 819
788 850
788 887
788 891
788 908
788 915
788 955
788 998
789 814
789 824
789 850
789 856
789 857
789 912
790 811
790 821
790 832
790 886
790 931
790 936
790 946
790 948
790 970
790 978
791 812
791 883
791 928
791 937
791 942
791 965
791 969
791 974
791 976
792 872
792 879
792 895
792 973
792 996
793 812
793 863
793 869
793 908
793 943
793 951
793 977
794 833
794 843
794 900
794 901
794 916
794 917
794 929
794 933
794 934
794 961
795 798
795 806
795 815
795 848
795 864
795 876
796 840
796 855
796 867
796 871
797 824
797 841
798 848
798 864
798 876
799 802
799 816
799 831
799 922
799 927
799 939
799 972
799 979
799 982
799 984
799 986
799 988
800 805
800 858
800 862
800 952
800 959
800 968
800 980
800 989
800 992
800 999
801 804
801 817
801 855
801 954
802 810
802 835
802 922
802 927
802 932
802 943
802 982
802 984
802 988
803 847
803 914
804 811
804 822
804 840
804 954
805 858
805 862
805 870
805 968
805 980
805 989
805 990
805 992
805 994
805 999
806 828
806 841
807 843
807 850
807 900
807 901
807 916
807 917
807 929
807 933
807 934
807 961
809 858
809 870
809 884
809 968
809 980
809 989
809 992
809 994
809 999
810 818
810 820
810 855
810 888
810 891
810 955
810 968
810 997
811 851
811 898
811 905
811 907
811 939
811 971
811 981
811 983
811 998
812 863
812 869
812 908
812 916
812 943
812 951
812 977
813 853
813 873
813 890
813 914
813 949
813 997
814 824
814 856
814 857
814 912
814 923
815 820
815 880
815 916
815 920
815 923
815 959
815 1000
816 831
816 835
816 909
816 922
816 924
816 927
816 932
816 979
816 982
816 984
816 986
816 988
817 842
817 866
817 897
817 919
817 925
817 937
817 947
817 966
817 973
817 991
818 819
818 820
818 830
818 887
818 888
818 915
818 955
818 962
818 974
818 997
819 820
819 887
819 888
819 891
819 895
819 930
819 997
820 855
820 891
820 915
820 930
820 955
820 960
820 962
821 832
821 886
821 899
821 931
821 936
821 970
821 976
821 978
821 996
822 849
822 860
822 884
822 945
822 962
822 975
823 839
823 878
823 923
823 927
823 957
823 958
823 971
823 998
824 856
824 857
824 912
824 950
824 973
824 997
825 826
825 839
825 867
825 872
825 874
825 893
825 894
825 895
825 911
825 924
825 927
825 938
825 963
825 990
825 994
825 995
826 872
826 874
826 880
826 893
826 894
826 895
826 911
826 924
826 938
826 963
826 990
826 994
826 995
827 830
827 854
827 963
828 841
828 930
830 854
830 881
830 983
831 835
831 857
831 922
831 932
831 979
831 982
831 984
831 986
832 865
832 931
832 934
832 970
832 978
832 990
833 843
833 850
833 866
833 901
833 917
833 934
833 957
833 961
833 974
834 851
834 898
834 905
834 906
834 941
834 948
834 957
834 958
834 971
834 981
834 983
834 998
835 847
835 856
835 927
835 982
835 984
835 986
835 988
837 840
837 846
837 882
837 885
839 852
839 872
839 874
839 894
839 895
839 911
839 924
839 938
839 941
839 963
839 990
839 994
839 995
840 855
840 867
840 869
840 871
841 950
842 866
842 897
842 914
842 916
842 919
842 947
842 966
842 991
843 850
843 889
843 898
843 900
843 901
843 910
843 916
843 917
843 929
843 933
843 983
844 868
844 899
844 913
844 966
844 967
846 882
847 946
847 987
848 864
848 876
848 897
848 915
848 998
849 884
849 945
849 962
849 975
849 982
850 868
850 872
850 900
850 901
850 916
850 917
850 929
850 933
850 934
850 961
851 852
851 923
851 941
851 948
851 957
851 958
851 971
851 998
852 872
852 893
852 911
852 922
852 924
852 932
852 938
852 963
852 989
852 990
852 994
852 995
853 856
853 873
853 890
853 919
853 949
854 890
855 867
855 871
855 874
855 990
856 857
857 886
857 958
858 861
858 862
858 867
858 870
858 921
858 968
858 980
858 989
858 992
858 999
859 861
859 920
859 921
859 926
859 935
859 956
859 972
860 881
860 885
860 902
860 940
860 944
861 921
861 926
861 935
861 956
861 972
862 864
862 868
862 870
862 914
862 920
862 968
862 980
862 989
862 992
862 999
863 869
863 908
863 919
863 920
863 925
863 943
863 951
863 977
864 876
864 887
865 869
865 886
865 888
865 925
865 926
865 946
865 970
865 978
865 999
866 919
866 937
866 947
866 966
866 991
867 871
868 899
868 913
868 941
868 967
868 969
869 908
869 943
869 951
869 977
870 871
870 897
870 905
870 968
870 980
870 989
870 992
870 999
872 874
872 893
872 894
872 895
872 924
872 932
872 938
872 939
872 963
872 986
872 990
872 994
872 995
873 874
873 890
873 902
873 949
874 880
874 893
874 894
874 911
874 924
874 952
874 990
874 994
874 995
875 928
875 942
875 952
875 969
875 974
875 976
876 938
876 940
878 898
878 905
878 907
878 923
878 941
878 948
878 958
878 981
878 985
879 888
879 967
879 996
880 920
880 959
880 988
880 999
880 1000
881 885
881 902
881 940
881 944
881 955
882 944
882 994
883 904
883 914
883 928
883 942
883 952
883 969
883 976
883 979
884 886
884 945
884 962
884 975
885 902
885 940
885 944
886 931
886 946
886 975
887 888
887 891
887 915
887 930
887 974
887 996
887 997
888 930
888 967
888 997
889 904
889 918
890 898
890 923
890 949
890 978
891 899
891 915
891 930
891 955
891 992
891 997
893 894
893 895
893 911
893 924
893 963
893 990
893 994
893 995
894 895
894 911
894 924
894 938
894 963
894 990
894 994
894 995
895 902
895 924
895 938
895 939
895 963
895 990
895 994
895 995
897 900
897 926
897 937
897 947
897 973
897 991
898 905
898 907
898 941
898 948
898 958
898 981
898 998
899 905
899 913
899 967
900 901
900 916
900 917
900 933
900 934
900 961
901 903
901 916
901 929
901 933
901 934
901 961
902 940
902 944
902 950
902 978
903 953
903 960
903 964
903 987
904 918
904 921
904 955
905 907
905 923
905 932
905 939
905 941
905 948
905 983
905 998
906 912
906 965
906 993
907 923
907 948
907 957
907 958
907 981
907 983
907 998
908 943
908 951
908 977
908 1000
909 943
910 955
910 986
911 924
911 938
911 963
911 990
911 994
911 995
912 971
913 925
913 963
913 967
914 928
914 942
914 952
914 974
915 927
915 930
915 997
916 929
916 933
916 934
916 961
917 922
917 929
917 933
917 957
917 961
918 937
919 937
919 947
919 966
919 973
919 978
919 991
920 922
920 940
920 959
920 964
920 1000
921 926
921 935
921 956
921 972
922 927
922 979
922 982
922 984
922 986
922 988
923 928
923 948
923 957
923 958
923 971
923 976
923 983
923 998
924 938
924 945
924 963
924 985
924 990
924 994
924 995
925 931
925 936
925 946
925 963
925 970
925 978
926 935
926 956
926 972
926 976
927 932
927 977
927 979
927 984
927 986
927 988
928 942
928 952
928 967
928 969
928 974
928 976
929 933
929 934
929 961
930 941
930 948
930 955
930 988
930 991
930 997
931 936
931 938
931 941
931 946
931 978
932 938
932 979
932 982
932 984
932 986
932 988
933 934
934 961
934 968
935 937
935 941
935 956
935 972
936 946
936 970
936 978
937 940
937 947
937 973
938 951
938 963
938 969
938 990
938 994
939 941
939 942
939 957
939 971
939 981
939 983
939 998
940 944
941 951
941 957
941 958
941 971
941 998
942 952
942 969
942 974
943 951
943 968
943 977
944 983
945 962
945 975
946 970
946 977
946 978
947 952
947 966
947 973
947 991
948 957
948 971
948 981
948 982
948 983
948 998
949 952
949 965
949 973
950 954
950 985
950 988
951 977
952 969
952 976
953 960
953 964
953 972
953 987
954 993
955 997
956 966
956 972
957 958
957 971
957 981
957 988
957 998
958 969
958 971
958 981
958 998
959 1000
960 964
960 968
960 970
960 987
962 975
963 995
964 987
965 993
966 973
966 987
966 988
967 999
968 980
968 986
968 989
968 992
968 999
969 974
969 976
970 978
971 975
971 981
971 998
972 973
972 985
973 976
973 991
974 976
975 978
978 993
979 982
979 984
979 988
980 989
980 992
980 999
981 983
981 991
981 998
982 984
982 988
982 991
983 991
983 998
984 986
984 988
984 998
986 988
986 991
989 992
989 999
990 994
990 995
992 996
992 999
994 995
998 1000
