2 312
2 407
2 464
2 519
2 562
2 636
2 731
2 761
2 774
2 776
2 777
2 978
3 27
3 117
3 118
3 208
3 418
3 465
3 745
3 806
3 828
3 841
3 929
3 960
4 370
4 407
4 412
4 464
4 520
4 591
4 657
4 769
4 771
4 776
4 905
4 978
5 7
5 362
5 646
5 683
5 688
5 691
5 714
5 726
5 845
5 849
5 906
5 993
6 120
6 129
6 294
6 311
6 394
6 444
6 492
6 504
6 777
6 797
6 827
6 998
7 147
7 158
7 180
7 606
7 839
7 872
7 911
7 924
7 963
7 994
7 995
8 282
8 324
8 738
8 764
8 875
8 891
8 914
8 932
8 942
8 952
8 969
8 976
9 739
9 762
9 787
9 793
9 849
9 863
9 869
9 884
9 905
9 908
9 943
9 951
10 11
10 135
10 256
10 268
10 324
10 501
10 552
10 875
10 952
10 974
10 976
10 991
11 130
11 329
11 348
11 796
11 819
11 872
11 893
11 911
11 924
11 963
11 990
12 282
12 315
12 595
12 652
12 707
12 722
12 764
12 875
12 914
12 934
12 942
12 952
13 160
13 272
13 338
13 488
13 652
13 687
13 727
13 759
13 813
13 873
13 890
13 949
14 315
14 483
14 607
14 764
14 826
14 883
14 914
14 928
14 952
14 969
14 976
14 994
15 607
15 660
15 705
15 718
15 719
15 747
15 765
15 822
15 943
15 945
15 962
15 975
16 569
16 680
16 698
16 811
16 823
16 862
16 877
16 878
16 885
16 905
16 939
16 948
17 123
17 378
17 770
17 794
17 843
17 850
17 900
17 917
17 929
17 934
17 961
17 969
18 39
18 268
18 565
18 647
18 673
18 681
18 788
18 819
18 887
18 891
18 908
18 997
19 299
19 485
19 560
19 669
19 697
19 731
19 751
19 761
19 792
19 879
19 980
19 996
20 357
20 371
20 444
20 445
20 447
20 471
20 600
20 674
20 710
20 777
20 797
20 854
21 709
21 796
21 825
21 826
21 852
21 893
21 911
21 930
21 963
21 986
21 990
21 995
22 340
22 345
22 458
22 509
22 599
22 685
22 815
22 888
22 920
22 959
22 997
22 1000
23 361
23 424
23 521
23 576
23 622
23 712
23 740
23 781
23 889
23 904
23 918
23 929
24 273
24 320
24 339
24 538
24 603
24 689
24 736
24 758
24 919
24 937
24 966
24 991
25 206
25 292
25 425
25 510
25 593
25 628
25 645
25 654
25 699
25 848
25 950
25 985
27 322
27 465
27 480
27 537
27 745
27 806
27 828
27 841
27 908
27 920
27 960
28 138
28 435
28 614
28 644
28 668
28 816
28 818
28 922
28 927
28 932
28 948
28 984
29 429
29 470
29 529
29 586
29 587
29 642
29 690
29 729
29 849
29 909
29 978
29 997
30 110
30 350
30 418
30 535
30 633
30 782
30 784
30 844
30 868
30 899
30 913
30 967
31 205
31 294
31 500
31 541
31 549
31 553
31 625
31 655
31 881
31 902
31 940
31 944
32 169
32 280
32 671
32 778
32 820
32 829
32 845
32 887
32 888
32 915
32 955
32 981
33 303
33 542
33 744
33 809
33 862
33 963
33 968
33 974
33 980
33 989
33 992
33 999
34 66
34 236
34 249
34 268
34 297
34 524
34 531
34 567
34 584
34 634
34 715
34 817
35 317
35 367
35 402
35 429
35 529
35 534
35 619
35 642
35 666
35 690
35 729
35 909
36 189
36 245
36 247
36 293
36 452
36 655
36 723
36 771
36 806
36 881
36 885
36 895
37 308
37 481
37 483
37 501
37 595
37 631
37 653
37 658
37 780
37 883
37 928
37 952
38 146
38 325
38 466
38 512
38 570
38 763
38 807
38 843
38 850
38 860
38 901
38 961
39 48
39 206
39 372
39 436
39 767
39 788
39 845
39 915
39 930
39 940
39 997
40 110
40 163
40 266
40 429
40 506
40 533
40 745
40 806
40 828
40 841
40 960
40 992
41 158
41 329
41 349
41 773
41 825
41 826
41 893
41 909
41 975
41 990
41 994
41 995
42 219
42 326
42 598
42 625
42 654
42 683
42 698
42 699
42 783
42 848
42 950
42 985
43 148
43 157
43 424
43 495
43 547
43 752
43 786
43 831
43 922
43 982
43 984
43 986
44 430
44 546
44 560
44 564
44 598
44 731
44 754
44 761
44 792
44 802
44 879
44 996
45 203
45 466
45 597
45 680
45 743
45 759
45 900
45 901
45 917
45 929
45 933
45 934
46 260
46 449
46 485
46 564
46 588
46 669
46 751
46 754
46 761
46 792
46 879
46 996
47 230
47 606
47 704
47 834
47 898
47 903
47 907
47 938
47 941
47 948
47 972
47 983
48 174
48 210
48 354
48 395
48 402
48 639
48 700
48 736
48 741
48 910
48 964
49 169
49 179
49 372
49 580
49 596
49 783
49 810
49 820
49 887
49 896
49 930
49 955
50 144
50 257
50 446
50 551
50 557
50 772
50 862
50 903
50 950
50 964
50 977
50 987
51 133
51 401
51 414
51 488
51 532
51 692
51 752
51 756
51 814
51 856
51 857
51 912
52 608
52 646
52 683
52 688
52 691
52 714
52 726
52 766
52 849
52 876
52 906
52 993
53 468
53 557
53 630
53 635
53 684
53 719
53 722
53 772
53 893
53 903
53 964
53 987
55 225
55 275
55 677
55 697
55 699
55 704
55 795
55 798
55 864
55 876
55 894
55 988
56 298
56 558
56 681
56 693
56 878
56 892
56 907
56 939
56 941
56 971
56 983
56 998
57 528
57 624
57 825
57 839
57 883
57 911
57 924
57 963
57 968
57 990
57 994
57 995
58 139
58 243
58 281
58 371
58 447
58 600
58 696
58 727
58 797
58 827
58 854
58 874
59 414
59 554
59 667
59 756
59 766
59 768
59 789
59 814
59 824
59 857
59 947
59 986
60 275
60 406
60 658
60 697
60 752
60 795
60 798
60 864
60 876
60 894
60 934
60 988
61 755
61 762
61 787
61 793
61 812
61 863
61 869
61 884
61 892
61 908
61 943
61 951
62 226
62 347
62 387
62 594
62 633
62 779
62 784
62 844
62 868
62 899
62 913
62 967
63 243
63 311
63 313
63 370
63 371
63 559
63 579
63 676
63 713
63 819
63 826
63 827
64 130
64 671
64 796
64 826
64 839
64 872
64 924
64 958
64 968
64 990
64 994
64 995
65 248
65 306
65 401
65 710
65 760
65 768
65 814
65 824
65 855
65 856
65 912
65 944
66 78
66 236
66 249
66 262
66 297
66 528
66 567
66 584
66 715
66 817
66 842
67 556
67 646
67 683
67 687
67 688
67 691
67 714
67 726
67 849
67 906
67 982
67 993
68 90
68 115
68 448
68 471
68 486
68 541
68 734
68 771
68 881
68 885
68 902
68 944
69 770
69 817
69 833
69 843
69 850
69 900
69 901
69 917
69 929
69 933
69 961
69 980
70 258
70 266
70 352
70 480
70 506
70 533
70 572
70 797
70 806
70 828
70 841
70 960
73 348
73 629
73 660
73 705
73 718
73 747
73 765
73 793
73 822
73 945
73 962
73 975
74 139
74 374
74 389
74 551
74 557
74 580
74 630
74 719
74 903
74 957
74 964
74 987
75 291
75 556
75 646
75 683
75 688
75 691
75 714
75 726
75 822
75 849
75 906
75 993
76 770
76 776
76 807
76 833
76 850
76 901
76 916
76 917
76 929
76 934
76 961
76 975
77 432
77 482
77 549
77 580
77 670
77 712
77 740
77 754
77 781
77 889
77 904
77 918
78 236
78 249
78 262
78 268
78 567
78 584
78 715
78 817
78 858
78 915
78 968
79 351
79 410
79 609
79 615
79 641
79 675
79 737
79 742
79 837
79 846
79 882
79 926
80 329
80 581
80 709
80 773
80 811
80 825
80 839
80 911
80 963
80 990
80 994
80 995
81 101
81 460
81 527
81 604
81 614
81 758
81 919
81 947
81 966
81 973
81 977
81 991
82 218
82 219
82 510
82 590
82 593
82 598
82 628
82 645
82 654
82 699
82 950
82 985
83 361
83 521
83 539
83 576
83 580
83 670
83 740
83 781
83 798
83 889
83 904
83 918
84 485
84 546
84 564
84 645
84 669
84 693
84 751
84 792
84 879
84 923
84 996
85 236
85 249
85 262
85 268
85 297
85 338
85 520
85 567
85 584
85 715
85 716
85 817
86 376
86 649
86 678
86 693
86 785
86 859
86 861
86 921
86 926
86 956
86 972
86 998
87 238
87 409
87 463
87 488
87 531
87 605
87 687
87 753
87 873
87 890
87 949
87 966
88 343
88 363
88 577
88 592
88 621
88 702
88 897
88 932
88 979
88 982
88 984
88 986
89 615
89 646
89 673
89 683
89 688
89 691
89 714
89 726
89 849
89 906
89 916
89 993
90 174
90 210
90 289
90 395
90 402
90 575
90 639
90 700
90 736
90 741
90 910
91 449
91 454
91 485
91 560
91 750
91 751
91 761
91 792
91 879
91 907
91 950
91 996
92 97
92 287
92 671
92 673
92 674
92 695
92 711
92 810
92 887
92 888
92 930
92 964
93 353
93 550
93 658
93 677
93 757
93 795
93 798
93 864
93 876
93 894
93 933
93 988
94 164
94 306
94 535
94 692
94 768
94 789
94 814
94 824
94 855
94 856
94 857
94 954
95 610
95 739
95 793
95 812
95 850
95 863
95 869
95 884
95 908
95 918
95 943
95 951
96 532
96 756
96 760
96 766
96 768
96 789
96 824
96 855
96 857
96 867
96 912
96 954
97 425
97 534
97 711
97 785
97 820
97 829
97 891
97 896
97 915
97 973
97 997
98 264
98 265
98 314
98 398
98 438
98 679
98 834
98 840
98 898
98 941
98 981
98 998
99 117
99 208
99 258
99 352
99 465
99 650
99 714
99 745
99 806
99 828
99 841
99 960
100 118
100 413
100 427
100 527
100 573
100 618
100 623
100 682
100 803
100 808
100 836
100 847
101 581
101 689
101 713
101 716
101 842
101 898
101 919
101 937
101 947
101 973
101 977
102 227
102 415
102 563
102 670
102 703
102 712
102 740
102 889
102 904
102 918
102 962
103 147
103 479
103 843
103 863
103 864
103 901
103 916
103 917
103 929
103 933
103 934
103 961
103 970
104 484
104 526
104 578
104 641
104 643
104 675
104 728
104 737
104 742
104 747
104 837
104 846
104 882
105 110
105 117
105 258
105 266
105 309
105 322
105 537
105 658
105 745
105 828
105 841
105 882
105 960
106 130
106 254
106 332
106 435
106 644
106 702
106 752
106 802
106 831
106 835
106 838
106 984
106 986
107 149
107 161
107 289
107 354
107 402
107 639
107 700
107 736
107 741
107 910
107 972
107 987
109 136
109 221
109 299
109 449
109 564
109 619
109 731
109 754
109 761
109 840
109 879
109 936
109 996
110 266
110 354
110 506
110 537
110 745
110 806
110 828
110 841
110 843
110 960
111 185
111 230
111 239
111 398
111 430
111 698
111 823
111 834
111 885
111 892
111 939
111 958
111 981
112 115
112 309
112 363
112 571
112 644
112 757
112 799
112 835
112 900
112 927
112 982
112 984
112 986
113 427
113 460
113 505
113 561
113 602
113 608
113 689
113 758
113 897
113 947
113 977
113 991
113 992
114 375
114 420
114 486
114 500
114 544
114 734
114 771
114 830
114 860
114 881
114 902
114 940
114 944
115 124
115 495
115 740
115 771
115 870
115 881
115 885
115 895
115 902
115 940
115 944
116 310
116 716
116 724
116 725
116 740
116 758
116 842
116 866
116 937
116 947
116 976
116 977
116 991
117 127
117 208
117 309
117 480
117 531
117 745
117 806
117 828
117 841
117 960
118 266
118 322
118 352
118 392
118 465
118 480
118 533
118 537
118 806
118 960
118 983
119 141
119 166
119 281
119 357
119 371
119 559
119 585
119 642
119 777
119 797
119 827
119 854
119 982
120 405
120 419
120 443
120 524
120 575
120 648
120 663
120 672
120 801
120 804
120 923
120 954
121 383
121 432
121 612
121 632
121 720
121 748
121 800
121 870
121 968
121 980
121 989
121 992
121 999
122 492
122 507
122 527
122 573
122 618
122 682
122 758
122 803
122 808
122 836
122 847
122 939
123 440
123 569
123 616
123 678
123 701
123 859
123 861
123 921
123 926
123 947
123 956
123 972
124 234
124 400
124 452
124 549
124 553
124 587
124 734
124 847
124 881
124 895
124 940
124 944
125 204
125 443
125 524
125 542
125 575
125 648
125 663
125 672
125 777
125 801
125 804
125 954
125 963
126 269
126 405
126 443
126 524
126 575
126 648
126 654
126 663
126 672
126 702
126 801
126 804
126 954
127 232
127 263
127 510
127 554
127 625
127 628
127 645
127 654
127 699
127 848
127 950
127 985
128 172
128 282
128 578
128 611
128 713
128 722
128 738
128 791
128 883
128 914
128 928
128 969
128 976
129 303
129 307
129 313
129 357
129 444
129 508
129 559
129 600
129 794
129 827
129 830
129 854
130 224
130 699
130 773
130 839
130 893
130 924
130 963
130 990
130 994
130 995
131 316
131 441
131 678
131 706
131 774
131 785
131 859
131 861
131 866
131 921
131 926
131 956
131 972
132 438
132 606
132 698
132 733
132 781
132 854
132 877
132 938
132 941
132 948
132 971
132 981
132 983
133 241
133 615
133 755
133 756
133 766
133 768
133 802
133 824
133 855
133 857
133 912
133 932
134 154
134 369
134 609
134 611
134 632
134 711
134 718
134 779
134 844
134 868
134 899
134 913
134 967
135 282
135 315
135 434
135 532
135 595
135 685
135 707
135 722
135 780
135 875
135 914
135 952
136 485
136 560
136 669
136 731
136 751
136 754
136 761
136 792
136 879
136 956
136 979
136 996
137 263
137 456
137 593
137 598
137 645
137 654
137 681
137 754
137 848
137 949
137 950
137 962
137 985
138 786
138 802
138 818
138 831
138 835
138 857
138 932
138 962
138 973
138 979
138 982
138 984
139 144
139 446
139 597
139 635
139 719
139 772
139 849
139 903
139 964
139 986
139 987
140 154
140 278
140 329
140 720
140 725
140 744
140 809
140 858
140 968
140 980
140 989
140 992
140 999
141 417
141 602
141 759
141 763
141 794
141 807
141 833
141 900
141 916
141 917
141 929
141 933
142 456
142 475
142 494
142 632
142 673
142 773
142 779
142 784
142 844
142 868
142 899
142 913
142 967
143 160
143 382
143 403
143 431
143 519
143 562
143 591
143 636
143 769
143 774
143 776
143 954
143 978
144 271
144 389
144 398
144 468
144 551
144 635
144 684
144 772
144 903
144 964
144 987
145 176
145 345
145 373
145 509
145 599
145 685
145 815
145 823
145 837
145 920
145 959
145 992
145 1000
146 402
146 807
146 833
146 843
146 847
146 850
146 900
146 901
146 916
146 917
146 934
146 961
147 274
147 466
147 743
147 763
147 788
147 794
147 807
147 833
147 900
147 929
147 933
148 610
148 749
148 787
148 793
148 812
148 831
148 863
148 869
148 884
148 908
148 943
148 951
149 289
149 354
149 395
149 402
149 639
149 700
149 736
149 741
149 847
149 871
149 910
149 996
150 440
150 477
150 517
150 675
150 776
150 803
150 823
150 877
150 892
150 923
150 948
150 957
150 998
151 356
151 612
151 720
151 744
151 748
151 809
151 858
151 870
151 916
151 980
151 989
151 992
151 999
152 231
152 285
152 711
152 722
152 724
152 842
152 897
152 919
152 937
152 947
152 966
152 973
152 991
153 274
153 315
153 518
153 548
153 552
153 595
153 689
153 738
153 802
153 928
153 969
153 974
153 976
154 609
154 632
154 653
154 784
154 844
154 854
154 868
154 899
154 913
154 967
154 968
155 367
155 635
155 650
155 834
155 850
155 877
155 905
155 923
155 948
155 958
155 981
155 983
155 998
156 610
156 736
156 739
156 741
156 749
156 762
156 812
156 863
156 869
156 884
156 908
156 943
156 951
157 236
157 249
157 252
157 262
157 268
157 297
157 567
157 584
157 715
157 817
157 918
158 180
158 659
158 708
158 756
158 773
158 872
158 924
158 963
158 990
158 994
158 995
159 171
159 245
159 420
159 452
159 500
159 553
159 663
159 724
159 860
159 881
159 885
159 895
159 944
160 497
160 520
160 562
160 627
160 636
160 657
160 769
160 774
160 776
160 942
160 978
161 311
161 569
161 589
161 783
161 785
161 859
161 861
161 921
161 926
161 956
161 972
163 639
163 671
163 720
163 778
163 805
163 858
163 870
163 968
163 980
163 989
163 992
163 999
164 375
164 473
164 554
164 615
164 760
164 766
164 768
164 814
164 851
164 855
164 856
164 912
165 376
165 383
165 477
165 558
165 604
165 607
165 698
165 811
165 873
165 877
165 907
165 928
165 983
166 256
166 304
166 357
166 439
166 504
166 585
166 661
166 710
166 721
166 738
166 830
166 874
167 356
167 428
167 583
167 597
167 664
167 665
167 735
167 790
167 865
167 886
167 925
167 931
167 970
168 176
168 288
168 458
168 462
168 509
168 685
168 815
168 871
168 881
168 920
168 959
168 989
168 1000
169 212
169 280
169 524
169 687
169 703
169 819
169 887
169 888
169 891
169 930
169 997
170 312
170 451
170 647
170 673
170 697
170 767
170 783
170 820
170 829
170 845
170 930
170 940
170 955
171 172
171 351
171 423
171 474
171 617
171 641
171 728
171 742
171 837
171 882
171 930
171 963
172 264
172 334
172 410
172 523
172 543
172 617
172 728
172 833
172 837
172 846
172 882
173 234
173 246
173 404
173 450
173 466
173 500
173 525
173 553
173 734
173 860
173 881
173 902
173 940
174 289
174 354
174 390
174 395
174 474
174 558
174 639
174 700
174 736
174 741
174 910
175 180
175 378
175 481
175 528
175 825
175 826
175 852
175 872
175 924
175 952
175 963
175 990
175 995
176 373
176 406
176 433
176 458
176 509
176 685
176 815
176 920
176 956
176 959
176 1000
177 241
177 392
177 491
177 517
177 604
177 606
177 680
177 823
177 898
177 907
177 923
177 979
177 983
178 196
178 306
178 459
178 473
178 615
178 696
178 756
178 768
178 824
178 845
178 856
178 912
178 999
179 270
179 436
179 522
179 568
179 571
179 711
179 819
179 845
179 896
179 915
179 930
179 997
180 479
180 709
180 773
180 796
180 808
180 852
180 872
180 893
180 963
180 994
181 211
181 400
181 574
181 616
181 693
181 785
181 859
181 861
181 921
181 926
181 956
181 972
181 987
182 347
182 430
182 574
182 666
182 778
182 805
182 858
182 862
182 968
182 980
182 989
182 992
182 999
183 466
183 490
183 594
183 665
183 694
183 708
183 755
183 775
183 832
183 844
183 886
183 925
183 931
184 351
184 355
184 430
184 800
184 805
184 856
184 858
184 862
184 870
184 968
184 980
184 992
184 999
185 187
185 393
185 557
185 630
185 635
185 684
185 719
185 772
185 903
185 964
185 972
185 987
186 211
186 365
186 409
186 513
186 531
186 572
186 590
186 652
186 753
186 873
186 890
186 912
186 949
187 417
187 466
187 583
187 603
187 696
187 755
187 790
187 821
187 865
187 886
187 925
187 936
188 206
188 335
188 340
188 373
188 433
188 509
188 599
188 614
188 685
188 815
188 920
188 959
188 1000
189 205
189 234
189 525
189 655
189 776
189 860
189 881
189 885
189 891
189 895
189 902
189 991
190 665
190 749
190 762
190 787
190 812
190 863
190 869
190 884
190 908
190 943
190 950
190 951
190 986
191 334
191 446
191 551
191 597
191 635
191 684
191 719
191 772
191 852
191 903
191 925
191 964
191 987
192 215
192 376
192 470
192 596
192 604
192 679
192 878
192 892
192 895
192 905
192 907
192 948
192 971
193 300
193 459
193 479
193 532
193 615
193 674
193 741
193 756
193 789
193 814
193 855
193 856
193 857
195 435
195 530
195 592
195 637
195 644
195 702
195 751
195 757
195 802
195 831
195 932
195 982
195 986
196 272
196 300
196 622
196 692
196 756
196 789
196 814
196 824
196 856
196 857
196 866
196 912
197 233
197 330
197 625
197 720
197 744
197 862
197 870
197 968
197 975
197 980
197 989
197 992
197 999
198 290
198 386
198 411
198 496
198 590
198 640
198 667
198 750
198 794
198 840
198 849
198 867
198 871
199 477
199 496
199 566
199 582
199 637
199 667
199 746
199 750
199 840
199 867
199 871
199 890
199 957
200 271
200 481
200 498
200 508
200 611
200 722
200 778
200 800
200 875
200 928
200 942
200 952
200 974
201 218
201 340
201 373
201 458
201 509
201 517
201 599
201 685
201 815
201 920
201 946
201 959
201 1000
202 409
202 512
202 661
202 759
202 794
202 807
202 843
202 850
202 900
202 916
202 917
202 929
202 933
203 385
203 399
203 440
203 577
203 583
203 603
203 649
203 659
203 694
203 895
203 925
203 931
204 292
204 302
204 443
204 446
204 465
204 575
204 648
204 663
204 672
204 801
204 804
204 883
204 954
205 247
205 382
205 448
205 452
205 495
205 502
205 655
205 723
205 859
205 902
205 940
205 997
206 237
206 318
206 435
206 456
206 625
206 661
206 681
206 699
206 848
206 950
206 985
207 219
207 279
207 327
207 427
207 507
207 573
207 611
207 618
207 682
207 803
207 808
207 836
207 847
207 911
208 258
208 309
208 506
208 537
208 745
208 784
208 806
208 828
208 841
208 895
208 960
209 258
209 372
209 534
209 674
209 701
209 767
209 783
209 788
209 819
209 845
209 888
209 891
209 896
209 997
210 239
210 289
210 354
210 395
210 402
210 639
210 700
210 736
210 741
210 825
210 910
210 940
211 220
211 536
211 616
211 701
211 785
211 859
211 861
211 921
211 926
211 950
211 956
211 972
212 365
212 545
212 568
212 621
212 673
212 734
212 783
212 887
212 888
212 891
212 915
212 955
212 997
213 529
213 590
213 604
213 606
213 698
213 733
213 834
213 881
213 898
213 939
213 957
213 958
213 983
213 999
215 376
215 377
215 439
215 823
215 834
215 838
215 851
215 898
215 941
215 971
215 981
215 983
215 998
216 380
216 452
216 483
216 502
216 553
216 723
216 761
216 771
216 881
216 889
216 895
216 902
216 940
216 944
217 230
217 314
217 392
217 440
217 507
217 590
217 698
217 851
217 876
217 927
217 939
217 941
217 971
217 981
218 288
218 340
218 345
218 404
218 458
218 599
218 685
218 815
218 828
218 920
218 959
218 1000
219 456
219 510
219 593
219 625
219 628
219 645
219 800
219 848
219 893
219 950
219 985
220 408
220 555
220 556
220 646
220 683
220 688
220 691
220 714
220 726
220 849
220 906
220 927
220 993
221 276
221 299
221 449
221 454
221 584
221 669
221 754
221 761
221 792
221 878
221 879
221 975
221 996
222 333
222 592
222 624
222 668
222 780
222 799
222 835
222 922
222 927
222 932
222 979
222 980
222 984
222 986
223 418
223 494
223 632
223 633
223 706
223 749
223 779
223 784
223 838
223 844
223 868
223 899
223 913
223 967
224 499
224 601
224 740
224 773
224 796
224 839
224 869
224 893
224 911
224 924
224 990
224 994
224 995
225 254
225 355
225 550
225 658
225 677
225 697
225 795
225 798
225 824
225 864
225 876
225 894
225 988
226 406
226 550
226 658
226 669
226 677
226 697
226 795
226 798
226 864
226 876
226 894
226 988
227 302
227 432
227 482
227 563
227 622
227 650
227 670
227 712
227 781
227 889
227 891
227 904
227 918
228 234
228 324
228 339
228 386
228 566
228 582
228 637
228 656
228 667
228 746
228 750
228 840
228 867
228 871
229 230
229 439
229 475
229 629
229 660
229 703
229 705
229 718
229 747
229 765
229 822
229 945
229 962
229 975
230 393
230 440
230 555
230 606
230 751
230 892
230 907
230 938
230 948
230 958
231 263
231 339
231 431
231 608
231 725
231 856
231 874
231 919
231 947
231 966
231 973
231 977
231 991
232 328
232 342
232 346
232 411
232 496
232 637
232 640
232 656
232 750
232 840
232 867
232 871
232 907
233 748
233 778
233 800
233 805
233 812
233 816
233 870
233 968
233 975
233 980
233 989
233 992
233 999
234 448
234 452
234 500
234 525
234 723
234 771
234 902
234 925
234 940
234 944
235 277
235 316
235 590
235 617
235 756
235 838
235 877
235 878
235 907
235 939
235 957
235 958
235 981
235 998
236 237
236 262
236 297
236 399
236 567
236 584
236 715
236 817
236 959
237 450
237 598
237 602
237 628
237 645
237 654
237 681
237 699
237 841
237 848
237 950
237 985
238 335
238 487
238 513
238 652
238 687
238 727
238 753
238 791
238 813
238 873
238 890
238 949
238 1000
239 261
239 266
239 419
239 477
239 491
239 650
239 733
239 811
239 905
239 941
239 981
239 998
240 335
240 365
240 377
240 428
240 476
240 513
240 681
240 687
240 727
240 745
240 813
240 873
240 890
240 949
241 306
241 554
241 615
241 639
241 692
241 752
241 789
241 824
241 855
241 856
241 857
241 912
242 247
242 288
242 476
242 487
242 488
242 605
242 652
242 687
242 723
242 813
242 873
242 890
242 949
243 304
243 311
243 447
243 544
243 585
243 654
243 684
243 710
243 713
243 721
243 797
243 854
244 347
244 483
244 609
244 633
244 653
244 730
244 779
244 784
244 827
244 844
244 868
244 899
244 913
244 967
245 327
245 506
245 549
245 655
245 734
245 771
245 792
245 860
245 885
245 895
245 940
245 944
246 375
246 404
246 502
246 510
246 541
246 623
246 723
246 771
246 820
246 860
246 895
246 940
246 944
247 317
247 380
247 404
247 500
247 525
247 723
247 807
247 885
247 902
247 940
247 944
248 749
248 762
248 787
248 793
248 812
248 863
248 869
248 884
248 908
248 923
248 943
248 945
248 951
249 268
249 297
249 567
249 584
249 606
249 715
249 729
249 817
249 978
250 264
250 319
250 555
250 607
250 709
250 811
250 878
250 892
250 905
250 939
250 958
250 970
250 971
250 998
251 310
251 408
251 556
251 646
251 683
251 688
251 691
251 714
251 726
251 811
251 849
251 859
251 906
251 993
252 265
252 424
252 668
252 747
252 786
252 802
252 813
252 818
252 831
252 927
252 979
252 984
252 986
253 270
253 633
253 635
253 638
253 659
253 664
253 665
253 694
253 775
253 782
253 931
253 936
253 970
253 990
254 363
254 539
254 702
254 831
254 922
254 927
254 932
254 958
254 979
254 982
254 984
254 986
255 285
255 568
255 573
255 598
255 673
255 783
255 820
255 823
255 868
255 888
255 915
255 930
255 955
255 997
256 308
256 358
256 441
256 548
256 611
256 730
256 780
256 883
256 918
256 928
256 942
256 974
257 374
257 389
257 597
257 630
257 684
257 719
257 772
257 903
257 912
257 964
257 987
257 994
257 1000
258 506
258 533
258 537
258 741
258 745
258 828
258 841
258 873
258 960
260 571
260 632
260 702
260 786
260 831
260 835
260 922
260 927
260 932
260 979
260 982
260 984
260 986
261 739
261 749
261 762
261 787
261 793
261 812
261 863
261 869
261 884
261 908
261 943
261 951
261 983
262 268
262 297
262 308
262 567
262 584
262 660
262 715
262 817
262 972
263 310
263 326
263 598
263 625
263 628
263 661
263 681
263 755
263 848
263 950
263 985
264 319
264 392
264 604
264 679
264 764
264 851
264 898
264 948
264 973
264 981
264 998
265 431
265 530
265 644
265 668
265 702
265 835
265 902
265 922
265 979
265 982
265 984
265 986
266 270
266 309
266 533
266 806
266 828
266 841
266 960
266 962
267 345
267 441
267 678
267 693
267 701
267 706
267 733
267 785
267 859
267 861
267 921
267 926
267 956
267 972
268 297
268 530
268 567
268 584
268 715
268 817
269 292
269 429
269 443
269 524
269 575
269 609
269 648
269 663
269 672
269 801
269 804
269 829
269 954
270 385
270 594
270 638
270 649
270 755
270 790
270 821
270 865
270 897
270 946
270 970
271 304
271 631
271 651
271 707
271 730
271 780
271 875
271 883
271 928
271 942
271 956
271 969
272 487
272 531
272 572
272 605
272 620
272 727
272 753
272 811
272 813
272 873
272 890
272 949
273 320
273 455
273 489
273 515
273 583
273 809
273 842
273 897
273 919
273 966
273 973
273 977
273 991
274 552
274 651
274 668
274 872
274 875
274 883
274 914
274 928
274 942
274 969
274 974
274 976
275 327
275 353
275 503
275 658
275 677
275 787
275 795
275 798
275 864
275 876
275 894
275 988
276 384
276 454
276 541
276 546
276 564
276 669
276 731
276 751
276 754
276 761
276 879
276 894
276 996
277 596
277 630
277 650
277 811
277 877
277 898
277 905
277 923
277 941
277 958
277 960
277 981
277 996
278 378
278 574
278 605
278 720
278 748
278 773
278 862
278 870
278 940
278 968
278 980
278 989
278 992
278 999
279 413
279 427
279 507
279 527
279 573
279 604
279 618
279 630
279 682
279 692
279 803
279 808
279 836
279 847
280 549
280 565
280 647
280 651
280 714
280 783
280 810
280 819
280 887
280 888
280 896
280 930
280 997
281 367
281 370
281 372
281 445
281 447
281 467
281 544
281 579
281 585
281 777
281 830
281 854
281 874
282 481
282 483
282 559
282 730
282 738
282 791
282 857
282 914
282 968
282 974
282 976
283 390
283 472
283 498
283 532
283 651
283 707
283 722
283 780
283 791
283 793
283 875
283 928
283 942
283 969
283 974
284 285
284 501
284 709
284 773
284 796
284 825
284 839
284 893
284 898
284 911
284 924
284 963
284 990
284 994
284 995
285 385
285 436
285 451
285 621
285 671
285 711
285 783
285 810
285 888
285 896
285 955
285 997
286 381
286 417
286 441
286 496
286 743
286 759
286 770
286 843
286 850
286 900
286 901
286 916
286 929
286 933
286 961
287 333
287 451
287 469
287 484
287 545
287 711
287 788
287 829
287 888
287 891
287 903
287 915
287 930
287 955
288 373
288 433
288 453
288 462
288 509
288 530
288 599
288 685
288 815
288 920
288 959
288 1000
289 354
289 395
289 402
289 463
289 639
289 700
289 736
289 741
289 910
289 945
290 328
290 496
290 566
290 582
290 621
290 640
290 656
290 746
290 750
290 811
290 840
290 867
290 871
290 915
291 466
291 770
291 783
291 794
291 807
291 833
291 843
291 871
291 900
291 901
291 916
291 933
291 934
291 961
292 302
292 405
292 487
292 524
292 575
292 648
292 663
292 672
292 801
292 804
292 827
292 954
293 312
293 382
293 407
293 438
293 497
293 608
293 627
293 636
293 657
293 660
293 769
293 774
293 776
293 978
294 311
294 313
294 504
294 508
294 676
294 777
294 797
294 827
294 830
294 854
294 874
294 916
294 952
296 364
296 425
296 451
296 522
296 621
296 669
296 673
296 761
296 829
296 887
296 891
296 906
296 915
296 930
296 955
297 567
297 584
297 626
297 715
297 817
297 963
297 967
298 383
298 478
298 679
298 778
298 838
298 894
298 898
298 905
298 923
298 948
298 958
298 971
298 983
298 999
299 384
299 394
299 669
299 691
299 731
299 751
299 754
299 761
299 764
299 792
299 879
299 996
300 400
300 459
300 473
300 554
300 563
300 756
300 766
300 790
300 814
300 855
300 856
300 857
300 912
302 405
302 425
302 443
302 524
302 552
302 575
302 648
302 663
302 672
302 801
302 804
302 954
303 416
303 569
303 588
303 720
303 778
303 800
303 805
303 858
303 968
303 980
303 989
303 992
303 999
304 313
304 445
304 544
304 559
304 676
304 710
304 749
304 777
304 830
304 834
304 854
304 874
305 392
305 448
305 743
305 763
305 807
305 833
305 843
305 900
305 901
305 916
305 917
305 933
305 934
305 961
305 980
306 554
306 692
306 760
306 766
306 789
306 814
306 824
306 836
306 857
306 861
306 949
307 447
307 492
307 508
307 559
307 607
307 676
307 713
307 797
307 821
307 827
307 830
307 854
307 874
307 981
308 390
308 483
308 498
308 568
308 631
308 759
308 791
308 928
308 952
308 969
308 974
308 976
309 352
309 465
309 506
309 533
309 806
309 828
309 841
309 886
309 950
309 960
310 437
310 515
310 561
310 608
310 716
310 724
310 777
310 842
310 866
310 897
310 937
310 991
311 315
311 444
311 508
311 600
311 614
311 713
311 721
311 777
311 854
311 874
312 438
312 497
312 520
312 540
312 562
312 627
312 636
312 769
312 774
312 776
312 912
312 978
313 357
313 371
313 447
313 559
313 579
313 585
313 772
313 854
313 874
313 933
313 947
314 319
314 428
314 440
314 596
314 704
314 760
314 838
314 879
314 892
314 905
314 923
314 939
314 983
315 390
315 434
315 631
315 707
315 711
315 791
315 942
315 952
315 961
315 969
316 383
316 398
316 414
316 650
316 679
316 765
316 811
316 923
316 938
316 939
316 957
316 958
316 971
317 336
317 493
317 529
317 586
317 587
317 619
317 642
317 666
317 690
317 729
317 754
317 902
317 909
318 326
318 450
318 456
318 515
318 593
318 625
318 628
318 661
318 699
318 749
318 848
318 950
318 961
318 985
319 392
319 704
319 761
319 811
319 823
319 851
319 892
319 921
319 948
319 957
319 971
319 988
320 550
320 662
320 716
320 842
320 866
320 897
320 908
320 937
320 947
320 973
320 977
320 991
320 996
321 610
321 689
321 702
321 739
321 749
321 787
321 793
321 812
321 840
321 863
321 869
321 884
321 908
321 943
321 951
322 352
322 396
322 480
322 515
322 533
322 537
322 692
322 745
322 806
322 828
322 841
322 960
323 336
323 359
323 396
323 470
323 505
323 586
323 619
323 642
323 666
323 690
323 729
323 836
323 901
323 909
323 955
324 359
324 518
324 598
324 651
324 730
324 764
324 875
324 914
324 952
324 969
324 974
324 976
325 415
325 417
325 475
325 512
325 605
325 763
325 850
325 901
325 916
325 917
325 929
325 933
325 934
325 961
326 450
326 593
326 598
326 628
326 681
326 699
326 707
326 742
326 848
326 894
326 950
326 985
327 413
327 427
327 507
327 527
327 573
327 618
327 682
327 803
327 808
327 836
327 847
327 904
328 346
328 411
328 504
328 566
328 634
328 637
328 640
328 746
328 840
328 867
328 871
328 951
328 993
329 624
329 773
329 852
329 872
329 893
329 904
329 911
329 924
329 960
329 990
329 995
330 408
330 556
330 646
330 683
330 688
330 691
330 714
330 726
330 742
330 849
330 906
330 978
330 993
331 350
331 385
331 514
331 535
331 564
331 664
331 708
331 744
331 755
331 790
331 886
331 931
331 936
331 946
331 970
332 343
332 439
332 472
332 530
332 744
332 752
332 799
332 802
332 927
332 932
332 979
332 982
332 984
332 986
333 364
333 757
333 786
333 799
333 816
333 831
333 835
333 927
333 932
333 973
333 979
333 982
333 984
334 362
334 457
334 474
334 526
334 550
334 641
334 643
334 737
334 742
334 837
334 846
334 882
334 915
335 365
335 461
335 476
335 513
335 605
335 652
335 687
335 734
335 813
335 873
335 890
335 949
336 337
336 359
336 496
336 505
336 529
336 583
336 586
336 587
336 619
336 666
336 690
336 729
336 909
337 776
337 782
337 807
337 833
337 843
337 850
337 900
337 901
337 916
337 917
337 929
337 933
337 934
337 961
338 422
338 428
338 467
338 572
338 586
338 605
338 652
338 727
338 753
338 813
338 873
338 890
338 949
339 431
339 602
339 614
339 677
339 758
339 763
339 842
339 897
339 937
339 947
339 973
339 991
340 433
340 462
340 509
340 599
340 642
340 815
340 825
340 920
340 959
340 982
340 1000
341 727
341 739
341 749
341 762
341 765
341 787
341 793
341 812
341 863
341 869
341 884
341 908
341 928
341 943
341 951
342 411
342 467
342 634
342 637
342 640
342 656
342 746
342 750
342 840
342 861
342 867
342 871
342 983
342 995
343 479
343 752
343 757
343 816
343 820
343 831
343 922
343 927
343 932
343 939
343 979
343 982
343 986
344 473
344 601
344 647
344 709
344 825
344 826
344 852
344 863
344 872
344 893
344 911
344 924
344 990
344 994
344 995
345 378
345 433
345 462
345 509
345 599
345 685
345 721
345 815
345 920
345 959
345 1000
346 444
346 467
346 469
346 582
346 634
346 640
346 667
346 750
346 840
346 867
346 871
346 910
347 494
347 609
347 653
347 655
347 779
347 844
347 868
347 899
347 913
347 967
347 969
348 434
348 552
348 595
348 611
348 651
348 701
348 764
348 780
348 883
348 914
348 942
348 969
348 976
349 416
349 522
349 581
349 601
349 624
349 825
349 833
349 852
349 893
349 911
349 924
349 963
349 990
349 994
349 995
350 369
350 387
350 592
350 609
350 632
350 653
350 710
350 779
350 784
350 844
350 868
350 899
350 913
350 967
351 423
351 457
351 474
351 523
351 614
351 641
351 643
351 675
351 708
351 742
351 837
351 846
351 882
352 465
352 480
352 533
352 673
352 745
352 806
352 828
352 831
352 841
352 947
352 960
353 355
353 370
353 455
353 540
353 545
353 677
353 697
353 795
353 798
353 808
353 864
353 876
353 894
353 988
354 395
354 402
354 639
354 700
354 736
354 741
354 910
354 933
354 990
355 540
355 543
355 550
355 658
355 677
355 697
355 795
355 798
355 864
355 871
355 876
355 894
355 988
356 377
356 535
356 594
356 603
356 605
356 620
356 664
356 665
356 735
356 755
356 844
356 886
356 931
356 970
357 444
357 508
357 544
357 585
357 600
357 710
357 712
357 770
357 830
357 855
357 874
358 399
358 498
358 548
358 578
358 595
358 738
358 764
358 780
358 841
358 875
358 883
358 933
358 942
358 974
358 976
359 367
359 396
359 470
359 493
359 566
359 586
359 587
359 642
359 666
359 690
359 729
359 735
359 909
360 589
360 593
360 616
360 678
360 691
360 693
360 701
360 706
360 859
360 861
360 871
360 900
360 921
360 926
360 956
360 972
361 563
361 576
361 580
361 622
361 639
361 670
361 712
361 719
361 740
361 781
361 824
361 889
361 904
361 918
362 400
362 451
362 457
362 484
362 543
362 641
362 643
362 675
362 728
362 737
362 742
362 846
362 882
362 910
363 380
363 530
363 719
363 752
363 799
363 816
363 835
363 919
363 922
363 979
363 982
363 984
363 986
364 425
364 469
364 502
364 621
364 623
364 647
364 673
364 711
364 819
364 845
364 891
364 990
364 995
364 997
365 476
365 488
365 513
365 531
365 572
365 700
365 753
365 813
365 834
365 873
365 890
365 949
367 396
367 470
367 493
367 586
367 587
367 642
367 666
367 690
367 832
367 909
367 972
367 994
368 406
368 415
368 455
368 459
368 527
368 540
368 550
368 658
368 677
368 697
368 795
368 798
368 864
368 876
368 894
368 988
369 387
369 461
369 475
369 494
369 556
369 632
369 779
369 784
369 837
369 844
369 868
369 899
369 913
369 967
370 394
370 447
370 492
370 504
370 544
370 579
370 600
370 676
370 713
370 777
370 830
370 844
371 394
371 447
371 544
371 563
371 585
371 676
371 710
371 713
371 797
371 942
371 993
372 545
372 674
372 788
372 828
372 829
372 887
372 891
372 915
372 919
372 930
372 955
372 997
373 422
373 462
373 509
373 599
373 685
373 779
373 815
373 846
373 920
373 959
373 1000
374 389
374 393
374 433
374 446
374 468
374 557
374 586
374 597
374 635
374 772
374 903
374 948
374 964
374 987
375 495
375 541
375 553
375 723
375 774
375 840
375 860
375 881
375 885
375 895
375 902
375 940
375 944
376 381
376 478
376 698
376 733
376 751
376 905
376 939
376 947
376 957
376 971
376 981
376 998
377 399
377 536
377 594
377 649
377 695
377 755
377 782
377 790
377 872
377 931
377 936
377 946
377 970
378 430
378 461
378 574
378 720
378 800
378 805
378 858
378 862
378 980
378 989
378 992
378 999
379 417
379 591
379 743
379 763
379 770
379 794
379 821
379 833
379 843
379 850
379 854
379 916
379 917
379 933
379 934
379 961
380 448
380 495
380 541
380 549
380 553
380 734
380 840
380 860
380 875
380 881
380 885
380 902
380 944
381 392
381 419
381 558
381 650
381 698
381 733
381 823
381 838
381 892
381 898
381 907
381 926
381 971
381 977
382 403
382 407
382 412
382 464
382 562
382 567
382 627
382 646
382 657
382 769
382 774
382 776
382 978
383 398
383 517
383 555
383 607
383 733
383 838
383 892
383 905
383 938
383 958
383 976
383 988
384 454
384 459
384 546
384 550
384 560
384 564
384 669
384 731
384 751
384 754
384 792
384 879
384 986
384 996
385 399
385 603
385 638
385 700
385 706
385 708
385 715
385 775
385 865
385 886
385 931
385 946
386 467
386 505
386 553
386 566
386 582
386 634
386 637
386 640
386 746
386 750
386 840
386 867
386 871
386 913
387 418
387 475
387 490
387 590
387 632
387 653
387 784
387 788
387 844
387 868
387 899
387 913
387 967
389 597
389 630
389 635
389 684
389 719
389 772
389 833
389 903
389 912
389 941
389 964
389 987
390 434
390 548
390 631
390 706
390 764
390 780
390 914
390 928
390 939
390 942
390 952
390 976
392 395
392 606
392 704
392 878
392 892
392 939
392 948
392 981
392 983
393 446
393 537
393 551
393 557
393 597
393 601
393 630
393 635
393 684
393 719
393 903
393 964
393 987
394 579
394 585
394 600
394 676
394 713
394 721
394 777
394 830
394 854
394 865
394 874
394 978
395 402
395 482
395 544
395 639
395 700
395 736
395 741
395 910
396 429
396 470
396 473
396 505
396 529
396 586
396 587
396 619
396 666
396 729
396 735
396 909
398 492
398 555
398 558
398 590
398 796
398 811
398 923
398 958
398 981
398 983
398 998
399 577
399 583
399 620
399 659
399 665
399 755
399 782
399 830
399 835
399 931
399 936
400 523
400 526
400 543
400 617
400 643
400 675
400 737
400 742
400 753
400 837
400 846
400 882
401 459
401 473
401 532
401 554
401 625
401 655
401 712
401 760
401 789
401 814
401 824
401 855
401 857
401 912
402 639
402 700
402 736
402 741
402 825
402 910
403 464
403 478
403 519
403 520
403 627
403 636
403 657
403 713
403 768
403 769
403 774
403 776
403 893
403 978
404 502
404 525
404 723
404 734
404 757
404 881
404 885
404 895
404 902
404 940
404 944
404 989
405 443
405 524
405 575
405 648
405 663
405 672
405 692
405 801
405 804
405 855
405 872
405 954
406 455
406 498
406 540
406 550
406 652
406 697
406 795
406 798
406 864
406 876
406 894
406 988
407 434
407 438
407 497
407 519
407 520
407 657
407 675
407 769
407 774
407 776
407 808
407 978
408 556
408 646
408 676
408 683
408 688
408 691
408 714
408 726
408 849
408 906
408 908
408 956
408 993
409 428
409 476
409 487
409 531
409 652
409 672
409 687
409 753
409 813
409 873
409 890
409 938
409 949
410 423
410 428
410 474
410 484
410 617
410 639
410 641
410 675
410 728
410 737
410 837
410 846
410 882
410 966
411 566
411 656
411 667
411 734
411 737
411 746
411 748
411 750
411 836
411 840
411 867
411 871
412 438
412 519
412 520
412 591
412 627
412 636
412 657
412 769
412 771
412 774
412 776
412 793
412 873
412 978
413 427
413 507
413 527
413 573
413 618
413 682
413 803
413 808
413 836
413 847
413 870
413 897
413 921
414 473
414 532
414 756
414 760
414 766
414 768
414 789
414 814
414 824
414 855
414 856
414 910
414 912
414 931
415 421
415 432
415 463
415 482
415 576
415 622
415 670
415 712
415 730
415 740
415 781
415 889
415 904
415 918
416 472
416 493
416 528
416 709
416 796
416 825
416 839
416 852
416 857
416 911
416 924
416 963
416 990
416 994
416 995
417 466
417 512
417 743
417 763
417 879
417 900
417 901
417 917
417 929
417 933
417 934
417 966
418 536
418 577
418 632
418 633
418 653
418 779
418 784
418 833
418 844
418 868
418 899
418 913
418 967
419 477
419 517
419 576
419 698
419 704
419 823
419 838
419 897
419 905
419 938
419 939
419 948
419 957
419 968
420 448
420 452
420 486
420 495
420 514
420 525
420 553
420 654
420 655
420 723
420 860
420 895
420 926
420 940
420 944
421 463
421 521
421 554
421 563
421 576
421 580
421 586
421 620
421 622
421 712
421 740
421 781
421 786
421 889
421 904
421 918
422 472
422 601
422 624
422 773
422 825
422 826
422 839
422 852
422 872
422 893
422 899
422 963
422 990
422 994
422 995
423 457
423 484
423 526
423 543
423 641
423 643
423 715
423 728
423 742
423 805
423 837
423 846
423 882
423 888
424 571
424 592
424 644
424 752
424 757
424 775
424 786
424 814
424 818
424 831
424 932
424 979
424 982
424 986
425 436
425 647
425 711
425 720
425 767
425 788
425 819
425 820
425 888
425 896
425 915
425 955
426 437
426 498
426 537
426 608
426 662
426 683
426 725
426 758
426 842
426 882
426 919
426 937
426 947
426 966
426 973
426 977
426 991
427 507
427 527
427 547
427 573
427 618
427 682
427 803
427 808
427 836
427 847
427 983
428 488
428 513
428 572
428 652
428 687
428 727
428 753
428 813
428 873
428 890
428 949
429 470
429 493
429 504
429 505
429 529
429 586
429 619
429 666
429 690
429 729
429 909
429 913
430 574
430 744
430 748
430 778
430 862
430 870
430 908
430 968
430 980
430 989
430 992
430 999
431 460
431 538
431 581
431 614
431 662
431 718
431 725
431 842
431 866
431 919
431 947
431 973
431 977
432 463
432 465
432 563
432 576
432 580
432 622
432 712
432 781
432 888
432 889
432 892
432 904
432 918
433 458
433 462
433 599
433 685
433 815
433 866
433 886
433 920
433 924
433 959
433 1000
434 457
434 461
434 473
434 501
434 611
434 730
434 738
434 780
434 942
434 952
434 974
434 976
435 530
435 592
435 600
435 752
435 786
435 799
435 802
435 816
435 831
435 917
435 927
435 932
435 986
436 469
436 505
436 545
436 623
436 788
436 790
436 810
436 820
436 829
436 845
436 955
436 970
436 996
437 460
437 554
437 602
437 608
437 688
437 758
437 842
437 866
437 897
437 919
437 927
437 937
437 966
437 973
437 977
438 464
438 497
438 519
438 520
438 591
438 627
438 657
438 769
438 774
438 949
438 978
439 444
439 447
439 508
439 544
439 559
439 566
439 585
439 600
439 710
439 713
439 721
439 797
439 827
440 650
440 729
440 823
440 834
440 877
440 898
440 907
440 941
440 958
440 971
440 983
441 637
441 678
441 693
441 701
441 706
441 785
441 821
441 859
441 861
441 921
441 926
441 956
441 972
442 469
442 545
442 568
442 623
442 671
442 673
442 674
442 698
442 814
442 819
442 820
442 829
442 845
442 888
442 896
442 982
442 997
443 507
443 575
443 648
443 663
443 672
443 790
443 801
443 804
443 886
443 954
444 544
444 713
444 721
444 746
444 797
444 827
444 854
444 874
444 948
444 959
445 492
445 504
445 544
445 579
445 596
445 655
445 710
445 769
445 777
445 797
445 830
445 854
445 874
445 967
446 468
446 630
446 635
446 684
446 719
446 772
446 881
446 903
446 956
446 964
446 987
447 497
447 585
447 600
447 676
447 713
447 824
447 830
447 881
448 502
448 708
448 734
448 771
448 843
448 860
448 881
448 885
448 895
448 902
448 940
449 454
449 485
449 546
449 560
449 663
449 731
449 751
449 754
449 792
449 879
449 941
449 979
449 996
450 593
450 598
450 645
450 654
450 661
450 681
450 694
450 699
450 733
450 795
450 848
450 950
450 985
451 522
451 565
451 569
451 647
451 707
451 711
451 767
451 810
451 819
451 820
451 930
451 955
452 456
452 495
452 549
452 734
452 771
452 885
452 895
452 896
452 940
452 964
453 610
453 739
453 749
453 762
453 787
453 793
453 812
453 863
453 869
453 884
453 899
453 903
453 908
453 943
453 951
454 467
454 509
454 560
454 564
454 669
454 731
454 751
454 754
454 761
454 879
454 904
454 996
455 540
455 658
455 677
455 687
455 697
455 705
455 795
455 798
455 864
455 876
455 887
455 894
455 988
456 593
456 625
456 628
456 645
456 654
456 661
456 681
456 848
456 922
456 950
456 985
457 474
457 617
457 641
457 643
457 647
457 728
457 737
457 742
457 837
457 846
457 882
457 981
458 462
458 477
458 509
458 599
458 651
458 685
458 747
458 815
458 920
458 959
458 1000
459 512
459 615
459 692
459 756
459 760
459 789
459 824
459 855
459 857
459 869
459 912
460 538
460 600
460 758
460 866
460 904
460 919
460 937
460 946
460 947
460 966
460 973
460 977
460 991
461 574
461 744
461 774
461 800
461 805
461 809
461 862
461 870
461 968
461 980
461 989
461 992
461 999
462 464
462 599
462 685
462 707
462 811
462 815
462 822
462 920
462 959
462 1000
463 482
463 521
463 563
463 580
463 622
463 712
463 740
463 781
463 810
463 889
463 904
463 918
464 520
464 557
464 562
464 591
464 627
464 657
464 774
464 776
464 864
464 885
464 978
465 506
465 528
465 537
465 595
465 745
465 806
465 828
465 841
465 960
466 737
466 794
466 807
466 833
466 843
466 929
466 933
466 934
466 961
467 534
467 566
467 582
467 634
467 656
467 667
467 746
467 750
467 840
467 867
467 871
468 551
468 557
468 597
468 635
468 684
468 694
468 716
468 719
468 772
468 822
468 903
468 964
468 987
469 511
469 524
469 536
469 565
469 568
469 788
469 810
469 819
469 820
469 829
469 885
469 891
470 505
470 529
470 587
470 619
470 642
470 690
470 729
470 829
470 909
470 925
471 588
471 612
471 655
471 744
471 748
471 800
471 809
471 858
471 862
471 870
471 911
471 968
471 980
471 989
471 992
471 999
472 521
472 601
472 624
472 773
472 825
472 826
472 839
472 872
472 911
472 924
472 963
472 990
472 994
472 995
473 554
473 692
473 760
473 768
473 789
473 814
473 855
473 856
473 857
473 912
474 484
474 496
474 543
474 617
474 675
474 728
474 737
474 837
474 845
474 846
474 882
474 962
475 494
475 527
475 609
475 633
475 653
475 757
475 779
475 784
475 844
475 868
475 899
475 913
475 967
476 487
476 488
476 531
476 605
476 687
476 688
476 713
476 753
476 813
476 873
476 890
476 915
476 949
477 604
477 607
477 662
477 680
477 750
477 823
477 878
477 892
477 941
477 948
477 957
477 958
478 555
478 590
478 626
478 636
478 704
478 733
478 770
478 823
478 851
478 905
478 907
478 938
478 941
478 971
478 981
479 571
479 743
479 759
479 770
479 807
479 833
479 850
479 900
479 901
479 916
479 917
479 933
479 934
479 961
480 506
480 533
480 537
480 619
480 641
480 714
480 745
480 806
480 828
480 841
480 960
480 994
481 483
481 484
481 498
481 518
481 533
481 548
481 611
481 722
481 738
481 875
481 883
481 942
481 974
481 976
482 521
482 580
482 622
482 670
482 712
482 740
482 781
482 889
482 904
482 914
482 918
482 946
482 978
483 501
483 525
483 611
483 722
483 738
483 875
483 914
483 942
483 969
483 974
483 984
484 523
484 543
484 617
484 643
484 675
484 719
484 728
484 737
484 742
484 837
484 882
485 546
485 560
485 669
485 708
485 754
485 761
485 792
485 879
485 914
485 960
485 980
485 996
486 495
486 541
486 545
486 549
486 553
486 629
486 655
486 771
486 860
486 881
486 885
486 892
486 895
486 944
486 989
487 513
487 572
487 605
487 632
487 652
487 727
487 753
487 813
487 873
487 890
487 898
487 949
488 572
488 605
488 652
488 676
488 687
488 727
488 873
488 889
488 890
488 916
488 949
489 561
489 573
489 602
489 662
489 670
489 725
489 866
489 897
489 919
489 937
489 947
489 948
489 964
489 966
489 973
489 977
489 991
490 535
490 577
490 691
490 694
490 735
490 775
490 782
490 790
490 792
490 821
490 832
490 865
490 886
490 931
490 946
490 997
491 492
491 517
491 559
491 650
491 680
491 823
491 834
491 892
491 906
491 923
491 939
491 948
491 964
491 971
491 983
491 998
492 504
492 508
492 559
492 676
492 710
492 721
492 777
492 797
492 827
492 874
492 1000
493 505
493 529
493 570
493 586
493 587
493 619
493 642
493 666
493 690
493 729
493 813
493 909
493 923
494 557
494 610
494 633
494 653
494 779
494 784
494 844
494 850
494 858
494 868
494 899
494 913
494 967
495 502
495 525
495 553
495 655
495 739
495 777
495 860
495 881
495 895
495 940
496 634
496 637
496 640
496 656
496 667
496 746
496 750
496 840
496 867
496 871
496 955
497 505
497 562
497 591
497 627
497 636
497 657
497 769
497 774
497 776
497 956
497 973
497 978
498 518
498 578
498 595
498 722
498 780
498 791
498 914
498 915
498 928
498 969
498 976
499 547
499 644
499 702
499 746
499 752
499 757
499 799
499 818
499 831
499 922
499 927
499 932
499 979
499 982
499 983
499 986
499 997
500 502
500 541
500 638
500 655
500 723
500 734
500 771
500 826
500 895
500 902
500 944
500 982
501 518
501 536
501 595
501 631
501 707
501 722
501 738
501 758
501 791
501 875
501 883
501 928
501 942
502 541
502 549
502 723
502 734
502 779
502 885
502 895
502 902
502 944
502 955
503 535
503 577
503 583
503 638
503 659
503 664
503 678
503 688
503 708
503 735
503 821
503 832
503 858
503 931
503 936
503 946
503 970
504 559
504 600
504 710
504 721
504 777
504 797
504 827
504 830
504 856
504 874
505 529
505 586
505 587
505 619
505 642
505 690
505 729
505 909
506 533
506 537
506 745
506 806
506 828
506 841
506 864
506 960
506 963
507 527
507 573
507 618
507 641
507 682
507 803
507 808
507 836
507 847
507 855
508 541
508 568
508 579
508 585
508 676
508 713
508 759
508 827
508 830
508 874
509 562
509 815
509 899
509 920
509 959
509 1000
510 593
510 625
510 628
510 645
510 654
510 661
510 681
510 699
510 723
510 848
510 950
510 951
510 985
511 522
511 621
511 622
511 647
511 691
511 695
511 711
511 820
511 845
511 887
511 888
511 891
511 896
511 922
511 930
511 955
511 997
512 646
512 743
512 750
512 794
512 807
512 843
512 850
512 900
512 901
512 916
512 933
512 934
512 961
513 572
513 687
513 727
513 753
513 792
513 873
513 890
513 907
513 920
513 936
513 949
514 620
514 659
514 665
514 669
514 696
514 708
514 775
514 790
514 812
514 826
514 832
514 865
514 886
514 925
514 946
514 970
515 538
515 608
515 716
515 724
515 758
515 842
515 884
515 897
515 919
515 937
515 966
515 973
515 977
515 991
516 520
516 542
516 570
516 574
516 575
516 626
516 629
516 660
516 703
516 705
516 718
516 747
516 765
516 822
516 945
516 962
516 975
516 992
517 650
517 733
517 796
517 811
517 823
517 838
517 878
517 905
517 923
517 958
517 971
517 986
518 683
518 706
518 707
518 764
518 791
518 837
518 883
518 914
518 928
518 942
518 952
518 969
518 976
519 521
519 561
519 562
519 591
519 627
519 657
519 769
519 774
519 776
519 837
519 889
519 978
520 591
520 627
520 636
520 697
520 769
520 857
520 978
521 543
521 563
521 576
521 580
521 600
521 670
521 740
521 781
521 889
521 904
521 918
522 623
522 673
522 674
522 711
522 724
522 788
522 820
522 848
522 887
522 888
522 930
522 955
522 997
523 526
523 543
523 617
523 643
523 675
523 703
523 728
523 737
523 742
523 837
523 846
523 882
523 934
523 943
524 575
524 616
524 648
524 663
524 672
524 801
524 804
524 954
525 723
525 739
525 860
525 866
525 881
525 885
525 895
525 902
525 940
525 944
526 543
526 554
526 617
526 641
526 643
526 675
526 728
526 737
526 742
526 766
526 837
526 846
526 955
527 573
527 618
527 682
527 803
527 808
527 836
527 847
527 998
528 560
528 624
528 749
528 773
528 826
528 852
528 893
528 911
528 924
528 938
528 963
528 990
528 994
528 995
529 535
529 587
529 619
529 642
529 666
529 690
529 729
529 859
529 909
530 547
530 752
530 781
530 786
530 799
530 813
530 816
530 818
530 922
530 927
530 932
530 979
531 572
531 652
531 687
531 727
531 738
531 753
531 813
531 873
531 890
531 949
531 990
532 554
532 615
532 692
532 728
532 756
532 760
532 768
532 789
532 855
532 856
532 857
532 907
533 649
533 745
533 806
533 822
533 828
533 841
533 875
533 960
534 538
534 567
534 568
534 621
534 623
534 647
534 671
534 783
534 788
534 819
534 820
534 845
534 915
534 930
534 955
535 583
535 694
535 755
535 782
535 790
535 821
535 832
535 909
535 931
535 936
535 946
535 970
536 569
536 589
536 616
536 678
536 693
536 701
536 706
536 785
536 859
536 861
536 921
536 926
536 956
536 972
537 599
537 739
537 745
537 806
537 828
537 841
537 960
538 539
538 662
538 716
538 725
538 759
538 842
538 851
538 919
538 937
538 947
538 955
538 966
538 977
538 991
539 602
539 608
539 689
539 724
539 725
539 842
539 866
539 891
539 897
539 919
539 947
539 966
539 973
539 977
539 991
539 1000
540 550
540 658
540 677
540 697
540 795
540 798
540 821
540 824
540 864
540 876
540 894
540 945
540 988
541 549
541 655
541 685
541 734
541 771
541 797
541 860
541 940
541 944
542 570
542 626
542 629
542 660
542 703
542 705
542 718
542 726
542 740
542 747
542 765
542 822
542 945
542 962
542 975
543 617
543 641
543 728
543 737
543 832
543 837
543 846
543 878
543 882
544 549
544 664
544 713
544 777
544 797
544 827
544 854
544 874
545 623
545 673
545 767
545 783
545 788
545 810
545 845
545 881
545 891
545 896
545 915
545 997
546 560
546 564
546 626
546 669
546 707
546 731
546 751
546 754
546 761
546 863
546 879
546 919
546 996
547 551
547 571
547 713
547 752
547 799
547 802
547 818
547 835
547 839
547 922
547 927
547 979
547 982
547 984
547 986
548 552
548 595
548 597
548 707
548 764
548 791
548 792
548 858
548 878
548 914
548 942
548 969
548 974
548 976
549 553
549 771
549 840
549 860
549 881
549 885
549 902
549 940
550 644
550 677
550 697
550 795
550 798
550 864
550 876
550 894
550 988
551 578
551 593
551 597
551 630
551 635
551 677
551 684
551 719
551 772
551 903
551 964
551 987
552 611
552 631
552 721
552 730
552 764
552 815
552 875
552 914
552 928
552 942
552 952
552 969
552 977
553 655
553 745
553 860
553 895
553 902
553 976
553 985
554 692
554 760
554 766
554 768
554 814
554 855
554 912
555 658
555 679
555 704
555 803
555 823
555 877
555 909
555 923
555 938
555 939
555 941
555 948
555 983
556 646
556 683
556 688
556 691
556 714
556 726
556 728
556 810
556 849
556 906
556 974
556 993
557 597
557 630
557 684
557 719
557 772
557 799
557 903
557 961
557 964
557 987
558 733
558 794
558 834
558 838
558 852
558 877
558 898
558 905
558 907
558 918
558 938
558 939
558 958
558 981
559 579
559 600
559 676
559 710
559 721
559 827
559 854
559 907
560 564
560 574
560 731
560 751
560 792
560 879
560 954
560 964
560 996
561 602
561 608
561 614
561 625
561 689
561 716
561 724
561 866
561 919
561 937
561 947
561 966
561 973
561 977
561 992
562 591
562 618
562 627
562 636
562 657
562 769
562 774
562 776
562 926
562 978
562 987
563 576
563 622
563 670
563 712
563 740
563 748
563 781
563 867
563 889
563 904
563 918
564 685
564 731
564 751
564 754
564 761
564 792
564 804
564 879
564 885
564 996
565 609
565 674
565 767
565 817
565 819
565 820
565 829
565 887
565 888
565 891
565 896
565 915
565 946
565 955
565 972
565 997
566 634
566 637
566 640
566 656
566 667
566 746
566 792
566 840
566 867
566 871
566 946
567 568
567 584
567 715
567 817
567 981
568 627
568 674
568 711
568 767
568 788
568 810
568 819
568 888
568 896
568 915
568 955
569 589
569 616
569 678
569 693
569 701
569 706
569 785
569 859
569 861
569 921
569 926
569 956
569 967
569 972
570 626
570 629
570 660
570 703
570 705
570 718
570 747
570 765
570 768
570 822
570 941
570 945
570 962
570 975
571 592
571 596
571 702
571 757
571 786
571 799
571 816
571 818
571 831
571 922
571 979
571 982
571 984
571 999
572 605
572 642
572 727
572 753
572 813
572 873
572 890
572 949
572 990
572 993
573 618
573 682
573 803
573 808
573 836
573 847
573 876
573 918
574 612
574 714
574 720
574 748
574 805
574 809
574 862
574 968
574 980
574 989
574 992
574 999
575 648
575 663
575 672
575 801
575 804
575 917
575 954
575 966
576 580
576 670
576 712
576 737
576 740
576 781
576 827
576 889
576 904
576 918
576 948
577 603
577 649
577 664
577 755
577 821
577 832
577 865
577 886
577 931
577 936
577 946
577 952
577 970
577 998
578 611
578 627
578 631
578 651
578 707
578 730
578 738
578 780
578 883
578 899
578 914
578 942
578 969
578 974
578 976
579 600
579 676
579 692
579 713
579 721
579 766
579 777
579 797
579 830
579 854
579 906
579 985
580 582
580 622
580 666
580 670
580 740
580 781
580 889
580 904
580 918
581 602
581 614
581 716
581 724
581 725
581 789
581 807
581 842
581 866
581 897
581 919
581 947
581 966
581 973
581 977
581 991
582 586
582 634
582 637
582 640
582 656
582 667
582 746
582 750
582 798
582 840
582 867
582 871
582 985
583 620
583 649
583 695
583 696
583 708
583 735
583 830
583 844
583 865
583 886
583 936
583 970
584 672
584 715
584 812
584 817
584 974
585 589
585 591
585 710
585 721
585 797
585 830
585 865
585 874
585 980
586 619
586 642
586 666
586 690
586 729
586 909
587 619
587 642
587 666
587 690
587 729
587 788
587 874
587 909
587 937
588 612
588 748
588 778
588 800
588 805
588 809
588 833
588 858
588 862
588 870
588 901
588 926
588 968
588 980
588 989
588 992
588 999
589 616
589 621
589 678
589 693
589 701
589 706
589 785
589 818
589 859
589 861
589 893
589 921
589 926
589 956
589 972
590 698
590 704
590 823
590 838
590 851
590 878
590 905
590 907
590 923
590 948
590 981
591 626
591 627
591 636
591 657
591 754
591 769
591 774
591 776
591 978
592 594
592 648
592 668
592 702
592 802
592 816
592 818
592 835
592 922
592 927
592 932
592 979
592 993
593 625
593 651
593 654
593 661
593 699
593 848
593 878
593 950
593 985
594 603
594 620
594 629
594 659
594 695
594 696
594 726
594 775
594 782
594 821
594 832
594 925
594 946
594 970
595 616
595 738
595 772
595 875
595 928
595 929
595 952
595 969
595 974
595 976
596 606
596 679
596 811
596 838
596 877
596 907
596 923
596 938
596 941
596 957
596 981
596 983
596 986
596 998
597 630
597 684
597 719
597 772
597 828
597 903
597 964
597 987
598 625
598 645
598 654
598 661
598 681
598 699
598 848
598 950
598 951
598 985
599 685
599 764
599 798
599 815
599 846
599 920
599 959
599 1000
600 777
600 797
600 827
600 830
600 854
600 961
601 606
601 711
601 796
601 825
601 826
601 839
601 852
601 872
601 893
601 894
601 911
601 963
601 990
601 994
601 995
602 614
602 662
602 689
602 716
602 724
602 725
602 815
602 819
602 866
602 947
602 977
602 991
603 617
603 620
603 638
603 659
603 664
603 694
603 775
603 782
603 886
603 919
603 925
603 930
603 936
603 970
604 607
604 618
604 679
604 680
604 795
604 823
604 834
604 907
604 938
604 939
604 948
604 958
604 983
605 652
605 727
605 753
605 813
605 856
605 873
605 890
605 949
605 970
606 675
606 704
606 811
606 878
606 892
606 938
606 957
606 958
606 981
606 983
606 998
607 698
607 838
607 851
607 878
607 892
607 898
607 907
607 923
607 948
607 971
607 972
607 983
607 998
608 614
608 659
608 689
608 716
608 758
608 866
608 897
608 919
608 937
608 947
608 987
609 632
609 633
609 653
609 660
609 750
609 779
609 784
609 844
609 868
609 899
609 913
609 967
610 682
610 739
610 749
610 762
610 787
610 793
610 808
610 812
610 863
610 869
610 884
610 908
610 943
610 951
610 984
611 631
611 707
611 722
611 883
611 928
611 942
611 969
611 974
611 982
611 995
612 670
612 744
612 748
612 769
612 778
612 805
612 809
612 858
612 861
612 870
612 968
612 971
612 980
612 989
612 992
612 999
614 689
614 716
614 724
614 725
614 866
614 919
614 942
614 966
614 973
614 991
615 692
615 736
615 760
615 766
615 768
615 789
615 814
615 838
615 856
615 857
615 870
615 912
616 693
616 701
616 706
616 785
616 859
616 861
616 887
616 921
616 926
616 956
616 972
616 978
617 641
617 675
617 728
617 742
617 784
617 796
617 837
617 846
617 882
618 647
618 682
618 773
618 803
618 808
618 836
618 847
619 642
619 666
619 669
619 690
619 729
619 909
619 995
620 664
620 665
620 695
620 775
620 782
620 865
620 884
620 886
620 925
620 936
620 946
620 969
620 970
621 671
621 711
621 781
621 783
621 788
621 829
621 888
621 896
621 915
621 930
621 955
621 997
622 670
622 712
622 740
622 781
622 887
622 889
622 904
622 918
622 970
623 647
623 767
623 783
623 788
623 819
623 829
623 834
623 891
623 896
623 915
623 930
623 976
623 997
624 698
624 709
624 716
624 787
624 800
624 826
624 839
624 852
624 872
624 893
624 911
624 924
624 963
624 994
625 628
625 654
625 661
625 681
625 848
625 950
625 985
626 629
626 660
626 703
626 705
626 718
626 747
626 765
626 822
626 890
626 945
626 962
626 975
627 628
627 636
627 725
627 774
627 776
627 978
628 645
628 661
628 681
628 699
628 745
628 798
628 950
628 985
628 992
629 660
629 703
629 705
629 718
629 743
629 747
629 765
629 822
629 867
629 945
629 962
629 975
630 635
630 684
630 719
630 772
630 804
630 903
630 911
630 964
630 987
631 651
631 730
631 764
631 791
631 875
631 914
631 928
631 932
631 947
631 964
631 971
631 976
632 633
632 653
632 774
632 779
632 844
632 868
632 899
632 913
632 967
633 636
633 653
633 779
633 784
633 789
633 844
633 868
633 899
633 913
633 967
633 988
634 637
634 640
634 656
634 667
634 746
634 750
634 840
634 867
634 871
634 873
634 883
634 918
635 684
635 734
635 772
635 854
635 903
635 964
635 987
636 641
636 657
636 769
636 774
636 776
636 826
636 978
637 640
637 656
637 667
637 746
637 840
637 861
637 867
637 871
637 955
638 665
638 695
638 696
638 704
638 735
638 755
638 775
638 821
638 832
638 865
638 886
638 887
638 922
638 936
638 946
638 970
639 700
639 736
639 741
639 746
639 910
640 656
640 724
640 746
640 750
640 840
640 845
640 867
640 871
640 883
640 896
641 643
641 675
641 737
641 769
641 837
641 846
641 882
642 666
642 690
642 729
642 852
642 909
642 943
643 675
643 728
643 737
643 742
643 818
643 837
643 846
643 861
643 866
643 882
643 973
644 661
644 668
644 702
644 757
644 802
644 816
644 818
644 831
644 851
644 927
644 932
644 977
644 982
644 986
645 661
645 681
645 699
645 721
645 848
645 950
645 973
645 985
645 991
645 997
646 683
646 688
646 691
646 714
646 726
646 783
646 849
646 906
646 960
646 993
647 673
647 785
647 810
647 829
647 888
647 891
647 896
647 915
647 955
647 997
648 663
648 672
648 752
648 787
648 801
648 804
648 818
648 954
649 659
649 661
649 664
649 695
649 708
649 735
649 743
649 755
649 782
649 790
649 865
649 925
649 931
649 958
649 970
650 679
650 695
650 807
650 811
650 851
650 877
650 898
650 938
650 939
650 948
650 981
650 998
651 671
651 722
651 738
651 764
651 780
651 791
651 875
651 928
651 952
651 969
651 974
651 976
652 658
652 687
652 727
652 813
652 873
652 877
652 890
652 949
653 698
653 779
653 784
653 818
653 844
653 868
653 899
653 913
653 967
653 988
654 661
654 681
654 848
654 905
654 950
654 967
654 985
655 723
655 734
655 771
655 885
655 895
655 940
655 944
656 667
656 705
656 746
656 750
656 766
656 791
656 816
656 840
656 867
656 871
657 673
657 733
657 769
657 774
657 776
657 850
657 875
657 978
658 677
658 697
658 795
658 798
658 864
658 876
658 882
658 894
658 988
659 696
659 735
659 775
659 821
659 831
659 832
659 863
659 865
659 886
659 925
659 931
659 946
660 703
660 705
660 718
660 747
660 765
660 822
660 930
660 945
660 962
660 975
661 681
661 699
661 786
661 848
661 950
661 985
662 668
662 671
662 716
662 724
662 725
662 763
662 842
662 897
662 919
662 937
662 947
662 966
662 973
662 977
662 991
663 672
663 716
663 733
663 801
663 804
663 913
663 954
664 665
664 694
664 790
664 821
664 856
664 865
664 872
664 925
664 932
664 936
664 946
664 970
665 696
665 708
665 775
665 782
665 816
665 832
665 902
665 925
665 936
665 946
665 960
665 970
666 681
666 690
666 729
666 786
666 815
666 909
667 746
667 750
667 793
667 805
667 840
667 867
667 871
667 895
667 957
668 702
668 715
668 735
668 752
668 757
668 786
668 802
668 818
668 831
668 922
668 932
668 982
668 984
668 986
669 731
669 751
669 754
669 761
669 792
669 879
669 996
670 712
670 740
670 779
670 781
670 889
670 904
670 918
670 936
671 674
671 711
671 819
671 820
671 829
671 887
671 891
671 896
671 915
671 930
671 955
671 997
672 801
672 804
672 951
672 954
672 979
673 767
673 788
673 810
673 819
673 887
673 930
673 997
674 767
674 783
674 788
674 820
674 845
674 887
674 888
674 915
674 930
674 955
674 971
674 987
675 728
675 737
675 742
675 837
675 846
675 882
675 936
676 713
676 721
676 785
676 797
676 827
676 854
676 874
676 883
676 966
677 697
677 699
677 795
677 798
677 864
677 876
677 894
677 987
677 988
678 681
678 693
678 701
678 706
678 785
678 843
678 859
678 861
678 896
678 921
678 926
678 956
678 972
679 680
679 733
679 823
679 832
679 838
679 852
679 898
679 900
679 908
679 941
679 957
679 971
679 981
679 998
680 704
680 733
680 805
680 823
680 835
680 838
680 851
680 878
680 889
680 892
680 898
680 938
680 957
680 981
680 983
680 984
681 699
681 848
681 950
681 985
682 684
682 687
682 803
682 808
682 836
682 847
682 870
683 688
683 691
683 714
683 726
683 830
683 849
683 864
683 906
683 993
684 719
684 772
684 785
684 811
684 903
684 964
684 987
685 696
685 815
685 920
685 944
685 959
685 1000
687 727
687 753
687 813
687 873
687 890
687 949
688 691
688 714
688 726
688 728
688 849
688 906
688 907
688 993
689 724
689 725
689 843
689 866
689 877
689 897
689 911
689 919
689 937
689 947
689 966
689 973
689 977
690 692
690 729
690 813
690 887
690 889
690 909
691 714
691 726
691 849
691 906
691 909
691 993
692 760
692 766
692 768
692 824
692 855
692 856
692 857
692 912
693 701
693 706
693 780
693 785
693 829
693 859
693 861
693 921
693 926
693 956
693 972
694 695
694 696
694 703
694 708
694 735
694 765
694 782
694 865
694 925
694 931
694 936
694 946
694 970
694 994
695 708
695 735
695 755
695 775
695 782
695 790
695 821
695 865
695 886
695 926
695 931
695 936
695 970
696 709
696 735
696 755
696 782
696 821
696 832
696 868
696 886
696 925
696 931
696 936
696 946
697 705
697 795
697 798
697 864
697 876
697 894
697 988
698 805
698 811
698 834
698 838
698 923
698 938
698 983
698 998
699 804
699 848
699 950
699 985
700 736
700 741
700 755
700 860
700 910
701 706
701 742
701 785
701 859
701 861
701 883
701 921
701 926
701 956
701 972
702 779
702 786
702 818
702 835
702 839
702 922
702 927
702 982
702 984
702 986
703 705
703 718
703 747
703 753
703 765
703 822
703 938
703 945
703 962
703 975
704 808
704 811
704 878
704 905
704 938
704 948
704 957
704 971
704 981
704 990
704 998
705 718
705 747
705 765
705 785
705 822
705 945
705 962
705 975
706 727
706 785
706 859
706 861
706 921
706 926
706 956
706 972
707 764
707 791
707 875
707 883
707 914
707 942
707 952
707 969
707 974
708 735
708 790
708 832
708 865
708 886
708 894
708 925
708 946
708 970
709 773
709 783
709 796
709 825
709 826
709 839
709 852
709 872
709 924
709 955
709 979
709 990
709 994
709 995
710 721
710 777
710 807
710 827
710 830
710 832
710 854
710 868
710 874
711 767
711 819
711 820
711 891
711 915
711 983
711 997
712 715
712 719
712 740
712 781
712 825
712 889
712 904
712 918
713 721
713 777
713 827
713 830
713 874
714 726
714 849
714 906
714 993
715 817
715 901
716 724
716 758
716 800
716 842
716 897
716 966
716 973
716 991
718 747
718 765
718 822
718 835
718 928
718 945
718 962
718 975
718 981
719 772
719 903
719 964
719 987
720 744
720 769
720 800
720 801
720 805
720 809
720 858
720 862
720 939
720 968
720 980
720 989
720 992
720 999
721 777
721 812
721 827
721 830
721 854
721 874
721 885
722 730
722 738
722 764
722 787
722 883
722 914
722 928
722 952
722 969
722 974
722 992
723 726
723 771
723 799
723 860
723 885
723 890
723 895
723 902
723 944
724 796
724 866
724 897
724 937
724 947
724 966
724 973
724 977
724 991
725 757
725 789
725 866
725 884
725 897
725 919
725 947
725 966
725 977
725 991
726 731
726 849
726 906
726 944
726 993
727 729
727 753
727 813
727 835
727 873
727 890
727 949
728 731
728 742
728 837
728 846
728 882
728 1000
729 730
729 874
729 909
730 753
730 764
730 780
730 791
730 875
730 910
730 928
730 942
730 952
730 969
730 974
730 976
731 751
731 754
731 761
731 782
731 792
731 797
731 879
731 996
733 812
733 838
733 851
733 905
733 923
733 939
733 957
733 971
733 998
734 860
734 881
734 885
734 895
734 902
734 934
734 944
735 755
735 775
735 821
735 865
735 875
735 925
735 927
735 936
735 946
736 741
736 775
736 910
736 995
737 742
737 837
737 846
737 882
737 888
737 921
738 791
738 862
738 909
738 928
738 942
738 952
738 974
738 976
738 991
739 749
739 762
739 768
739 787
739 793
739 812
739 863
739 869
739 884
739 897
739 908
739 943
739 951
740 781
740 889
740 904
740 918
740 942
741 744
741 910
741 934
742 786
742 837
742 846
742 882
742 952
743 770
743 794
743 829
743 833
743 850
743 855
743 900
743 901
743 916
743 917
743 929
743 933
743 934
743 961
743 973
744 778
744 797
744 800
744 805
744 809
744 858
744 870
744 968
744 980
744 988
744 989
744 992
744 999
745 806
745 810
745 822
745 828
745 841
745 960
746 750
746 751
746 840
746 867
746 871
746 928
747 749
747 765
747 822
747 902
747 945
747 962
747 975
748 769
748 778
748 800
748 805
748 858
748 862
748 870
748 900
748 968
748 970
748 980
748 989
748 992
748 999
749 762
749 787
749 793
749 812
749 863
749 869
749 884
749 908
749 943
749 951
750 798
750 840
750 867
750 871
751 754
751 761
751 792
751 801
751 879
751 996
752 757
752 802
752 816
752 884
752 927
752 932
752 979
752 982
752 984
752 986
753 813
753 873
753 890
753 949
753 961
753 976
754 761
754 767
754 792
754 879
754 996
755 775
755 782
755 790
755 804
755 832
755 886
755 936
756 760
756 766
756 768
756 814
756 824
756 855
756 856
756 857
756 912
756 945
756 995
756 1000
757 786
757 799
757 802
757 816
757 831
757 835
757 895
757 922
757 927
757 979
757 986
758 771
758 842
758 866
758 897
758 937
758 939
758 947
758 966
758 973
758 977
758 978
758 991
759 763
759 770
759 794
759 807
759 833
759 843
759 850
759 860
759 900
759 901
759 916
759 917
759 929
759 933
759 934
759 961
760 766
760 768
760 781
760 814
760 821
760 824
760 855
760 856
760 912
760 924
760 948
761 792
761 879
761 920
761 996
762 784
762 787
762 793
762 812
762 848
762 862
762 863
762 869
762 884
762 908
762 943
762 951
762 952
762 963
763 770
763 794
763 807
763 825
763 833
763 843
763 900
763 905
763 916
763 917
763 929
763 933
763 934
763 961
763 984
764 776
764 778
764 780
764 914
764 928
764 969
764 976
765 768
765 822
765 865
765 945
765 962
765 975
766 768
766 789
766 814
766 824
766 855
766 856
766 857
766 912
766 941
767 768
767 810
767 820
767 829
767 845
767 848
767 887
767 888
767 891
767 912
767 915
767 930
767 993
768 789
768 824
768 855
768 856
768 912
769 774
769 776
769 816
769 978
770 794
770 807
770 831
770 833
770 843
770 850
770 874
770 901
770 916
770 918
770 929
770 933
770 934
770 961
771 814
771 860
771 868
771 881
771 885
771 902
771 940
772 775
772 782
772 832
772 903
772 964
772 987
773 796
773 826
773 839
773 856
773 872
773 893
773 920
773 963
773 990
773 994
773 995
774 776
774 944
774 978
775 782
775 832
775 865
775 895
775 925
775 931
775 946
775 970
775 994
776 978
777 827
777 854
777 874
777 982
778 800
778 805
778 809
778 858
778 862
778 870
778 873
778 909
778 968
778 980
778 989
778 992
778 999
779 782
779 784
779 844
779 868
779 899
779 913
779 967
780 791
780 865
780 870
780 875
780 906
780 914
780 928
780 952
780 969
780 976
781 834
781 889
781 904
781 918
782 821
782 832
782 925
782 931
782 936
782 946
783 788
783 789
783 810
783 820
783 888
783 891
783 896
783 955
783 997
784 796
784 814
784 844
784 868
784 899
784 913
784 967
785 859
785 861
785 921
785 926
785 956
785 972
786 799
786 802
786 816
786 818
786 927
786 932
786 945
786 982
786 984
786 986
787 791
787 793
787 812
787 863
787 869
787 884
787 908
787 943
787 951
788 810
788 845
788 905
788 915
788 922
788 955
789 814
789 829
789 854
789 855
789 856
789 857
789 912
790 806
790 832
790 865
790 886
790 925
790 931
790 936
790 946
790 959
790 970
791 879
791 883
791 901
791 942
791 952
791 969
791 974
791 976
792 879
792 958
792 996
793 812
793 863
793 869
793 884
793 908
793 937
793 943
793 951
794 833
794 850
794 901
794 903
794 916
794 917
794 929
794 933
794 934
794 961
794 977
795 798
795 862
795 864
795 876
795 894
795 960
795 988
795 999
796 825
796 826
796 839
796 874
796 893
796 911
796 924
796 963
796 990
796 994
796 995
797 827
797 830
797 874
797 974
798 864
798 876
798 894
798 988
798 996
799 802
799 816
799 818
799 831
799 835
799 922
799 927
799 932
799 946
799 969
799 979
799 984
799 997
800 804
800 809
800 858
800 862
800 870
800 904
800 968
800 980
800 989
800 992
800 999
801 804
801 878
801 886
801 927
801 932
801 954
802 816
802 835
802 889
802 922
802 927
802 932
802 974
802 979
802 984
802 986
803 808
803 836
803 847
803 893
803 922
803 939
803 991
804 813
804 954
805 809
805 858
805 862
805 870
805 924
805 968
805 989
805 992
805 999
806 828
806 839
806 841
806 842
806 959
806 960
807 843
807 850
807 873
807 900
807 916
807 929
807 934
807 961
808 836
808 847
808 902
809 855
809 858
809 862
809 870
809 923
809 937
809 959
809 968
809 980
809 989
809 992
809 998
809 999
810 823
810 829
810 845
810 887
810 888
810 896
810 914
810 930
810 955
810 997
811 877
811 878
811 892
811 898
811 907
811 938
811 948
812 863
812 869
812 884
812 908
812 943
812 951
813 873
813 890
813 949
814 824
814 856
814 857
814 912
814 988
815 920
815 928
815 954
815 959
815 1000
816 818
816 835
816 836
816 922
816 927
816 979
816 982
816 984
816 986
817 860
817 872
817 916
817 938
818 824
818 831
818 835
818 922
818 932
818 958
818 979
818 982
818 984
819 829
819 845
819 887
819 888
819 891
819 896
819 906
819 966
820 845
820 890
820 896
820 930
820 955
820 958
820 979
821 832
821 865
821 886
821 914
821 925
821 931
821 936
821 946
821 970
822 936
822 945
822 962
822 975
823 825
823 923
823 938
823 957
823 981
823 998
823 1000
824 855
824 856
824 857
824 912
824 992
825 826
825 852
825 872
825 911
825 963
825 990
825 994
825 995
826 835
826 839
826 852
826 872
826 911
826 924
826 963
826 990
826 994
827 828
827 837
827 854
827 874
828 841
828 955
828 960
829 887
829 896
829 905
829 930
829 955
829 997
830 838
830 854
830 861
830 874
831 839
831 888
831 922
831 979
831 982
831 984
832 865
832 886
832 925
832 936
832 946
832 986
833 843
833 850
833 900
833 929
833 933
833 934
833 961
834 838
834 851
834 877
834 878
834 892
834 898
834 905
834 907
834 917
834 939
834 941
834 957
834 983
835 841
835 922
835 927
835 932
835 979
835 982
835 984
835 986
836 847
836 921
836 998
837 846
837 882
838 860
838 877
838 888
838 898
838 923
838 939
838 957
838 958
839 852
839 893
839 911
839 924
839 950
839 963
839 990
839 994
839 995
840 867
840 871
841 924
841 931
841 933
841 960
842 846
842 851
842 897
842 925
842 937
842 966
842 967
842 973
842 977
842 991
843 900
843 901
843 916
843 917
843 929
843 934
843 961
844 868
844 899
844 913
844 967
844 989
845 887
845 891
845 915
845 930
845 954
845 955
845 977
845 997
846 882
846 924
846 968
846 984
847 863
847 900
847 919
848 877
848 901
848 950
848 985
848 999
849 857
849 906
849 931
849 993
850 901
850 916
850 929
850 933
850 934
850 949
850 961
851 877
851 878
851 898
851 899
851 905
851 907
851 938
851 939
851 941
851 944
851 957
851 958
851 971
851 981
852 872
852 893
852 911
852 924
852 963
852 985
852 990
852 993
852 994
852 995
854 960
855 856
855 857
855 912
855 939
856 857
856 912
857 869
857 912
858 862
858 870
858 922
858 968
858 980
858 989
858 992
858 994
858 999
859 861
859 921
859 926
859 936
859 956
859 972
859 974
859 976
860 881
860 885
860 892
860 895
860 940
860 944
861 921
861 926
861 956
861 972
862 870
862 957
862 968
862 980
862 989
862 992
862 999
863 869
863 884
863 908
863 943
863 946
863 951
864 869
864 876
864 894
864 930
864 988
865 870
865 925
865 931
865 936
865 962
866 897
866 919
866 937
866 966
866 973
866 977
866 980
866 991
867 871
867 879
867 930
867 951
868 899
868 913
868 967
868 971
868 991
869 877
869 884
869 908
869 943
869 951
869 961
870 968
870 980
870 989
870 992
870 999
871 875
872 887
872 893
872 911
872 916
872 924
872 963
872 990
872 994
872 995
873 949
874 987
875 883
875 911
875 952
875 969
875 976
875 996
876 894
876 917
876 929
876 943
876 988
877 878
877 923
877 938
877 939
877 941
877 948
877 958
877 971
877 972
877 975
877 998
878 898
878 907
878 937
878 938
878 941
878 957
878 981
878 983
878 998
879 971
879 994
879 996
881 885
881 896
881 902
881 940
881 944
882 914
882 919
882 920
882 931
883 914
883 928
883 942
883 947
883 952
883 969
883 974
883 976
884 908
884 943
884 951
884 958
884 978
885 895
885 940
885 944
886 925
886 927
886 931
886 946
886 970
886 993
887 891
887 896
887 902
887 930
887 997
888 891
888 930
888 997
889 904
889 918
890 892
890 944
890 949
891 896
891 897
891 913
891 915
892 899
892 923
892 938
892 941
892 957
892 971
892 983
892 998
893 911
893 924
893 963
893 974
893 990
893 994
893 995
894 912
894 913
894 988
895 940
895 969
896 911
896 915
896 930
896 989
896 997
897 937
897 947
897 966
897 973
897 977
897 991
898 905
898 907
898 914
898 921
898 941
898 958
898 983
898 991
898 998
899 913
899 967
900 901
900 916
900 917
900 925
900 933
900 934
900 961
901 916
901 917
901 928
901 929
901 933
901 961
902 933
902 940
902 944
903 920
903 964
903 974
903 987
904 918
904 996
905 939
905 941
905 957
905 958
905 983
905 998
906 912
906 989
906 993
907 923
907 939
907 941
907 948
907 957
907 958
907 983
908 943
908 951
909 910
910 917
910 949
911 924
911 940
911 963
911 994
911 995
913 917
913 967
914 928
914 942
914 952
914 969
914 974
915 922
915 955
915 997
916 917
916 923
916 929
916 934
917 929
917 933
917 934
917 961
917 963
919 937
919 947
919 966
919 973
919 991
920 926
920 959
920 1000
921 925
921 926
921 956
921 972
921 984
922 927
922 932
922 979
922 982
922 984
923 928
923 938
923 939
923 948
923 957
923 958
923 998
924 936
924 963
924 990
924 994
924 995
925 931
925 933
925 936
925 946
925 970
926 956
926 972
927 979
927 982
927 984
927 986
928 952
928 974
929 933
929 934
929 937
929 938
929 949
929 961
930 971
931 932
931 936
931 946
931 961
931 970
931 999
932 934
932 979
932 982
932 984
932 986
933 961
934 942
934 961
936 946
936 970
937 938
937 947
937 962
937 966
937 973
937 977
937 991
938 942
938 948
938 957
938 958
938 971
938 983
939 941
939 971
939 981
940 943
940 944
940 957
941 942
941 943
941 948
941 951
941 957
941 958
941 981
941 998
942 952
942 974
943 951
943 969
944 966
944 971
945 948
945 962
945 975
945 984
945 988
946 970
947 966
947 973
947 991
948 957
948 976
948 981
949 969
950 959
950 985
951 952
952 959
952 974
952 976
954 981
955 997
956 972
956 997
957 958
957 971
957 976
957 981
957 983
957 989
958 962
958 971
958 998
959 1000
962 975
963 990
963 994
963 995
964 970
964 987
966 973
966 977
966 991
967 979
967 996
968 980
968 989
968 992
968 999
969 974
970 971
971 981
971 983
971 998
973 977
974 976
975 981
975 985
977 985
977 991
977 995
979 982
979 984
979 986
980 989
980 992
980 995
980 999
981 998
981 1000
982 984
982 985
982 986
983 989
983 990
983 998
984 986
985 998
988 991
989 992
989 999
990 994
990 995
990 998
992 999
993 999
994 995
