1 264
1 369
1 471
1 732
1 744
1 748
1 858
1 862
1 936
1 953
1 989
1 999
2 497
2 627
2 636
2 657
2 730
2 749
2 769
2 774
2 776
2 854
2 978
3 105
3 162
3 194
3 258
3 273
3 745
3 800
3 806
3 828
3 841
3 864
3 960
4 628
4 654
4 661
4 681
4 699
4 793
4 848
4 911
4 950
4 965
4 984
4 985
5 55
5 450
5 556
5 613
5 648
5 726
5 727
5 849
5 906
5 914
5 965
6 20
6 129
6 370
6 439
6 504
6 544
6 713
6 721
6 827
6 874
6 912
6 997
7 90
7 275
7 416
7 624
7 791
7 852
7 893
7 924
7 963
7 990
7 994
7 995
8 358
8 434
8 552
8 611
8 642
8 723
8 791
8 875
8 942
8 945
8 974
8 989
9 320
9 739
9 762
9 787
9 812
9 869
9 884
9 908
9 909
9 943
9 951
9 993
10 274
10 358
10 416
10 434
10 501
10 552
10 738
10 773
10 874
10 928
10 942
10 974
11 682
11 709
11 773
11 796
11 825
11 924
11 931
11 963
11 990
11 993
11 994
11 995
12 324
12 348
12 518
12 552
12 595
12 651
12 722
12 780
12 791
12 877
12 942
12 956
13 238
13 531
13 572
13 626
13 652
13 727
13 753
13 813
13 873
13 890
13 949
13 957
14 153
14 324
14 358
14 578
14 642
14 707
14 733
14 928
14 929
14 938
14 942
14 945
15 305
15 465
15 629
15 660
15 703
15 705
15 718
15 747
15 765
15 822
15 953
15 975
16 85
16 90
16 217
16 241
16 517
16 679
16 680
16 811
16 851
16 941
16 948
16 983
17 510
17 542
17 682
17 759
17 763
17 770
17 843
17 850
17 900
17 901
17 906
17 929
18 209
18 284
18 285
18 372
18 441
18 511
18 621
18 647
18 711
18 935
18 975
18 988
19 84
19 343
19 384
19 485
19 546
19 578
19 731
19 754
19 761
19 792
19 879
19 996
20 243
20 370
20 492
20 544
20 585
20 710
20 721
20 777
20 797
20 874
20 935
21 414
21 507
21 796
21 825
21 826
21 839
21 893
21 924
21 963
21 990
21 994
21 995
22 35
22 112
22 317
22 396
22 493
22 529
22 586
22 619
22 624
22 640
22 690
22 729
23 361
23 400
23 427
23 521
23 576
23 622
23 712
23 740
23 781
23 889
23 904
23 918
24 277
24 561
24 602
24 608
24 662
24 837
24 842
24 897
24 937
24 947
24 966
24 973
25 257
25 318
25 523
25 593
25 598
25 625
25 804
25 848
25 911
25 950
25 985
25 1000
26 278
26 546
26 588
26 616
26 732
26 744
26 778
26 862
26 980
26 989
26 998
26 999
27 40
27 105
27 110
27 174
27 194
27 309
27 727
27 828
27 841
27 864
27 909
27 960
28 248
28 273
28 455
28 547
28 802
28 818
28 835
28 927
28 976
28 979
28 984
28 986
29 102
29 317
29 367
29 529
29 586
29 587
29 619
29 666
29 690
29 729
29 760
29 885
30 139
30 347
30 475
30 626
30 653
30 779
30 809
30 844
30 868
30 899
30 967
30 998
31 67
31 68
31 462
31 486
31 549
31 573
31 751
31 771
31 881
31 885
31 895
31 940
32 170
32 436
32 441
32 568
32 647
32 706
32 707
32 829
32 850
32 887
32 955
32 987
33 296
33 397
33 471
33 483
33 628
33 744
33 805
33 858
33 870
33 953
33 980
33 989
35 47
35 317
35 429
35 505
35 586
35 587
35 640
35 666
35 690
35 729
35 808
36 216
36 448
36 492
36 502
36 734
36 860
36 881
36 885
36 895
36 944
36 963
36 977
37 128
37 135
37 200
37 570
37 578
37 611
37 631
37 722
37 723
37 780
37 942
37 952
38 146
38 325
38 510
38 569
38 770
38 794
38 833
38 843
38 900
38 928
38 929
38 933
39 106
39 442
39 560
39 810
39 829
39 853
39 880
39 885
39 930
39 935
39 955
39 987
40 99
40 161
40 352
40 388
40 537
40 806
40 841
40 864
40 960
40 973
40 991
41 349
41 587
41 825
41 826
41 839
41 846
41 852
41 924
41 963
41 990
41 994
41 995
42 237
42 263
42 625
42 645
42 661
42 681
42 735
42 848
42 911
42 950
42 981
42 985
43 195
43 260
43 343
43 435
43 547
43 702
43 786
43 818
43 892
43 927
43 983
43 986
44 221
44 264
44 449
44 541
44 564
44 669
44 754
44 761
44 792
44 827
44 879
44 996
45 146
45 244
45 743
45 759
45 763
45 778
45 823
45 900
45 916
45 917
45 929
45 961
46 237
46 384
46 449
46 546
46 560
46 669
46 731
46 754
46 761
46 804
46 879
46 996
47 98
47 250
47 500
47 558
47 604
47 898
47 907
47 939
47 941
47 958
47 983
48 196
48 210
48 322
48 402
48 422
48 599
48 639
48 700
48 736
48 741
48 910
48 932
49 95
49 238
49 476
49 487
49 513
49 605
49 652
49 813
49 873
49 890
49 926
49 949
50 51
50 545
50 554
50 692
50 756
50 782
50 789
50 824
50 856
50 857
50 912
50 959
51 59
51 241
51 306
51 552
51 760
51 766
51 824
51 851
51 855
51 857
51 912
52 256
52 282
52 408
52 613
52 625
52 683
52 714
52 726
52 849
52 906
52 914
52 965
54 89
54 174
54 208
54 266
54 322
54 480
54 537
54 828
54 841
54 864
54 960
54 966
55 336
55 646
55 683
55 691
55 714
55 726
55 849
55 906
55 914
55 965
55 972
56 130
56 213
56 381
56 547
56 823
56 838
56 851
56 878
56 938
56 958
56 971
56 981
57 528
57 773
57 825
57 852
57 893
57 924
57 950
57 962
57 963
57 990
57 994
57 995
58 304
58 371
58 394
58 544
58 638
58 676
58 714
58 721
58 777
58 827
58 874
58 987
59 96
59 164
59 504
59 756
59 772
59 824
59 846
59 855
59 856
59 857
59 912
60 286
60 550
60 677
60 754
60 795
60 798
60 816
60 817
60 859
60 876
60 894
60 988
61 693
61 739
61 762
61 787
61 812
61 856
61 869
61 884
61 908
61 909
61 943
61 951
62 223
62 448
62 633
62 653
62 750
62 779
62 808
62 844
62 868
62 899
62 967
62 998
63 243
63 305
63 311
63 313
63 444
63 559
63 567
63 579
63 600
63 676
63 777
63 830
64 528
64 709
64 799
64 826
64 860
64 893
64 924
64 959
64 963
64 990
64 994
64 995
65 89
65 241
65 473
65 615
65 690
65 692
65 814
65 824
65 855
65 856
65 912
65 933
66 74
66 85
66 157
66 262
66 268
66 297
66 389
66 567
66 574
66 648
66 715
66 993
67 75
67 172
67 556
67 646
67 691
67 714
67 726
67 849
67 906
67 914
67 965
68 145
68 205
68 216
68 549
68 723
68 751
68 881
68 885
68 902
68 903
68 944
69 156
69 763
69 794
69 800
69 803
69 807
69 833
69 850
69 901
69 916
69 933
69 961
70 208
70 258
70 322
70 352
70 476
70 506
70 533
70 806
70 841
70 849
70 864
70 960
71 455
71 491
71 534
71 647
71 783
71 788
71 819
71 845
71 853
71 888
71 896
71 955
72 162
72 194
72 303
72 309
72 322
72 480
72 506
72 806
72 827
72 828
72 960
72 964
73 441
73 570
73 629
73 660
73 703
73 705
73 718
73 747
73 765
73 822
73 920
73 975
74 85
74 157
74 165
74 262
74 268
74 297
74 567
74 648
74 715
74 965
74 993
75 220
75 360
75 380
75 613
75 646
75 714
75 726
75 849
75 906
75 914
75 965
76 445
76 759
76 800
76 807
76 833
76 843
76 901
76 917
76 929
76 942
76 961
76 993
77 354
77 421
77 433
77 521
77 580
77 622
77 670
77 740
77 781
77 889
77 904
77 918
78 152
78 283
78 520
78 657
78 738
78 875
78 883
78 928
78 945
78 952
78 969
78 974
79 245
79 247
79 375
79 538
79 580
79 655
79 734
79 885
79 902
79 940
79 944
79 991
80 329
80 732
80 773
80 796
80 852
80 893
80 920
80 924
80 963
80 990
80 994
80 995
81 590
81 623
81 662
81 716
81 725
81 758
81 842
81 897
81 927
81 947
81 977
81 991
82 326
82 450
82 554
82 625
82 645
82 661
82 681
82 709
82 848
82 911
82 950
82 985
83 121
83 482
83 576
83 588
83 670
83 712
83 740
83 781
83 889
83 904
83 911
83 918
84 454
84 630
84 731
84 742
84 754
84 761
84 792
84 879
84 904
84 996
85 157
85 262
85 268
85 297
85 406
85 567
85 648
85 715
85 993
86 569
86 701
86 785
86 861
86 872
86 921
86 926
86 928
86 951
86 956
86 972
86 997
87 476
87 513
87 531
87 605
87 652
87 670
87 687
87 753
87 873
87 890
87 911
87 949
88 93
88 342
88 488
88 592
88 752
88 802
88 831
88 922
88 927
88 979
88 982
88 986
89 108
89 646
89 683
89 691
89 714
89 829
89 849
89 906
89 914
89 965
90 301
90 451
90 534
90 671
90 788
90 819
90 829
90 845
90 880
90 896
91 181
91 258
91 384
91 449
91 485
91 546
91 560
91 669
91 792
91 879
91 924
91 996
92 220
92 285
92 545
92 706
92 797
92 819
92 829
92 888
92 891
92 915
92 935
92 997
93 795
93 798
93 816
93 817
93 859
93 876
93 894
93 926
93 966
93 988
94 133
94 162
94 225
94 414
94 459
94 532
94 711
94 760
94 766
94 768
94 855
94 857
95 749
95 793
95 825
95 869
95 884
95 908
95 909
95 943
95 951
95 989
96 241
96 414
96 436
96 756
96 766
96 768
96 789
96 806
96 824
96 857
96 912
97 169
97 671
97 674
97 711
97 783
97 810
97 837
97 845
97 887
97 930
97 955
97 983
98 452
98 577
98 650
98 698
98 823
98 882
98 898
98 938
98 941
98 958
98 981
99 174
99 194
99 266
99 352
99 360
99 695
99 745
99 806
99 841
99 864
99 960
100 114
100 327
100 413
100 427
100 428
100 537
100 803
100 808
100 847
100 934
101 127
101 515
101 581
101 709
101 724
101 758
101 866
101 937
101 960
101 966
101 973
101 991
102 288
102 361
102 482
102 580
102 622
102 628
102 740
102 781
102 889
102 904
102 918
103 337
103 389
103 512
103 562
103 592
103 794
103 800
103 833
103 900
103 917
103 929
103 933
103 961
104 136
104 221
104 340
104 449
104 485
104 560
104 620
104 669
104 731
104 761
104 792
104 879
104 996
105 162
105 397
105 480
105 520
105 533
105 570
105 745
105 806
105 828
105 864
105 960
106 195
106 248
106 424
106 494
106 644
106 688
106 702
106 835
106 979
106 982
106 984
106 986
107 255
107 354
107 402
107 422
107 470
107 599
107 639
107 700
107 707
107 736
107 741
107 910
107 932
108 286
108 497
108 556
108 646
108 683
108 691
108 714
108 726
108 849
108 906
108 914
108 965
109 281
109 449
109 485
109 546
109 560
109 564
109 614
109 692
109 731
109 754
109 761
109 879
109 996
110 118
110 352
110 480
110 520
110 537
110 674
110 745
110 841
110 864
110 879
110 899
110 960
111 132
111 285
111 366
111 498
111 607
111 733
111 811
111 834
111 838
111 877
111 905
111 939
111 971
112 571
112 633
112 757
112 818
112 831
112 922
112 941
112 976
112 979
112 982
112 984
112 986
113 136
113 489
113 680
113 716
113 721
113 724
113 866
113 919
113 937
113 947
113 966
113 973
113 991
114 159
114 466
114 486
114 500
114 525
114 573
114 723
114 751
114 864
114 881
114 895
114 940
115 149
115 159
115 190
115 205
115 448
115 502
115 549
115 723
115 734
115 860
115 895
115 902
115 947
116 201
116 440
116 601
116 608
116 614
116 689
116 725
116 758
116 919
116 937
116 947
116 973
116 977
117 570
117 626
117 629
117 660
117 671
117 703
117 705
117 718
117 747
117 765
117 822
117 975
117 987
118 230
118 352
118 388
118 480
118 533
118 659
118 745
118 806
118 828
118 831
118 864
118 960
119 281
119 307
119 364
119 371
119 504
119 508
119 559
119 560
119 585
119 797
119 854
119 874
119 978
121 137
121 563
121 576
121 619
121 622
121 670
121 712
121 761
121 889
121 904
121 918
122 234
122 364
122 589
122 678
122 701
122 717
122 861
122 872
122 921
122 926
122 956
122 972
122 977
123 128
123 428
123 456
123 569
123 616
123 678
123 785
123 861
123 872
123 921
123 926
123 956
123 972
124 196
124 300
124 414
124 459
124 467
124 615
124 789
124 811
124 814
124 855
124 856
124 912
124 941
126 188
126 405
126 443
126 524
126 575
126 663
126 672
126 801
126 804
126 863
126 954
126 962
126 967
127 273
127 515
127 561
127 585
127 601
127 662
127 716
127 724
127 842
127 947
127 960
127 968
128 358
128 458
128 548
128 595
128 642
128 780
128 791
128 928
128 945
128 952
128 974
129 307
129 318
129 370
129 373
129 394
129 439
129 484
129 585
129 710
129 713
129 854
129 874
130 179
130 259
130 301
130 442
130 465
130 767
130 845
130 853
130 880
130 891
130 915
130 960
131 214
131 589
131 616
131 693
131 785
131 838
131 861
131 872
131 921
131 926
131 956
131 972
131 984
132 197
132 440
132 478
132 590
132 606
132 696
132 733
132 834
132 838
132 920
132 938
132 941
133 196
133 396
133 401
133 473
133 493
133 756
133 766
133 768
133 789
133 814
133 818
133 912
135 136
135 256
135 518
135 524
135 611
135 707
135 722
135 791
135 928
135 952
135 969
135 974
136 221
136 276
136 546
136 564
136 669
136 754
136 761
136 792
136 879
136 996
137 263
137 318
137 326
137 498
137 546
137 598
137 628
137 681
137 848
137 911
137 950
137 985
138 248
138 265
138 333
138 343
138 529
138 702
138 739
138 752
138 757
138 786
138 819
138 835
138 982
139 393
139 468
139 514
139 557
139 597
139 627
139 635
139 719
139 764
139 772
139 903
139 964
140 513
140 612
140 720
140 778
140 805
140 826
140 853
140 858
140 862
140 870
140 953
140 989
140 999
141 146
141 479
141 549
141 759
141 763
141 807
141 843
141 850
141 890
141 900
141 901
141 929
141 961
142 154
142 387
142 424
142 633
142 653
142 750
142 844
142 868
142 899
142 921
142 951
142 967
142 998
143 293
143 403
143 407
143 519
143 556
143 562
143 591
143 627
143 657
143 774
143 776
143 779
143 978
144 191
144 389
144 551
144 597
144 630
144 684
144 719
144 764
144 772
144 834
144 891
144 903
144 964
145 340
145 345
145 373
145 462
145 509
145 685
145 815
145 855
145 910
145 920
145 959
145 1000
146 479
146 512
146 701
146 743
146 800
146 807
146 897
146 900
146 901
146 917
147 278
147 279
147 479
147 741
147 759
147 763
147 770
147 794
147 843
147 901
147 911
147 917
147 933
148 464
148 610
148 749
148 787
148 793
148 812
148 869
148 884
148 908
148 909
148 925
148 943
148 951
149 289
149 395
149 402
149 599
149 639
149 641
149 700
149 736
149 741
149 910
149 932
149 970
150 329
150 419
150 477
150 655
150 679
150 811
150 838
150 898
150 907
150 941
150 971
150 978
150 981
151 278
151 471
151 571
151 720
151 732
151 778
151 809
151 862
151 918
151 968
151 980
151 989
151 999
152 437
152 515
152 538
152 631
152 689
152 803
152 897
152 919
152 966
152 973
152 977
152 991
153 274
153 315
153 358
153 397
153 481
153 518
153 651
153 875
153 883
153 929
153 952
153 969
154 182
154 494
154 629
154 679
154 750
154 779
154 844
154 868
154 899
154 967
154 995
154 998
155 172
155 251
155 558
155 596
155 604
155 606
155 704
155 811
155 851
155 945
155 948
155 957
155 997
156 647
156 739
156 762
156 787
156 793
156 812
156 869
156 884
156 908
156 909
156 943
156 951
157 262
157 268
157 297
157 523
157 567
157 648
157 715
157 816
157 935
157 993
158 415
158 660
158 773
158 825
158 826
158 839
158 852
158 924
158 963
158 969
158 990
158 994
158 995
159 189
159 375
159 495
159 500
159 502
159 525
159 715
159 934
159 940
159 944
159 978
160 249
160 341
160 412
160 497
160 519
160 583
160 591
160 627
160 657
160 730
160 769
160 858
160 978
161 613
161 678
161 693
161 774
161 785
161 861
161 872
161 921
161 926
161 956
161 972
162 185
162 391
162 480
162 745
162 806
162 828
162 841
162 916
162 960
163 214
163 431
163 574
163 612
163 717
163 743
163 781
163 858
163 870
163 953
163 968
163 980
163 999
164 414
164 526
164 532
164 692
164 760
164 766
164 814
164 824
164 855
164 856
164 884
164 912
165 168
165 555
165 607
165 679
165 834
165 877
165 892
165 923
165 938
165 941
165 971
165 983
166 169
166 279
166 313
166 444
166 508
166 559
166 567
166 579
166 676
166 710
166 830
166 854
166 874
167 183
167 385
167 618
167 638
167 694
167 708
167 750
167 821
167 848
167 886
167 936
167 962
167 992
168 255
168 289
168 354
168 395
168 599
168 639
168 671
168 700
168 736
168 741
168 910
168 932
169 287
169 462
169 511
169 590
169 671
169 673
169 810
169 853
169 896
169 987
169 997
170 256
170 623
170 783
170 810
170 871
170 880
170 887
170 888
170 915
170 955
170 997
170 1000
171 390
171 457
171 641
171 675
171 716
171 728
171 737
171 742
171 746
171 826
171 837
171 846
171 882
172 333
172 547
172 569
172 592
172 786
172 835
172 922
172 927
172 976
172 984
172 986
173 375
173 486
173 500
173 525
173 549
173 655
173 734
173 860
173 881
173 885
173 937
173 944
173 962
174 258
174 266
174 520
174 537
174 626
174 726
174 828
174 841
174 881
174 960
175 356
175 463
175 577
175 638
175 695
175 696
175 708
175 735
175 774
175 879
175 897
175 962
175 970
176 188
176 340
176 373
176 507
176 509
176 526
176 685
176 814
176 815
176 899
176 920
176 959
176 1000
177 264
177 319
177 419
177 783
177 860
177 877
177 892
177 898
177 905
177 923
177 948
177 971
177 981
178 225
178 339
178 459
178 524
178 532
178 692
178 760
178 768
178 810
178 824
178 856
178 857
178 912
179 258
179 372
179 436
179 442
179 470
179 545
179 565
179 623
179 652
179 820
179 930
179 955
180 224
180 254
180 796
180 825
180 826
180 839
180 852
180 861
180 905
180 963
180 990
180 994
180 995
181 536
181 642
181 693
181 701
181 785
181 790
181 861
181 872
181 921
181 926
181 956
181 972
182 475
182 494
182 623
182 653
182 672
182 750
182 779
182 844
182 868
182 899
182 967
182 998
183 270
183 489
183 535
183 564
183 577
183 708
183 886
183 936
183 946
183 962
183 970
183 992
184 303
184 367
184 371
184 805
184 809
184 858
184 862
184 870
184 875
184 953
184 968
184 989
184 999
185 229
185 254
185 557
185 630
185 635
185 660
185 684
185 719
185 764
185 772
185 903
185 964
186 476
186 487
186 488
186 572
186 675
186 727
186 753
186 813
186 873
186 890
186 893
186 931
186 949
187 399
187 503
187 509
187 577
187 725
187 735
187 782
187 790
187 832
187 864
187 936
187 962
187 992
188 362
188 458
188 462
188 507
188 526
188 685
188 753
188 815
188 920
188 959
188 1000
189 234
189 420
189 452
189 495
189 508
189 553
189 860
189 885
189 902
189 907
189 940
189 944
190 453
190 639
190 704
190 749
190 793
190 812
190 869
190 884
190 908
190 909
190 943
190 951
191 248
191 299
191 357
191 374
191 630
191 684
191 719
191 764
191 772
191 896
191 903
191 964
192 217
192 596
192 665
192 679
192 680
192 698
192 812
192 892
192 938
192 941
192 957
192 981
192 983
193 225
193 306
193 528
193 532
193 760
193 789
193 814
193 855
193 856
193 857
193 904
193 912
193 987
194 391
194 492
194 533
194 745
194 806
194 828
194 841
194 960
194 969
195 246
195 459
195 688
195 786
195 802
195 852
195 922
195 976
195 979
195 984
195 986
196 225
196 554
196 615
196 766
196 768
196 814
196 856
196 857
196 948
196 985
197 588
197 697
197 717
197 720
197 805
197 813
197 862
197 948
197 953
197 968
197 980
197 989
198 485
198 496
198 566
198 582
198 649
198 656
198 667
198 682
198 734
198 840
198 841
198 867
198 871
199 228
199 232
199 346
199 582
199 649
199 656
199 667
199 670
199 728
199 840
199 867
199 871
199 983
200 282
200 481
200 498
200 611
200 619
200 746
200 791
200 820
200 928
200 942
200 969
200 974
201 369
201 475
201 633
201 653
201 750
201 779
201 844
201 868
201 886
201 899
201 967
201 998
202 286
202 393
202 445
202 543
202 759
202 770
202 800
202 843
202 850
202 916
202 929
202 933
202 961
203 356
203 386
203 399
203 490
203 694
203 755
203 782
203 790
203 812
203 865
203 878
203 931
203 946
205 234
205 375
205 448
205 492
205 553
205 646
205 671
205 751
205 771
205 885
205 901
205 944
206 219
206 326
206 456
206 593
206 598
206 625
206 645
206 661
206 687
206 775
206 874
206 911
206 950
206 985
207 431
207 460
207 602
207 725
207 842
207 866
207 877
207 936
207 937
207 942
207 947
207 966
207 973
207 991
208 258
208 266
208 309
208 388
208 418
208 506
208 520
208 745
208 806
208 864
208 960
208 981
209 295
209 301
209 364
209 469
209 568
209 653
209 686
209 788
209 819
209 841
209 845
209 930
209 935
210 289
210 310
210 354
210 422
210 599
210 639
210 700
210 736
210 741
210 851
210 881
210 910
210 932
211 268
211 536
211 647
211 678
211 693
211 701
211 785
211 861
211 872
211 921
211 922
211 926
211 956
211 972
212 442
212 511
212 565
212 602
212 623
212 706
212 783
212 822
212 853
212 880
212 896
212 955
212 987
212 997
213 381
213 491
213 650
213 704
213 818
213 890
213 892
213 905
213 957
213 958
213 971
213 981
213 989
214 303
214 430
214 717
214 748
214 753
214 778
214 809
214 962
214 968
214 980
214 989
214 999
215 381
215 606
215 607
215 733
215 838
215 878
215 907
215 916
215 923
215 939
215 941
215 958
215 963
215 971
216 245
216 360
216 492
216 759
216 771
216 860
216 881
216 895
216 902
216 924
216 940
216 944
217 298
217 392
217 404
217 507
217 811
217 877
217 878
217 905
217 934
217 948
217 957
217 983
218 292
218 405
218 443
218 524
218 575
218 663
218 672
218 800
218 801
218 804
218 863
218 919
218 954
218 970
219 294
219 450
219 456
219 523
219 593
219 602
219 661
219 689
219 699
219 848
219 911
219 950
219 985
220 469
220 556
220 613
220 646
220 683
220 691
220 714
220 849
220 878
220 906
220 914
220 965
221 384
221 405
221 449
221 560
221 601
221 731
221 754
221 761
221 840
221 879
221 996
222 499
222 603
222 644
222 711
222 752
222 798
222 802
222 818
222 835
222 922
222 927
222 976
222 982
222 984
223 347
223 396
223 431
223 494
223 559
223 633
223 750
223 779
223 844
223 868
223 899
223 967
223 998
224 248
224 411
224 472
224 773
224 796
224 839
224 852
224 865
224 893
224 963
224 990
224 994
224 995
225 300
225 306
225 401
225 473
225 768
225 814
225 855
225 857
225 915
225 934
226 275
226 323
226 550
226 658
226 677
226 795
226 798
226 816
226 817
226 848
226 859
226 876
226 894
226 988
227 432
227 517
227 563
227 572
227 576
227 580
227 670
227 693
227 712
227 740
227 781
227 889
227 904
227 918
228 232
228 328
228 386
228 566
228 634
228 656
228 659
228 667
228 840
228 867
228 871
228 888
228 928
229 253
229 393
229 597
229 630
229 635
229 684
229 719
229 764
229 772
229 859
229 903
229 940
229 964
230 294
230 376
230 491
230 508
230 517
230 558
230 596
230 898
230 905
230 907
230 957
230 971
230 981
231 260
231 396
231 577
231 662
231 689
231 716
231 842
231 897
231 919
231 947
231 966
231 973
231 977
231 991
232 328
232 342
232 386
232 467
232 634
232 656
232 682
232 743
232 829
232 840
232 867
232 871
233 357
233 378
233 403
233 430
233 551
233 717
233 744
233 805
233 870
233 953
233 968
233 980
233 989
233 999
234 375
234 420
234 500
234 502
234 573
234 655
234 723
234 771
234 881
234 902
234 992
235 292
235 405
235 443
235 524
235 575
235 663
235 672
235 756
235 801
235 804
235 863
235 954
235 995
236 304
236 311
236 313
236 357
236 383
236 444
236 484
236 504
236 585
236 751
236 825
236 827
236 830
236 854
237 349
237 452
237 562
237 625
237 628
237 645
237 661
237 699
237 848
237 911
237 950
237 985
238 488
238 605
238 652
238 687
238 727
238 753
238 813
238 845
238 873
238 890
238 949
238 980
239 264
239 314
239 376
239 419
239 491
239 586
239 604
239 695
239 823
239 834
239 904
239 905
239 971
239 983
240 347
240 418
240 475
240 518
240 530
240 589
240 633
240 750
240 779
240 844
240 868
240 899
240 967
240 998
241 414
241 473
241 499
241 756
241 768
241 824
241 855
241 857
241 908
241 912
242 512
242 694
242 712
242 759
242 770
242 800
242 807
242 843
242 850
242 901
242 916
242 917
242 959
242 961
243 371
243 394
243 484
243 504
243 579
243 585
243 600
243 734
243 777
243 827
243 874
243 974
244 287
244 353
244 658
244 677
244 795
244 798
244 816
244 817
244 842
244 859
244 876
244 894
244 988
245 404
245 418
245 535
245 537
245 541
245 553
245 723
245 860
245 885
245 895
245 940
245 944
246 333
246 512
246 563
246 571
246 644
246 708
246 757
246 802
246 927
246 976
246 982
246 984
246 986
247 252
247 525
247 541
247 549
247 573
247 608
247 751
247 771
247 819
247 860
247 881
247 895
247 944
248 592
248 688
248 757
248 911
248 922
248 976
248 979
248 982
248 986
249 312
249 341
249 407
249 497
249 562
249 657
249 673
249 769
249 774
249 776
249 978
249 993
249 995
250 491
250 517
250 636
250 679
250 832
250 851
250 877
250 892
250 905
250 907
250 938
250 958
250 983
251 300
251 549
251 555
251 650
251 668
251 811
251 877
251 878
251 905
251 939
251 941
251 958
251 983
252 363
252 385
252 592
252 644
252 688
252 752
252 799
252 922
252 927
252 935
252 976
252 984
252 986
253 377
253 577
253 603
253 659
253 696
253 832
253 856
253 865
253 886
253 921
253 925
253 931
253 992
254 325
254 416
254 528
254 624
254 768
254 839
254 893
254 924
254 963
254 990
254 994
254 995
255 295
255 425
255 441
255 470
255 605
255 621
255 706
255 810
255 845
255 915
255 935
255 997
256 481
256 498
256 518
256 684
256 707
256 738
256 791
256 883
256 928
256 945
256 952
257 258
257 368
257 452
257 456
257 554
257 598
257 628
257 661
257 848
257 911
257 947
257 950
257 985
258 322
258 388
258 520
258 745
258 806
258 841
258 960
259 394
259 465
259 565
259 601
259 673
259 686
259 711
259 767
259 810
259 829
259 880
259 943
259 955
260 499
260 530
260 547
260 799
260 831
260 927
260 966
260 976
260 979
260 982
260 984
260 986
261 702
261 739
261 749
261 762
261 787
261 793
261 812
261 869
261 884
261 906
261 908
261 909
261 943
261 951
262 268
262 297
262 433
262 443
262 567
262 648
262 715
262 918
262 993
263 318
263 593
263 616
263 628
263 654
263 699
263 722
263 848
263 911
263 950
263 953
263 985
264 478
264 491
264 555
264 704
264 892
264 947
264 948
264 957
264 981
264 983
265 385
265 547
265 554
265 592
265 644
265 752
265 786
265 818
265 831
265 964
265 976
265 979
265 986
266 309
266 352
266 480
266 828
266 841
266 864
266 910
266 954
266 960
266 981
267 519
267 589
267 616
267 651
267 678
267 693
267 701
267 785
267 861
267 872
267 921
267 926
267 956
267 972
268 274
268 297
268 567
268 648
268 715
268 834
268 993
270 466
270 535
270 664
270 694
270 696
270 750
270 777
270 782
270 821
270 832
270 886
270 931
270 970
271 297
271 324
271 483
271 548
271 568
271 611
271 680
271 780
271 883
271 928
271 942
271 945
271 969
271 974
272 335
272 488
272 605
272 652
272 687
272 727
272 753
272 755
272 813
272 822
272 850
272 873
272 890
272 949
273 431
273 601
273 608
273 614
273 758
273 800
273 866
273 937
273 973
273 977
273 991
274 282
274 483
274 651
274 699
274 722
274 780
274 858
274 942
274 952
274 969
274 974
275 406
275 664
275 669
275 677
275 795
275 798
275 816
275 817
275 859
275 876
275 894
275 988
276 345
276 384
276 454
276 546
276 564
276 669
276 731
276 754
276 761
276 792
276 879
276 983
276 996
277 417
277 440
277 607
277 622
277 679
277 680
277 704
277 815
277 834
277 878
277 898
277 957
277 981
278 378
278 488
278 697
278 717
278 778
278 809
278 953
278 964
278 968
278 980
278 989
278 999
279 291
279 658
279 763
279 794
279 833
279 843
279 900
279 901
279 916
279 917
279 933
279 943
279 961
280 283
280 308
280 315
280 347
280 434
280 501
280 552
280 578
280 724
280 791
280 875
280 883
280 942
280 944
280 969
281 283
281 313
281 370
281 371
281 394
281 439
281 444
281 525
281 600
281 827
281 830
281 854
281 874
282 308
282 552
282 611
282 780
282 822
282 883
282 923
282 928
282 945
282 952
282 969
282 974
283 390
283 501
283 578
283 631
283 651
283 705
283 738
283 780
283 797
283 883
283 952
283 974
284 624
284 773
284 796
284 809
284 826
284 839
284 851
284 852
284 893
284 924
284 963
284 990
284 994
284 995
285 295
285 511
285 534
285 674
285 686
285 819
285 888
285 891
285 910
285 915
285 953
285 987
286 337
286 479
286 770
286 800
286 807
286 823
286 843
286 900
286 901
286 916
286 929
286 961
287 299
287 451
287 470
287 565
287 647
287 674
287 767
287 783
287 845
287 853
287 873
287 930
287 987
288 432
288 521
288 563
288 618
288 622
288 670
288 712
288 740
288 757
288 781
288 889
288 904
288 918
288 960
289 307
289 395
289 422
289 599
289 639
289 695
289 700
289 736
289 741
289 757
289 910
289 932
290 292
290 342
290 346
290 411
290 467
290 582
290 611
290 634
290 649
290 667
290 682
290 821
290 840
290 867
290 871
291 417
291 479
291 512
291 726
291 759
291 843
291 850
291 900
291 901
291 917
291 933
291 961
291 979
291 985
292 298
292 405
292 443
292 524
292 575
292 663
292 672
292 722
292 801
292 804
292 863
292 954
293 298
293 407
293 438
293 464
293 497
293 590
293 591
293 636
293 657
293 710
293 730
293 769
293 774
293 978
294 304
294 357
294 370
294 484
294 504
294 559
294 710
294 713
294 797
294 827
294 830
294 854
294 986
295 372
295 442
295 494
295 511
295 611
295 748
295 783
295 829
295 845
295 853
295 887
295 915
296 428
296 469
296 470
296 545
296 635
296 674
296 819
296 820
296 887
296 891
296 915
296 930
296 935
296 987
297 567
297 648
297 715
297 833
297 889
297 993
298 383
298 392
298 680
298 749
298 838
298 877
298 907
298 939
298 957
298 958
298 971
298 981
299 389
299 418
299 551
299 557
299 630
299 635
299 684
299 719
299 764
299 772
299 903
299 964
299 975
300 306
300 414
300 615
300 756
300 760
300 789
300 814
300 828
300 856
300 857
300 877
300 912
301 441
301 469
301 568
301 637
301 674
301 711
301 718
301 783
301 804
301 887
301 955
301 987
303 397
303 574
303 642
303 697
303 720
303 747
303 778
303 805
303 858
303 870
303 968
303 999
304 313
304 371
304 585
304 658
304 710
304 721
304 777
304 781
304 827
304 830
304 854
304 985
305 510
305 794
305 800
305 820
305 833
305 850
305 900
305 901
305 916
305 917
305 929
305 933
305 961
306 473
306 615
306 629
306 668
306 692
306 756
306 760
306 789
306 855
306 856
306 898
307 394
307 439
307 544
307 569
307 600
307 676
307 691
307 713
307 721
307 797
307 830
307 874
308 324
308 434
308 578
308 707
308 713
308 722
308 739
308 875
308 942
308 944
308 945
308 969
308 974
309 391
309 480
309 506
309 537
309 690
309 745
309 801
309 828
309 864
309 915
309 960
310 515
310 576
310 581
310 602
310 725
310 758
310 866
310 906
310 919
310 947
310 966
310 973
310 977
310 991
311 357
311 439
311 447
311 484
311 503
311 585
311 600
311 676
311 710
311 797
311 838
311 854
311 991
312 382
312 385
312 407
312 412
312 438
312 464
312 562
312 627
312 636
312 730
312 774
312 826
312 831
312 978
313 357
313 447
313 484
313 713
313 827
313 854
313 856
313 874
313 892
313 927
314 383
314 477
314 606
314 613
314 680
314 834
314 877
314 892
314 907
314 923
314 935
314 938
314 939
314 969
315 324
315 434
315 595
315 874
315 875
315 883
315 928
315 945
315 952
315 957
315 969
315 974
315 985
316 436
316 542
316 570
316 626
316 629
316 656
316 660
316 703
316 705
316 718
316 747
316 765
316 822
316 944
316 975
317 323
317 396
317 421
317 429
317 516
317 529
317 587
317 640
317 666
317 690
317 729
317 735
318 450
318 456
318 466
318 593
318 665
318 681
318 699
318 848
318 911
318 950
318 985
319 443
319 514
319 517
319 606
319 612
319 679
319 811
319 898
319 923
319 938
319 939
319 941
319 957
319 971
320 460
320 515
320 539
320 597
320 614
320 656
320 758
320 842
320 919
320 937
320 947
320 966
320 973
320 991
321 362
321 610
321 654
321 749
321 762
321 787
321 793
321 812
321 869
321 884
321 908
321 909
321 941
321 943
321 951
322 388
322 427
322 520
322 533
322 537
322 806
322 841
322 864
322 960
322 988
323 359
323 429
323 433
323 493
323 529
323 586
323 587
323 619
323 640
323 666
323 690
323 729
323 957
324 483
324 546
324 633
324 707
324 928
324 942
324 945
324 952
324 969
324 977
325 759
325 764
325 794
325 800
325 833
325 843
325 900
325 916
325 917
325 926
325 929
325 933
325 961
326 327
326 412
326 450
326 593
326 598
326 645
326 661
326 699
326 911
326 950
326 966
326 985
327 329
327 413
327 427
327 428
327 560
327 803
327 808
327 847
327 934
328 386
328 566
328 575
328 582
328 634
328 637
328 656
328 661
328 682
328 840
328 867
328 871
328 954
329 710
329 796
329 825
329 826
329 839
329 852
329 893
329 924
329 963
329 990
329 994
329 995
330 366
330 408
330 497
330 613
330 646
330 683
330 691
330 694
330 714
330 726
330 849
330 881
330 906
330 914
330 965
331 356
331 370
331 377
331 514
331 583
331 618
331 664
331 668
331 695
331 730
331 755
331 790
331 832
331 946
331 964
332 457
332 499
332 562
332 578
332 592
332 752
332 799
332 831
332 835
332 922
332 927
332 979
332 982
332 984
332 986
333 371
333 424
333 447
333 571
333 592
333 778
333 802
333 835
333 927
333 979
333 982
333 984
334 543
334 563
334 617
334 641
334 643
334 675
334 688
334 728
334 737
334 742
334 746
334 837
334 846
334 882
334 936
335 338
335 513
335 531
335 610
335 652
335 687
335 727
335 753
335 813
335 848
335 873
335 876
335 890
335 949
336 359
336 396
336 429
336 493
336 505
336 529
336 580
336 587
336 589
336 619
336 640
336 666
336 690
336 729
337 417
337 503
337 512
337 606
337 743
337 770
337 850
337 894
337 901
337 916
337 917
337 929
337 933
338 487
338 488
338 531
338 542
338 581
338 605
338 687
338 727
338 753
338 773
338 813
338 873
338 890
338 949
339 431
339 538
339 662
339 716
339 724
339 725
339 731
339 842
339 897
339 919
339 922
339 947
339 977
339 991
340 433
340 458
340 507
340 509
340 526
340 642
340 685
340 815
340 920
340 959
340 980
340 1000
341 382
341 464
341 519
341 591
341 627
341 636
341 657
341 774
341 776
341 779
341 873
341 978
341 991
342 346
342 411
342 458
342 496
342 637
342 649
342 667
342 682
342 754
342 840
342 867
342 871
343 644
343 702
343 752
343 779
343 799
343 831
343 835
343 862
343 927
343 979
343 982
343 986
344 471
344 542
344 570
344 626
344 629
344 660
344 703
344 705
344 718
344 747
344 765
344 822
344 893
344 902
344 975
345 373
345 433
345 458
345 507
345 509
345 526
345 576
345 685
345 815
345 877
345 920
345 959
345 1000
346 381
346 496
346 637
346 649
346 656
346 667
346 682
346 805
346 840
346 867
346 871
346 961
347 418
347 653
347 737
347 750
347 779
347 844
347 845
347 868
347 899
347 967
347 998
348 401
348 514
348 611
348 642
348 651
348 707
348 722
348 780
348 875
348 942
348 945
348 961
348 969
348 974
349 416
349 624
349 702
349 773
349 795
349 825
349 826
349 839
349 893
349 924
349 963
349 990
349 994
349 995
351 362
351 410
351 597
351 617
351 641
351 643
351 675
351 728
351 737
351 742
351 746
351 747
351 837
351 846
351 882
351 971
352 480
352 520
352 537
352 637
352 686
352 745
352 806
352 828
352 882
352 960
353 455
353 540
353 573
353 658
353 677
353 795
353 798
353 816
353 817
353 859
353 862
353 876
353 879
353 894
353 988
354 395
354 402
354 422
354 599
354 639
354 700
354 736
354 741
354 885
354 910
354 932
354 975
355 455
355 520
355 540
355 550
355 658
355 677
355 733
355 795
355 798
355 816
355 817
355 821
355 859
355 876
355 894
355 988
356 603
356 620
356 696
356 717
356 735
356 759
356 821
356 832
356 886
356 925
356 931
356 949
356 992
357 439
357 444
357 484
357 524
357 676
357 721
357 777
357 797
357 827
357 830
358 501
358 518
358 595
358 611
358 651
358 661
358 778
358 791
358 875
358 883
358 1000
359 429
359 467
359 493
359 505
359 529
359 586
359 587
359 619
359 640
359 666
359 690
359 729
359 755
359 852
360 569
360 616
360 678
360 693
360 701
360 726
360 785
360 861
360 872
360 921
360 926
360 956
360 972
361 421
361 482
361 576
361 580
361 670
361 712
361 721
361 740
361 781
361 880
361 889
361 891
361 904
361 918
362 423
362 436
362 474
362 617
362 643
362 675
362 728
362 737
362 742
362 746
362 837
362 846
362 882
363 478
363 702
363 747
363 752
363 766
363 786
363 799
363 802
363 818
363 831
363 922
363 927
363 976
363 984
363 986
364 436
364 522
364 523
364 565
364 674
364 711
364 783
364 820
364 896
364 942
364 955
364 987
364 997
365 476
365 487
365 488
365 513
365 572
365 652
365 687
365 727
365 753
365 813
365 831
365 853
365 873
365 890
365 949
365 991
366 408
366 556
366 613
366 646
366 683
366 691
366 714
366 726
366 738
366 830
366 849
366 906
366 914
366 965
367 375
367 396
367 493
367 505
367 529
367 586
367 587
367 619
367 640
367 666
367 690
367 729
367 918
367 988
368 439
368 452
368 523
368 547
368 593
368 628
368 645
368 654
368 681
368 698
368 699
368 848
368 911
368 950
368 985
369 387
369 418
369 480
369 494
369 633
369 653
369 750
369 779
369 823
369 844
369 868
369 899
369 967
369 998
370 380
370 508
370 526
370 676
370 713
370 777
370 797
370 830
370 854
370 874
371 439
371 544
371 579
371 676
371 710
371 713
371 721
371 794
371 797
372 404
372 522
372 673
372 706
372 829
372 835
372 845
372 853
372 887
372 888
372 902
372 987
372 997
373 433
373 458
373 462
373 509
373 526
373 685
373 763
373 815
373 853
373 920
373 959
373 1000
374 393
374 468
374 551
374 557
374 597
374 598
374 635
374 684
374 719
374 764
374 772
374 889
374 903
374 964
374 977
375 573
375 723
375 771
375 860
375 885
375 895
375 914
375 940
375 944
375 971
376 381
376 392
376 610
376 667
376 679
376 823
376 877
376 892
376 894
376 938
376 939
376 948
376 957
376 981
377 468
377 603
377 658
377 665
377 694
377 790
377 886
377 892
377 910
377 931
377 946
377 962
377 970
377 992
378 469
378 515
378 574
378 744
378 805
378 809
378 858
378 862
378 870
378 953
378 958
378 968
378 980
378 989
379 382
379 417
379 512
379 727
379 743
379 763
379 770
379 794
379 843
379 850
379 886
379 916
379 917
379 929
379 933
379 961
380 448
380 502
380 525
380 549
380 573
380 723
380 734
380 751
380 860
380 881
380 885
380 932
380 940
380 944
381 522
381 607
381 650
381 704
381 803
381 811
381 878
381 898
381 923
381 958
381 983
382 407
382 412
382 519
382 621
382 627
382 636
382 657
382 730
382 769
382 774
382 776
382 886
382 978
383 398
383 525
383 590
383 668
383 704
383 838
383 877
383 892
383 898
383 905
383 941
383 948
383 957
384 454
384 564
384 731
384 754
384 761
384 792
384 819
384 869
384 879
384 958
384 996
385 620
385 668
385 775
385 801
385 821
385 832
385 886
385 925
385 931
385 936
385 946
385 970
386 411
386 435
386 496
386 566
386 582
386 637
386 649
386 682
386 837
386 840
386 867
386 871
387 395
387 418
387 475
387 494
387 633
387 653
387 779
387 844
387 865
387 868
387 896
387 899
387 967
387 998
388 506
388 520
388 537
388 629
388 683
388 694
388 745
388 828
388 841
388 864
388 960
389 468
389 557
389 597
389 630
389 635
389 684
389 719
389 764
389 772
389 810
389 903
389 964
390 481
390 501
390 611
390 707
390 722
390 738
390 780
390 791
390 860
390 875
390 883
390 906
390 952
390 969
391 413
391 480
391 506
391 533
391 710
391 745
391 806
391 828
391 841
391 864
391 905
391 960
391 968
392 618
392 650
392 698
392 823
392 832
392 838
392 851
392 892
392 938
392 939
392 941
392 958
392 982
393 468
393 551
393 597
393 630
393 684
393 719
393 723
393 764
393 772
393 903
393 964
393 981
394 504
394 544
394 559
394 585
394 721
394 797
394 854
394 874
394 876
394 956
395 402
395 422
395 534
395 564
395 599
395 639
395 700
395 736
395 741
395 910
395 932
396 429
396 493
396 586
396 587
396 619
396 640
396 666
396 690
396 729
397 430
397 612
397 717
397 773
397 778
397 809
397 862
397 870
397 953
397 968
397 980
397 999
398 596
398 733
398 771
398 823
398 851
398 878
398 898
398 907
398 917
398 923
398 939
398 940
398 948
398 971
398 983
399 495
399 594
399 603
399 656
399 668
399 708
399 782
399 822
399 865
399 925
399 946
399 947
399 962
399 992
400 474
400 543
400 641
400 643
400 653
400 674
400 675
400 728
400 737
400 742
400 746
400 837
400 846
400 882
400 939
401 459
401 515
401 532
401 554
401 756
401 760
401 766
401 768
401 789
401 824
401 855
401 856
401 954
402 422
402 475
402 592
402 599
402 626
402 639
402 700
402 736
402 741
402 910
402 932
403 407
403 462
403 519
403 562
403 591
403 636
403 657
403 661
403 730
403 769
403 774
403 776
403 809
403 978
404 420
404 495
404 525
404 541
404 553
404 655
404 734
404 769
404 860
404 885
404 895
404 940
404 944
405 443
405 524
405 575
405 663
405 672
405 796
405 801
405 804
405 863
405 936
405 954
406 540
406 550
406 658
406 677
406 795
406 798
406 816
406 817
406 859
406 876
406 894
406 976
406 985
406 988
407 438
407 488
407 562
407 730
407 765
407 769
407 770
407 774
407 776
407 978
408 410
408 556
408 613
408 683
408 691
408 714
408 725
408 726
408 849
408 891
408 906
408 914
408 965
410 474
410 617
410 641
410 643
410 675
410 728
410 737
410 742
410 746
410 794
410 837
410 846
410 861
410 882
411 496
411 582
411 634
411 637
411 656
411 682
411 744
411 789
411 840
411 859
411 867
411 871
412 438
412 481
412 519
412 544
412 562
412 591
412 636
412 730
412 769
412 774
412 776
412 978
413 427
413 428
413 530
413 803
413 808
413 815
413 847
413 934
414 496
414 532
414 554
414 565
414 768
414 789
414 814
414 824
414 856
414 912
415 446
415 475
415 610
415 739
415 745
415 749
415 762
415 787
415 793
415 812
415 869
415 884
415 908
415 909
415 943
415 951
416 472
416 709
416 773
416 826
416 839
416 858
416 893
416 905
416 924
416 963
416 990
416 994
416 995
417 445
417 512
417 657
417 743
417 770
417 794
417 800
417 900
417 901
417 917
417 922
417 933
417 961
418 633
418 653
418 750
418 779
418 844
418 868
418 899
418 967
418 969
418 998
419 440
419 558
419 604
419 698
419 733
419 765
419 847
419 898
419 907
419 909
419 941
419 948
419 968
419 983
420 495
420 502
420 573
420 655
420 687
420 702
420 751
420 881
420 887
420 895
420 902
420 940
420 944
420 995
421 466
421 521
421 563
421 580
421 622
421 670
421 712
421 740
421 781
421 786
421 889
421 904
421 918
421 957
422 532
422 599
422 639
422 700
422 736
422 741
422 854
422 910
422 932
422 961
423 474
423 543
423 608
423 617
423 641
423 643
423 675
423 728
423 737
423 742
423 746
423 758
423 837
423 846
423 882
423 974
424 435
424 530
424 566
424 571
424 644
424 752
424 786
424 799
424 818
424 897
424 922
424 927
424 976
424 982
425 470
425 511
425 565
425 607
425 671
425 773
425 820
425 829
425 853
425 871
425 887
425 888
425 891
425 896
425 915
425 997
426 437
426 474
426 517
426 538
426 581
426 601
426 602
426 614
426 662
426 716
426 724
426 758
426 842
426 905
426 918
426 937
426 966
427 428
427 453
427 803
427 808
427 847
427 934
428 521
428 803
428 808
428 847
428 934
429 505
429 580
429 586
429 587
429 606
429 619
429 640
429 690
429 729
429 758
429 900
430 471
430 574
430 645
430 744
430 785
430 802
430 858
430 862
430 870
430 953
430 968
430 980
430 989
430 999
431 460
431 538
431 602
431 662
431 725
431 862
431 897
431 919
431 937
431 947
431 966
431 977
432 521
432 563
432 576
432 580
432 622
432 653
432 712
432 740
432 781
432 787
432 807
432 889
432 904
432 918
432 963
433 458
433 462
433 507
433 509
433 526
433 685
433 758
433 815
433 920
433 959
433 1000
434 485
434 509
434 707
434 722
434 738
434 780
434 893
434 902
434 942
434 945
434 969
434 974
435 499
435 571
435 757
435 799
435 802
435 818
435 831
435 834
435 835
435 961
435 976
435 979
435 982
435 984
436 451
436 673
436 674
436 788
436 819
436 820
436 849
436 915
436 930
436 955
436 997
437 497
437 539
437 561
437 614
437 716
437 866
437 882
437 897
437 919
437 922
437 947
437 966
437 973
437 977
437 991
438 464
438 562
438 591
438 627
438 636
438 663
438 730
438 769
438 774
438 776
438 861
438 923
438 978
439 445
439 447
439 676
439 714
439 734
439 777
439 797
439 827
439 874
440 555
440 679
440 698
440 813
440 825
440 834
440 892
440 898
440 923
440 939
440 957
440 958
440 981
441 534
441 565
441 576
441 673
441 819
441 820
441 855
441 887
441 891
441 955
441 990
441 997
442 469
442 534
442 573
442 623
442 647
442 674
442 853
442 887
442 930
442 934
442 969
442 987
443 524
443 575
443 644
443 663
443 672
443 801
443 804
443 863
443 954
444 447
444 508
444 579
444 713
444 777
444 797
444 827
444 854
444 884
444 901
444 948
444 987
445 479
445 714
445 770
445 794
445 807
445 833
445 872
445 900
445 916
445 923
445 929
445 933
445 961
446 610
446 670
446 739
446 749
446 762
446 763
446 787
446 792
446 793
446 812
446 869
446 884
446 908
446 909
446 943
446 951
447 504
447 544
447 579
447 600
447 607
447 676
447 713
447 777
447 797
447 830
447 874
447 976
448 500
448 573
448 713
448 751
448 860
448 881
448 883
448 885
448 895
448 902
448 940
448 944
449 454
449 485
449 560
449 564
449 669
449 708
449 754
449 792
449 879
449 952
449 996
450 452
450 593
450 625
450 628
450 681
450 699
450 775
450 848
450 950
450 960
450 985
450 990
451 452
451 470
451 511
451 623
451 647
451 650
451 741
451 819
451 853
451 880
451 888
451 915
451 930
451 987
452 456
452 523
452 593
452 598
452 625
452 628
452 654
452 681
452 950
452 985
453 610
453 705
453 739
453 749
453 762
453 787
453 793
453 812
453 859
453 869
453 884
453 908
453 909
453 943
453 951
454 485
454 487
454 560
454 564
454 669
454 731
454 754
454 755
454 761
454 792
454 879
454 996
454 998
455 540
455 658
455 677
455 795
455 798
455 816
455 817
455 859
455 876
455 892
455 894
455 977
455 988
456 523
456 598
456 624
456 625
456 645
456 654
456 699
456 848
456 950
456 985
456 991
457 474
457 482
457 495
457 543
457 617
457 641
457 643
457 675
457 728
457 737
457 742
457 746
457 837
457 846
457 882
458 462
458 507
458 509
458 526
458 685
458 815
458 920
458 959
458 984
458 1000
459 554
459 692
459 759
459 760
459 764
459 766
459 768
459 789
459 855
459 856
459 857
459 919
460 561
460 614
460 758
460 794
460 842
460 897
460 919
460 937
460 947
460 966
460 973
460 990
460 991
460 1000
461 480
461 612
461 644
461 717
461 720
461 732
461 736
461 805
461 858
461 862
461 870
461 920
461 953
461 968
461 980
461 989
461 999
462 507
462 509
462 526
462 681
462 685
462 815
462 920
462 959
462 1000
463 503
463 535
463 603
463 649
463 668
463 695
463 775
463 776
463 782
463 886
463 898
463 925
463 936
463 946
463 962
463 970
464 465
464 467
464 497
464 562
464 627
464 657
464 730
464 769
464 774
464 776
464 835
464 978
465 469
465 470
465 483
465 545
465 568
465 621
465 706
465 788
465 896
465 930
465 935
465 937
465 987
466 486
466 502
466 525
466 723
466 751
466 771
466 828
466 860
466 881
466 895
466 902
466 940
466 944
467 566
467 582
467 634
467 637
467 649
467 656
467 667
467 682
467 799
467 840
467 867
467 871
468 551
468 557
468 597
468 635
468 656
468 684
468 719
468 764
468 772
468 903
468 964
468 970
469 647
469 673
469 686
469 706
469 752
469 819
469 887
469 898
469 955
469 997
470 522
470 534
470 568
470 615
470 673
470 805
470 810
470 819
470 829
471 477
471 669
471 697
471 720
471 744
471 809
471 858
471 862
471 877
471 953
471 968
471 980
471 989
472 528
472 709
472 717
472 773
472 796
472 826
472 839
472 851
472 852
472 893
472 900
472 924
472 963
472 990
472 994
472 995
473 481
473 550
473 554
473 615
473 692
473 725
473 756
473 760
473 768
473 814
473 824
473 855
473 912
474 478
474 533
474 543
474 641
474 728
474 737
474 742
474 746
474 837
474 846
474 880
474 882
475 494
475 550
475 633
475 750
475 779
475 844
475 868
475 899
475 928
475 967
475 998
476 513
476 531
476 543
476 572
476 579
476 652
476 687
476 727
476 753
476 813
476 873
476 890
476 949
477 517
477 555
477 643
477 675
477 704
477 719
477 851
477 877
477 905
477 939
477 941
477 948
477 971
477 981
477 983
478 502
478 558
478 596
478 683
478 811
478 834
478 838
478 851
478 878
478 898
478 938
478 939
478 948
478 958
479 510
479 626
479 650
479 743
479 770
479 833
479 840
479 850
479 900
479 916
479 929
479 946
480 506
480 574
480 828
480 841
480 887
480 960
481 483
481 498
481 518
481 631
481 642
481 651
481 738
481 788
481 791
481 928
481 945
481 952
482 521
482 563
482 575
482 576
482 580
482 641
482 670
482 712
482 740
482 781
482 889
482 904
482 918
482 946
483 621
483 642
483 651
483 707
483 738
483 875
483 883
483 928
483 942
483 952
483 974
483 978
484 504
484 508
484 543
484 559
484 579
484 710
484 777
484 827
484 874
484 975
484 992
485 546
485 564
485 669
485 712
485 731
485 754
485 792
485 879
485 996
485 997
486 492
486 500
486 525
486 541
486 640
486 734
486 751
486 772
486 799
486 860
486 881
486 885
486 895
486 976
487 513
487 531
487 572
487 605
487 652
487 687
487 753
487 760
487 813
487 841
487 873
487 890
487 949
488 572
488 605
488 687
488 727
488 753
488 813
488 873
488 890
488 949
488 965
489 581
489 602
489 608
489 614
489 620
489 628
489 662
489 689
489 716
489 725
489 866
489 897
489 919
489 921
489 937
489 991
490 514
490 618
490 659
490 667
490 668
490 690
490 821
490 832
490 865
490 925
490 931
490 936
490 937
490 946
490 956
490 970
490 992
491 604
491 756
491 757
491 838
491 907
491 923
491 938
491 941
491 948
491 973
491 981
491 983
492 541
492 549
492 655
492 734
492 751
492 771
492 816
492 881
492 885
492 895
492 902
492 978
493 505
493 529
493 586
493 618
493 619
493 640
493 666
493 690
493 729
493 896
493 929
494 612
494 653
494 750
494 779
494 844
494 858
494 868
494 899
494 967
494 998
495 541
495 549
495 553
495 556
495 655
495 723
495 734
495 751
495 860
495 885
495 895
495 902
496 566
496 582
496 596
496 634
496 637
496 656
496 667
496 691
496 840
496 867
496 871
496 883
497 519
497 562
497 627
497 657
497 728
497 730
497 769
497 776
497 890
497 978
498 518
498 548
498 552
498 578
498 611
498 631
498 633
498 738
498 791
498 875
498 883
498 942
498 969
499 644
499 702
499 739
499 778
499 799
499 818
499 835
499 880
499 922
499 927
499 979
499 982
499 986
500 549
500 553
500 616
500 655
500 723
500 734
500 885
500 902
500 925
500 940
500 944
501 651
501 707
501 722
501 780
501 790
501 791
501 852
501 887
501 928
501 942
501 945
501 952
501 969
502 723
502 734
502 860
502 864
502 881
502 895
502 902
502 940
502 944
502 999
503 587
503 618
503 620
503 659
503 665
503 686
503 694
503 782
503 865
503 925
503 936
503 946
503 962
503 970
504 508
504 556
504 676
504 713
504 740
504 797
504 830
504 854
504 874
505 529
505 586
505 587
505 619
505 640
505 666
505 690
505 729
505 891
505 926
505 965
505 980
506 520
506 533
506 539
506 548
506 715
506 745
506 806
506 828
506 841
506 864
506 960
507 509
507 526
507 685
507 815
507 920
507 959
507 969
507 974
507 1000
508 579
508 585
508 710
508 713
508 766
508 777
508 797
508 830
508 854
508 995
509 526
509 685
509 815
509 920
509 935
509 959
509 1000
510 549
510 743
510 759
510 763
510 786
510 800
510 807
510 850
510 901
510 917
510 929
510 933
510 961
510 998
511 534
511 621
511 673
511 853
511 867
511 887
511 896
511 915
511 923
511 946
511 982
512 598
512 807
512 833
512 846
512 850
512 900
512 901
512 929
512 933
512 961
513 572
513 642
513 687
513 727
513 753
513 813
513 843
513 873
513 890
513 949
513 983
514 583
514 694
514 735
514 755
514 790
514 801
514 821
514 865
514 886
514 925
514 936
514 970
514 992
515 614
515 689
515 724
515 758
515 842
515 916
515 919
515 966
515 973
515 977
515 991
516 542
516 570
516 626
516 629
516 660
516 673
516 703
516 705
516 718
516 747
516 765
516 821
516 822
516 904
516 975
517 606
517 680
517 870
517 878
517 892
517 905
517 907
517 938
517 939
517 941
517 958
518 548
518 595
518 631
518 651
518 707
518 719
518 720
518 928
518 942
518 952
519 533
519 591
519 630
519 657
519 730
519 769
519 774
519 776
519 877
519 978
520 533
520 537
520 622
520 745
520 864
520 867
520 960
521 563
521 622
521 670
521 706
521 712
521 781
521 889
521 904
521 918
521 919
521 925
522 533
522 706
522 767
522 783
522 788
522 819
522 820
522 888
522 891
522 896
522 930
522 976
522 987
522 997
523 593
523 598
523 645
523 654
523 681
523 699
523 741
523 848
523 911
523 950
523 985
524 575
524 663
524 672
524 801
524 804
524 857
524 863
524 954
525 723
525 771
525 833
525 885
525 895
525 902
525 940
525 944
526 685
526 815
526 920
526 955
526 959
526 1000
528 531
528 603
528 709
528 773
528 796
528 825
528 839
528 849
528 893
528 924
528 963
528 990
528 994
528 995
529 586
529 587
529 592
529 619
529 640
529 666
529 690
529 729
529 945
530 683
530 688
530 757
530 770
530 786
530 799
530 802
530 818
530 835
530 927
530 976
530 979
530 982
530 984
530 986
531 572
531 605
531 652
531 687
531 727
531 813
531 826
531 838
531 873
531 890
531 949
531 955
532 640
532 692
532 756
532 760
532 766
532 814
532 824
532 855
532 856
532 912
532 927
532 994
533 537
533 547
533 745
533 806
533 828
533 841
533 864
533 960
534 536
534 719
534 767
534 783
534 810
534 819
534 880
534 887
534 888
534 917
534 997
535 583
535 594
535 665
535 695
535 706
535 821
535 865
535 888
535 931
535 936
535 946
535 962
535 970
535 980
535 992
536 538
536 569
536 589
536 616
536 678
536 693
536 701
536 768
536 781
536 785
536 861
536 872
536 921
536 926
536 956
536 972
537 538
537 806
537 828
537 841
537 864
537 902
537 960
538 601
538 608
538 718
538 725
538 866
538 897
538 919
538 937
538 947
538 966
538 977
538 991
539 561
539 581
539 608
539 662
539 716
539 725
539 742
539 758
539 842
539 866
539 954
539 966
539 973
539 975
539 977
539 991
540 550
540 605
540 658
540 677
540 769
540 795
540 798
540 814
540 816
540 817
540 859
540 876
540 894
540 906
540 988
541 655
541 662
541 723
541 734
541 751
541 771
541 842
541 885
541 902
541 940
541 944
541 945
542 570
542 626
542 629
542 660
542 703
542 705
542 718
542 747
542 765
542 800
542 822
542 875
542 975
543 617
543 643
543 675
543 728
543 737
543 742
543 746
543 837
543 846
543 882
543 903
544 600
544 676
544 721
544 767
544 777
544 788
544 797
544 827
544 830
544 854
544 987
545 565
545 621
545 671
545 674
545 680
545 686
545 767
545 888
545 891
545 896
545 915
545 987
545 996
545 997
546 564
546 669
546 731
546 754
546 761
546 792
546 879
546 956
546 996
547 688
547 702
547 757
547 799
547 802
547 831
547 915
547 922
547 976
547 979
547 982
548 611
548 631
548 707
548 738
548 750
548 780
548 791
548 868
548 908
548 928
548 945
548 952
548 969
548 974
549 553
549 615
549 771
549 860
549 895
549 902
549 940
550 571
550 658
550 677
550 745
550 795
550 798
550 816
550 817
550 859
550 876
550 894
550 988
551 557
551 597
551 630
551 635
551 684
551 685
551 719
551 764
551 772
551 796
551 903
551 964
551 977
552 578
552 583
552 595
552 611
552 630
552 631
552 642
552 691
552 791
552 883
552 969
552 974
553 573
553 655
553 751
553 771
553 776
553 860
553 881
553 895
553 897
553 935
553 940
553 998
554 615
554 692
554 729
554 760
554 766
554 768
554 824
554 855
554 856
554 857
555 650
555 680
555 704
555 722
555 774
555 789
555 834
555 851
555 878
555 905
555 932
555 939
555 957
555 958
556 598
556 646
556 683
556 691
556 714
556 726
556 849
556 906
556 914
556 965
557 630
557 635
557 636
557 684
557 719
557 764
557 772
557 801
557 870
557 899
557 903
557 964
558 604
558 811
558 824
558 834
558 877
558 907
558 923
558 930
558 938
558 948
558 958
558 968
558 973
558 981
559 579
559 585
559 600
559 710
559 713
559 721
559 731
559 777
559 821
559 830
559 854
559 874
560 564
560 669
560 731
560 754
560 761
560 792
560 879
560 917
560 996
561 608
561 669
561 689
561 716
561 724
561 738
561 758
561 762
561 842
561 897
561 919
561 947
561 973
561 977
562 591
562 633
562 636
562 657
562 730
562 774
562 776
562 978
563 576
563 580
563 670
563 712
563 740
563 781
563 889
563 904
563 918
563 972
563 988
564 587
564 662
564 669
564 731
564 761
564 792
564 879
564 996
565 623
565 679
565 711
565 783
565 788
565 793
565 866
565 880
565 896
565 935
565 997
566 582
566 634
566 637
566 645
566 649
566 656
566 667
566 682
566 730
566 840
566 867
566 871
566 943
567 648
567 715
567 895
567 930
567 993
568 671
568 684
568 706
568 767
568 798
568 810
568 829
568 853
568 888
568 891
568 915
568 935
568 954
568 997
569 589
569 594
569 616
569 678
569 693
569 701
569 785
569 861
569 872
569 921
569 926
569 956
569 972
570 626
570 629
570 660
570 703
570 705
570 718
570 747
570 765
570 822
570 839
570 975
570 994
571 592
571 702
571 799
571 831
571 835
571 915
571 922
571 927
571 976
571 979
571 984
571 986
571 992
572 605
572 652
572 687
572 753
572 757
572 813
572 839
572 873
572 876
572 890
572 949
573 734
573 771
573 860
573 881
573 885
573 902
573 941
573 944
573 955
574 588
574 612
574 720
574 732
574 748
574 778
574 805
574 859
574 870
574 950
574 953
574 968
574 980
574 999
575 663
575 672
575 749
575 801
575 802
575 804
575 863
575 954
576 580
576 617
576 622
576 670
576 740
576 781
576 889
576 904
576 918
577 581
577 594
577 603
577 620
577 659
577 664
577 665
577 753
577 755
577 832
577 865
577 962
577 970
577 992
578 642
578 688
578 707
578 738
578 883
578 928
578 942
578 945
578 952
578 971
578 974
579 585
579 676
579 710
579 721
579 797
579 827
579 854
579 929
579 957
579 992
580 622
580 636
580 712
580 740
580 781
580 889
580 904
580 918
581 602
581 689
581 706
581 724
581 767
581 842
581 866
581 897
581 919
581 947
581 966
581 977
581 991
582 623
582 634
582 637
582 649
582 682
582 814
582 840
582 867
582 871
582 975
582 990
583 618
583 649
583 665
583 668
583 694
583 695
583 755
583 782
583 796
583 865
583 886
583 925
583 931
583 970
583 992
585 593
585 710
585 713
585 744
585 757
585 827
585 830
585 874
586 619
586 637
586 640
586 663
586 666
586 690
586 729
586 848
587 607
587 619
587 640
587 666
587 690
587 729
588 697
588 717
588 732
588 744
588 748
588 778
588 789
588 809
588 858
588 870
588 936
588 953
588 972
588 980
588 989
588 999
589 616
589 635
589 678
589 693
589 701
589 774
589 785
589 861
589 872
589 921
589 926
589 956
589 972
590 596
590 604
590 698
590 796
590 823
590 892
590 898
590 905
590 938
590 939
590 948
590 957
590 958
590 971
590 983
591 593
591 595
591 627
591 636
591 730
591 760
591 769
591 774
591 776
591 916
591 978
592 702
592 799
592 831
592 900
592 922
592 927
592 976
592 982
592 984
593 628
593 681
593 699
593 756
593 811
593 911
593 950
593 985
594 620
594 638
594 659
594 664
594 665
594 668
594 754
594 755
594 821
594 855
594 925
594 931
594 936
594 946
594 962
594 982
595 631
595 648
595 651
595 677
595 780
595 791
595 879
595 928
595 942
595 945
595 952
595 969
595 974
596 606
596 685
596 823
596 838
596 878
596 907
596 922
596 923
596 938
596 951
596 957
596 958
596 971
597 599
597 630
597 635
597 684
597 719
597 764
597 772
597 903
597 940
597 964
598 608
598 625
598 628
598 654
598 699
598 848
598 911
598 950
598 985
599 639
599 697
599 700
599 736
599 741
599 828
599 910
599 932
599 963
600 647
600 676
600 710
600 713
600 777
600 797
600 803
600 827
600 830
600 854
600 874
600 883
600 935
601 614
601 624
601 716
601 724
601 725
601 866
601 897
601 937
601 947
601 956
601 966
601 973
601 977
601 991
602 606
602 724
602 758
602 866
602 919
602 937
602 947
602 950
602 966
602 973
602 977
602 991
603 620
603 638
603 664
603 672
603 789
603 832
603 865
603 925
603 936
603 946
603 962
603 970
603 992
604 650
604 679
604 695
604 733
604 905
604 907
604 919
604 924
604 938
604 939
604 957
604 971
604 981
604 984
605 687
605 727
605 738
605 753
605 769
605 813
605 873
605 890
605 934
605 949
606 685
606 811
606 834
606 838
606 851
606 878
606 948
606 957
606 971
606 981
606 983
607 698
607 713
607 811
607 834
607 851
607 878
607 898
607 923
607 938
607 941
607 971
607 981
607 983
608 716
608 724
608 725
608 758
608 866
608 937
608 947
608 966
608 968
608 977
608 991
610 739
610 749
610 762
610 787
610 793
610 812
610 822
610 869
610 873
610 884
610 908
610 909
610 943
610 951
611 642
611 681
611 780
611 823
611 875
611 942
611 945
612 697
612 707
612 720
612 732
612 744
612 778
612 809
612 858
612 870
612 938
612 968
612 980
612 989
612 999
613 646
613 654
613 683
613 691
613 701
613 714
613 726
613 793
613 849
613 906
613 914
613 965
614 658
614 662
614 731
614 866
614 897
614 907
614 937
614 966
614 977
614 991
614 996
615 678
615 692
615 730
615 756
615 760
615 766
615 789
615 824
615 856
615 857
615 868
615 912
616 678
616 689
616 693
616 701
616 785
616 861
616 872
616 921
616 926
616 956
616 972
617 638
617 641
617 643
617 649
617 675
617 728
617 737
617 742
617 746
617 767
617 837
617 846
617 882
618 659
618 665
618 668
618 696
618 735
618 755
618 775
618 782
618 931
618 946
618 970
618 976
618 992
619 640
619 666
619 690
619 729
619 959
619 999
620 659
620 668
620 688
620 735
620 775
620 782
620 832
620 865
620 870
620 886
620 936
620 962
620 992
621 627
621 647
621 696
621 706
621 767
621 845
621 880
621 887
621 888
621 896
621 915
621 955
621 987
621 997
622 625
622 670
622 712
622 740
622 781
622 826
622 889
622 904
622 918
623 647
623 671
623 673
623 686
623 767
623 820
623 849
623 880
623 888
623 891
623 896
623 987
624 709
624 773
624 818
624 825
624 826
624 839
624 852
624 857
624 893
624 924
624 963
624 990
624 994
624 995
625 628
625 645
625 654
625 661
625 805
625 848
625 911
625 930
625 950
625 985
626 629
626 660
626 703
626 705
626 718
626 747
626 765
626 822
626 975
627 636
627 657
627 730
627 769
627 774
627 776
627 853
627 976
627 978
628 654
628 661
628 681
628 905
628 911
628 950
628 985
629 660
629 703
629 705
629 718
629 747
629 765
629 807
629 822
629 975
630 635
630 684
630 719
630 764
630 772
630 777
630 903
630 964
631 642
631 680
631 738
631 871
631 875
631 883
631 928
631 942
631 945
631 969
631 974
631 999
633 653
633 750
633 779
633 844
633 868
633 899
633 967
633 998
634 637
634 649
634 656
634 667
634 682
634 692
634 803
634 840
634 841
634 854
634 867
634 871
635 636
635 678
635 684
635 719
635 764
635 772
635 903
635 964
636 657
636 730
636 769
636 774
636 776
636 978
637 649
637 656
637 667
637 682
637 840
637 867
637 868
637 871
638 665
638 668
638 708
638 735
638 782
638 790
638 798
638 821
638 865
638 886
638 925
638 931
638 946
638 962
638 970
638 978
639 645
639 649
639 700
639 736
639 741
639 834
639 910
639 932
639 942
640 666
640 690
640 729
640 765
640 916
641 643
641 675
641 728
641 737
641 742
641 746
641 804
641 837
641 846
641 882
641 960
642 651
642 707
642 722
642 738
642 875
642 933
642 945
642 952
643 675
643 728
643 737
643 742
643 746
643 824
643 837
643 846
643 882
643 909
643 912
644 702
644 757
644 786
644 802
644 818
644 831
644 856
644 925
644 927
644 982
644 984
644 986
645 654
645 661
645 681
645 699
645 754
645 832
645 848
645 911
645 950
645 985
646 678
646 683
646 691
646 698
646 714
646 726
646 849
646 906
646 914
646 931
646 965
647 686
647 767
647 820
647 853
647 880
647 888
647 905
647 935
647 955
647 987
648 715
648 786
648 878
648 993
649 656
649 667
649 682
649 840
649 867
649 871
649 936
650 698
650 733
650 781
650 823
650 838
650 877
650 905
650 938
650 948
650 957
650 958
650 969
650 983
651 722
651 771
651 800
651 878
651 928
651 931
651 945
651 969
651 974
652 687
652 727
652 753
652 788
652 813
652 873
652 890
652 911
652 949
652 955
653 678
653 750
653 779
653 844
653 868
653 899
653 967
653 998
654 661
654 681
654 699
654 818
654 832
654 848
654 911
654 950
654 976
654 985
655 721
655 723
655 734
655 768
655 771
655 860
655 881
655 895
655 902
655 940
655 992
656 667
656 682
656 840
656 867
656 871
657 703
657 769
657 774
657 776
657 925
657 978
658 662
658 677
658 795
658 798
658 816
658 817
658 859
658 876
658 894
658 988
659 664
659 695
659 696
659 735
659 807
659 832
659 865
659 925
659 931
659 936
659 946
659 971
659 992
660 673
660 703
660 705
660 718
660 747
660 765
660 822
660 827
660 975
661 681
661 848
661 911
661 950
661 964
661 985
661 996
662 689
662 716
662 758
662 907
662 919
662 937
662 947
662 973
662 991
663 666
663 672
663 748
663 801
663 804
663 863
663 929
663 954
664 694
664 708
664 735
664 755
664 775
664 776
664 782
664 790
664 821
664 931
664 936
664 946
664 962
664 974
664 994
665 708
665 735
665 755
665 775
665 790
665 870
665 886
665 931
665 936
665 946
665 979
665 992
666 690
666 729
666 839
666 869
666 937
666 967
667 682
667 708
667 809
667 840
667 867
667 871
667 959
668 686
668 695
668 821
668 865
668 936
668 946
668 962
668 970
668 992
669 731
669 754
669 761
669 792
669 879
669 940
669 996
670 712
670 740
670 781
670 887
670 889
670 904
670 918
671 673
671 767
671 783
671 810
671 819
671 820
671 871
671 891
671 896
671 930
671 935
671 955
672 764
672 772
672 801
672 804
672 863
672 954
673 810
673 819
673 820
673 887
673 915
673 935
673 979
673 987
673 997
674 686
674 706
674 764
674 788
674 853
674 880
674 888
674 891
674 943
674 955
674 997
675 728
675 737
675 742
675 746
675 837
675 846
675 873
675 882
675 997
676 713
676 721
676 740
676 797
676 854
676 856
676 941
676 948
676 978
677 795
677 798
677 813
677 816
677 817
677 859
677 863
677 876
677 894
677 968
677 988
678 693
678 701
678 785
678 861
678 872
678 921
678 926
678 956
678 972
679 704
679 811
679 820
679 823
679 851
679 892
679 898
679 907
679 923
679 933
679 941
680 698
680 704
680 733
680 878
680 897
680 898
680 905
680 907
680 923
680 941
680 981
680 983
681 699
681 911
681 924
681 950
681 985
681 993
681 996
682 840
682 867
682 871
682 875
682 953
683 691
683 714
683 726
683 793
683 849
683 906
683 914
683 919
683 965
684 719
684 764
684 772
684 875
684 903
684 964
684 968
685 815
685 920
685 959
685 988
685 998
685 1000
686 706
686 783
686 819
686 886
686 887
686 888
686 891
686 930
686 935
686 955
686 983
686 997
687 727
687 746
687 813
687 833
687 873
687 890
687 949
688 697
688 702
688 752
688 757
688 786
688 799
688 802
688 922
688 927
688 948
688 979
688 982
688 984
688 986
689 716
689 725
689 842
689 912
689 919
689 937
689 947
689 966
689 967
689 973
689 977
689 989
689 991
690 729
690 973
691 698
691 714
691 726
691 797
691 849
691 906
691 914
691 965
692 737
692 756
692 766
692 768
692 789
692 814
692 830
692 848
692 856
692 857
692 912
693 701
693 721
693 785
693 861
693 872
693 921
693 926
693 940
693 956
693 972
694 696
694 708
694 735
694 775
694 793
694 821
694 925
694 931
694 936
694 955
694 962
694 992
695 708
695 782
695 790
695 821
695 832
695 925
695 931
695 936
695 946
695 962
695 970
695 992
696 755
696 775
696 782
696 817
696 821
696 829
696 832
696 865
696 907
696 925
696 931
696 936
696 962
696 970
697 717
697 720
697 732
697 744
697 748
697 762
697 805
697 852
697 858
697 870
697 953
697 968
697 980
697 989
697 999
698 704
698 733
698 795
698 802
698 834
698 892
698 898
698 905
698 941
698 958
698 983
699 702
699 755
699 802
699 848
699 911
699 950
699 985
700 736
700 741
700 791
700 805
700 899
700 910
700 932
700 949
701 785
701 787
701 861
701 872
701 908
701 921
701 926
701 956
701 972
702 757
702 786
702 831
702 922
702 976
702 982
702 984
702 986
703 705
703 715
703 718
703 747
703 765
703 800
703 804
703 822
703 867
703 975
704 714
704 823
704 834
704 838
704 877
704 892
704 894
704 917
704 923
704 971
704 981
705 718
705 747
705 765
705 822
705 927
705 958
705 975
706 810
706 880
706 896
706 930
706 934
706 987
706 988
706 997
707 708
707 722
707 875
707 928
707 969
707 974
708 755
708 781
708 790
708 821
708 886
708 925
708 936
708 946
708 970
708 992
709 715
709 761
709 773
709 796
709 817
709 825
709 826
709 839
709 852
709 893
709 924
709 963
709 990
709 994
709 995
710 721
710 766
710 777
710 827
710 829
710 830
710 854
711 742
711 788
711 810
711 820
711 880
711 887
711 888
711 891
711 915
711 930
711 935
711 944
711 955
711 983
711 987
711 997
712 740
712 781
712 816
712 872
712 889
712 904
712 918
712 952
713 777
713 797
713 827
713 874
713 876
713 974
714 726
714 849
714 906
714 914
714 965
715 752
715 993
716 718
716 775
716 811
716 842
716 866
716 897
716 973
716 991
716 1000
717 720
717 748
717 805
717 809
717 862
717 870
717 953
717 970
717 980
717 989
717 995
717 999
718 747
718 765
718 798
718 822
718 826
718 975
719 764
719 772
719 885
719 903
719 964
720 732
720 748
720 778
720 805
720 870
720 912
720 950
720 953
720 965
720 968
720 980
720 989
720 999
721 797
721 827
721 830
721 844
721 854
721 874
721 964
722 738
722 791
722 792
722 875
722 883
722 928
722 945
722 952
722 974
723 751
723 843
723 881
723 885
723 940
723 944
723 949
724 725
724 758
724 812
724 919
724 937
724 945
724 947
724 966
724 973
724 977
724 991
724 996
725 811
725 842
725 864
725 866
725 897
725 937
725 966
725 977
726 849
726 906
726 914
726 965
726 992
726 999
727 753
727 812
727 813
727 873
727 890
727 949
727 988
728 729
728 742
728 746
728 837
728 846
728 882
728 890
728 995
729 783
729 814
729 837
730 736
730 769
730 776
730 978
730 990
731 748
731 754
731 761
731 792
731 879
731 895
731 996
732 743
732 744
732 748
732 763
732 778
732 805
732 809
732 858
732 953
732 968
732 980
732 989
732 994
732 999
733 796
733 830
733 834
733 877
733 885
733 892
733 907
733 923
733 939
733 941
733 948
733 958
733 981
734 768
734 771
734 830
734 860
734 881
734 885
734 940
735 772
735 775
735 790
735 828
735 886
735 925
735 931
735 936
735 946
735 954
735 992
736 741
736 745
736 864
736 867
736 910
736 932
737 742
737 746
737 766
737 779
737 837
737 846
737 882
737 938
738 780
738 835
738 854
738 875
738 883
738 942
738 952
739 749
739 762
739 787
739 793
739 812
739 818
739 869
739 884
739 908
739 909
739 930
739 943
739 951
740 781
740 889
740 904
740 918
740 945
740 948
740 999
741 742
741 841
741 910
741 932
742 746
742 837
742 846
742 882
742 982
743 759
743 763
743 800
743 807
743 833
743 843
743 850
743 874
743 900
743 901
743 911
743 916
743 929
743 933
743 961
744 748
744 778
744 822
744 858
744 862
744 870
744 883
744 939
744 953
744 968
744 989
744 999
745 782
745 806
745 828
745 841
745 864
745 894
746 796
746 837
746 846
746 882
746 958
746 962
747 765
747 822
747 823
747 903
747 975
748 778
748 791
748 805
748 809
748 858
748 862
748 870
748 931
748 953
748 968
748 980
748 989
748 999
749 750
749 762
749 787
749 793
749 812
749 869
749 881
749 884
749 908
749 909
749 943
749 951
750 779
750 817
750 844
750 868
750 899
750 967
750 998
751 754
751 824
751 838
751 860
751 885
751 902
751 917
751 940
751 944
752 785
752 786
752 792
752 802
752 818
752 831
752 922
752 976
752 979
752 982
752 984
752 985
752 986
753 813
753 819
753 868
753 873
753 890
753 949
754 761
754 792
754 879
754 996
755 775
755 782
755 790
755 832
755 842
755 886
755 931
755 962
755 970
755 992
756 766
756 768
756 789
756 814
756 855
756 856
756 857
756 899
756 912
756 998
757 799
757 802
757 835
757 922
757 927
757 976
757 979
757 982
757 984
757 986
758 770
758 852
758 866
758 897
758 919
758 966
758 977
759 760
759 763
759 770
759 794
759 807
759 833
759 843
759 850
759 916
759 917
759 932
760 766
760 768
760 814
760 855
760 856
760 857
760 912
760 986
761 792
761 879
761 882
761 930
761 938
761 996
762 787
762 793
762 804
762 812
762 869
762 884
762 908
762 909
762 921
762 943
762 951
762 952
763 770
763 794
763 800
763 833
763 850
763 857
763 916
763 917
763 929
763 933
763 961
763 974
764 772
764 813
764 903
764 964
765 822
765 939
765 948
765 975
766 777
766 789
766 814
766 824
766 856
766 857
766 912
767 775
767 783
767 788
767 817
767 829
767 853
767 888
767 891
767 896
767 930
767 955
767 987
768 789
768 814
768 824
768 855
768 857
768 909
768 912
769 774
769 776
769 783
769 842
769 896
769 978
770 771
770 800
770 807
770 833
770 843
770 901
770 916
770 917
770 929
770 955
771 772
771 881
771 885
771 895
771 902
771 916
771 940
771 944
772 903
772 964
773 796
773 825
773 852
773 893
773 924
773 958
773 963
773 990
773 994
773 995
774 776
774 862
774 978
775 782
775 790
775 821
775 832
775 863
775 865
775 931
775 936
775 946
775 962
775 970
775 992
776 819
776 978
776 993
777 827
777 830
777 854
777 862
777 874
777 989
778 798
778 858
778 862
778 870
778 968
778 980
778 989
778 999
779 792
779 844
779 868
779 899
779 967
779 998
780 859
780 868
780 875
780 883
780 894
780 945
780 952
780 958
780 969
780 974
780 980
781 889
781 904
781 918
782 821
782 832
782 850
782 865
782 886
782 931
782 962
782 970
782 979
783 820
783 889
783 915
783 926
783 930
783 935
783 955
783 986
783 997
785 788
785 861
785 872
785 921
785 922
785 926
785 956
785 967
785 972
786 799
786 802
786 818
786 831
786 835
786 840
786 888
786 927
786 976
786 979
786 982
787 793
787 812
787 851
787 869
787 884
787 908
787 909
787 914
787 915
787 943
787 951
788 820
788 845
788 887
788 888
788 891
788 896
788 915
788 935
788 955
788 987
788 988
788 997
789 814
789 824
789 855
789 856
789 912
789 946
789 966
790 811
790 865
790 902
790 925
790 931
790 936
790 940
790 946
790 962
790 970
790 992
791 866
791 875
791 883
791 942
791 962
791 969
791 974
792 879
792 910
792 953
792 996
793 812
793 869
793 884
793 908
793 909
793 943
793 951
794 800
794 833
794 843
794 855
794 900
794 901
794 917
794 926
794 929
794 933
794 961
795 798
795 816
795 817
795 859
795 876
795 894
795 900
795 908
795 988
795 997
796 825
796 826
796 839
796 852
796 924
796 963
796 990
796 994
796 995
797 808
797 827
797 850
798 816
798 817
798 859
798 876
798 894
798 958
798 988
799 835
799 889
799 922
799 927
799 938
799 976
799 979
799 984
799 986
800 900
800 916
800 917
800 929
800 933
800 961
801 803
801 804
801 863
801 954
801 980
802 818
802 831
802 910
802 922
802 976
802 979
802 982
802 984
803 808
803 847
803 934
804 863
804 954
805 809
805 810
805 862
805 870
805 953
805 968
805 980
805 989
805 999
806 828
806 841
806 845
806 864
806 884
806 922
806 960
806 974
807 833
807 843
807 850
807 900
807 901
807 916
807 917
807 929
807 933
807 952
807 961
807 985
808 821
808 847
808 873
808 934
808 938
809 831
809 858
809 862
809 870
809 944
809 953
809 968
809 980
809 989
809 999
810 829
810 845
810 853
810 887
810 888
810 891
810 930
810 935
810 946
810 982
810 997
811 834
811 877
811 878
811 923
811 938
811 939
811 941
811 957
811 986
812 869
812 884
812 908
812 909
812 943
812 951
812 978
813 873
813 890
813 949
813 973
814 817
814 824
814 855
814 857
814 912
814 982
815 845
815 869
815 920
815 952
815 959
815 1000
816 817
816 859
816 876
816 894
816 906
816 988
816 991
817 859
817 876
817 894
817 920
817 988
818 831
818 835
818 922
818 927
818 942
818 976
818 979
818 984
818 986
819 820
819 845
819 888
819 891
819 930
819 935
819 955
820 880
820 882
820 887
820 896
820 898
820 915
820 930
820 935
820 987
820 997
821 865
821 886
821 890
821 936
821 962
821 970
822 975
823 838
823 851
823 877
823 878
823 892
823 898
823 907
823 939
823 948
823 957
823 981
823 983
824 843
824 855
824 856
824 857
824 912
824 987
824 996
825 826
825 839
825 852
825 854
825 884
825 893
825 924
825 940
825 963
825 990
825 994
825 995
826 839
826 852
826 893
826 924
826 963
826 990
826 994
826 995
827 830
827 835
827 839
827 874
828 841
828 864
828 960
828 964
829 845
829 853
829 880
829 891
829 896
829 904
829 915
829 917
829 930
829 935
829 955
829 987
830 837
830 854
830 874
830 993
831 835
831 837
831 944
831 979
831 982
831 984
831 986
832 857
832 925
832 930
832 931
832 946
832 962
832 970
832 992
833 850
833 900
833 901
833 916
833 917
833 923
833 929
833 961
833 981
834 848
834 877
834 905
834 938
834 941
834 957
834 981
834 983
835 862
835 886
835 922
835 927
835 976
835 979
835 982
835 984
837 846
837 882
838 851
838 898
838 923
838 941
838 948
838 958
838 959
838 971
838 983
838 999
839 852
839 893
839 924
839 961
839 963
839 990
839 994
839 995
840 846
840 867
840 871
840 917
840 967
841 864
841 960
842 895
842 897
842 919
842 947
842 966
842 973
842 977
842 982
842 991
843 850
843 866
843 872
843 900
843 901
843 916
843 929
843 933
843 961
844 868
844 875
844 898
844 899
844 952
844 967
844 990
844 998
845 853
845 860
845 880
845 887
845 891
845 893
845 896
845 915
845 935
845 955
845 987
846 882
846 891
846 896
847 872
847 894
847 901
847 934
847 989
847 991
848 911
848 950
848 985
849 887
849 891
849 906
849 914
849 965
850 900
850 901
850 917
850 926
850 929
850 933
850 961
851 892
851 907
851 923
851 938
851 947
851 948
851 957
851 958
851 981
851 983
852 893
852 924
852 963
852 971
852 990
852 994
852 995
853 880
853 891
853 915
853 929
853 930
853 953
853 987
854 869
854 874
855 856
855 857
855 890
855 912
855 914
856 857
856 986
857 858
857 861
857 912
858 862
858 937
858 953
858 968
858 980
858 989
858 999
859 863
859 876
859 894
859 988
860 875
860 895
860 902
860 907
860 940
861 872
861 921
861 923
861 926
861 954
861 956
861 972
862 870
862 953
862 968
862 980
862 989
862 999
863 895
863 954
863 979
863 990
864 910
864 960
865 880
865 883
865 886
865 936
865 946
865 949
865 962
865 992
865 999
866 883
866 897
866 919
866 937
866 947
866 966
866 973
866 976
866 977
866 991
867 871
867 972
867 975
868 899
868 938
868 967
868 998
869 870
869 884
869 908
869 909
869 932
869 943
869 951
870 968
870 975
870 980
870 999
871 972
871 984
872 903
872 921
872 926
872 936
872 945
872 956
872 972
873 874
873 890
873 949
874 971
875 883
875 928
875 942
875 945
875 951
875 952
876 889
876 894
876 962
876 988
877 878
877 898
877 907
877 938
877 939
877 957
877 983
878 892
878 905
878 907
878 923
878 939
878 944
878 957
878 971
878 972
878 981
879 989
879 992
879 996
880 887
880 891
880 896
880 921
880 930
880 935
880 939
880 955
881 895
881 902
881 940
881 944
881 973
881 993
882 883
882 902
883 928
883 942
883 969
883 974
884 908
884 909
884 929
884 943
884 946
884 951
885 902
885 944
885 973
886 925
886 931
886 936
886 941
886 946
886 962
886 992
887 891
887 902
887 924
887 997
888 891
888 915
888 930
888 935
888 944
888 966
888 996
889 904
889 918
889 999
890 949
891 896
892 893
892 907
892 923
892 928
892 941
892 948
892 981
893 924
893 963
893 974
893 990
893 994
893 995
894 906
894 988
895 912
895 918
895 932
895 940
895 944
896 897
896 915
896 930
896 987
896 997
897 919
897 937
897 947
897 966
897 973
897 977
897 991
898 905
898 933
898 948
898 957
898 981
898 983
899 914
899 967
899 998
900 916
900 917
900 933
900 961
900 980
900 981
901 916
901 929
901 933
901 939
901 942
901 947
901 961
902 940
902 944
903 908
903 928
903 964
904 909
904 918
905 907
905 923
905 939
905 941
905 948
905 958
906 914
906 965
907 923
907 939
907 957
907 961
907 971
908 909
908 943
908 951
908 986
909 918
909 943
909 951
909 963
910 932
911 930
911 950
911 985
912 920
912 923
914 916
914 925
914 965
915 935
915 955
915 994
915 997
916 917
916 929
916 933
916 961
917 933
917 961
918 985
919 921
919 937
919 973
919 977
919 991
920 921
920 959
920 1000
921 926
921 956
921 972
922 976
922 979
922 982
922 984
922 986
923 938
923 939
923 958
923 983
924 963
924 970
924 990
924 994
924 995
925 931
925 936
925 946
925 955
925 962
925 970
925 992
926 956
926 972
927 970
927 971
927 976
927 979
927 984
927 986
928 945
928 952
928 969
928 973
928 974
929 933
930 935
930 987
930 997
931 933
931 946
931 959
931 992
932 937
932 994
933 946
933 949
933 961
934 956
935 955
935 987
935 997
936 992
937 947
937 950
937 966
937 973
937 977
937 991
938 948
938 971
938 981
938 983
939 948
939 958
939 964
939 971
939 1000
941 953
941 958
941 971
942 945
942 949
942 952
942 969
943 949
943 951
943 980
943 983
945 952
945 962
945 969
945 979
946 970
947 966
947 972
947 973
947 977
948 957
948 958
948 971
948 990
950 956
950 985
950 992
951 961
951 963
951 998
952 957
952 969
952 974
953 968
953 980
953 989
953 999
955 957
955 987
956 972
957 958
957 981
957 983
958 971
958 996
959 1000
960 967
962 970
963 990
963 994
963 995
963 997
965 970
965 994
966 967
966 973
967 998
968 980
968 989
968 999
969 974
970 971
970 992
971 981
971 983
972 1000
973 977
973 991
974 995
976 979
976 982
976 984
977 981
977 991
977 1000
979 982
979 984
979 986
979 997
980 989
980 999
981 982
981 983
982 984
982 986
984 986
984 987
984 998
986 989
986 994
987 997
989 999
990 994
990 995
994 995
