0 0 
2 8 
3 23 
4 8 
5 29 
6 30 
7 25 
8 14 
9 1 
10 14 
11 25 
12 14 
13 33 
14 14 
15 31 
16 7 
17 18 
18 3 
19 10 
20 30 
21 25 
22 13 
23 2 
24 12 
25 24 
0 0 
27 23 
28 6 
29 16 
30 21 
31 22 
32 3 
33 28 
34 5 
35 16 
36 22 
37 14 
38 18 
39 3 
40 23 
41 25 
42 24 
43 6 
44 10 
45 18 
46 10 
47 7 
48 20 
49 3 
50 19 
51 9 
52 29 
53 19 
0 0 
55 11 
56 7 
57 25 
58 30 
59 9 
60 11 
61 1 
62 21 
63 30 
64 25 
65 9 
66 5 
67 29 
68 22 
69 18 
70 23 
0 0 
0 0 
73 31 
74 19 
75 29 
76 18 
77 2 
78 5 
79 17 
80 25 
81 12 
82 24 
83 2 
84 10 
85 5 
86 26 
87 33 
88 6 
89 29 
90 20 
91 10 
92 3 
93 11 
94 9 
95 1 
96 9 
97 3 
98 7 
99 23 
100 32 
101 12 
102 2 
103 18 
104 17 
105 23 
106 6 
107 20 
0 0 
109 10 
110 23 
111 7 
112 6 
113 12 
114 22 
115 22 
116 12 
117 23 
118 23 
119 30 
120 27 
121 28 
122 32 
123 26 
124 22 
125 27 
126 27 
127 24 
128 14 
129 30 
130 25 
131 26 
132 7 
133 9 
134 21 
135 14 
136 10 
137 24 
138 6 
139 19 
140 28 
141 18 
142 21 
143 8 
144 19 
145 13 
146 18 
147 18 
148 1 
149 20 
150 7 
151 28 
152 12 
153 14 
154 21 
155 7 
156 1 
157 5 
158 25 
159 22 
160 8 
161 26 
0 0 
163 28 
164 9 
165 7 
166 30 
167 15 
168 13 
169 3 
170 3 
171 17 
172 17 
173 22 
174 20 
175 25 
176 13 
177 7 
178 9 
179 3 
180 25 
181 26 
182 28 
183 15 
184 28 
185 19 
186 33 
187 15 
188 13 
189 22 
190 1 
191 19 
192 7 
193 9 
0 0 
195 6 
196 9 
197 28 
198 4 
199 4 
200 14 
201 13 
202 18 
203 15 
204 27 
205 22 
206 24 
207 32 
208 23 
209 3 
210 20 
211 26 
212 3 
213 7 
0 0 
215 7 
216 22 
217 7 
218 13 
219 24 
220 29 
221 10 
222 6 
223 21 
224 25 
225 11 
226 11 
227 2 
228 4 
229 31 
230 7 
231 12 
232 4 
233 28 
234 22 
235 7 
236 5 
237 24 
238 33 
239 7 
240 33 
241 9 
242 33 
243 30 
244 21 
245 22 
246 22 
247 22 
248 1 
249 5 
250 7 
251 29 
252 6 
253 15 
254 6 
255 3 
256 14 
257 19 
258 23 
0 0 
260 6 
261 1 
262 5 
263 24 
264 7 
265 6 
266 23 
267 26 
268 5 
269 27 
270 15 
271 14 
272 33 
273 12 
274 14 
275 11 
276 10 
277 7 
278 28 
279 32 
280 3 
281 30 
282 14 
283 14 
284 25 
285 3 
286 18 
287 3 
288 13 
289 20 
290 4 
291 18 
292 27 
293 8 
294 30 
0 0 
296 3 
297 5 
298 7 
299 10 
300 9 
0 0 
302 27 
303 28 
304 30 
305 18 
306 9 
307 30 
308 14 
309 23 
310 12 
311 30 
312 8 
313 30 
314 7 
315 14 
316 7 
317 16 
318 24 
319 7 
320 12 
321 1 
322 23 
323 16 
324 14 
325 18 
326 24 
327 32 
328 4 
329 25 
330 29 
331 15 
332 6 
333 6 
334 17 
335 33 
336 16 
337 18 
338 33 
339 12 
340 13 
341 1 
342 4 
343 6 
344 25 
345 13 
346 4 
347 21 
348 14 
349 25 
350 21 
351 17 
352 23 
353 11 
354 20 
355 11 
356 15 
357 30 
358 14 
359 16 
360 26 
361 2 
362 17 
363 6 
364 3 
365 33 
0 0 
367 16 
368 11 
369 21 
370 30 
371 30 
372 3 
373 13 
374 19 
375 22 
376 7 
377 15 
378 28 
379 18 
380 22 
381 7 
382 8 
383 7 
384 10 
385 15 
386 4 
387 21 
0 0 
389 19 
390 14 
0 0 
392 7 
393 19 
394 30 
395 20 
396 16 
0 0 
398 7 
399 15 
400 17 
401 9 
402 20 
403 8 
404 22 
405 27 
406 11 
407 8 
408 29 
409 33 
410 17 
411 4 
412 8 
413 32 
414 9 
415 2 
416 25 
417 18 
418 21 
419 7 
420 22 
421 2 
422 25 
423 17 
424 6 
425 3 
426 12 
427 32 
428 33 
429 16 
430 28 
431 12 
432 2 
433 13 
434 14 
435 6 
436 3 
437 12 
438 8 
439 30 
440 7 
441 26 
442 3 
443 27 
444 30 
445 30 
446 19 
447 30 
448 22 
449 10 
450 24 
451 3 
452 22 
453 1 
454 10 
455 11 
456 24 
457 17 
458 13 
459 9 
460 12 
461 28 
462 13 
463 2 
464 8 
465 23 
466 18 
467 4 
468 19 
469 3 
470 16 
471 28 
472 25 
473 9 
474 17 
475 21 
476 33 
477 7 
478 7 
479 18 
480 23 
481 14 
482 2 
483 14 
484 17 
485 10 
486 22 
487 33 
488 33 
489 12 
490 15 
491 7 
492 30 
493 16 
494 21 
495 22 
496 4 
497 8 
498 14 
499 6 
500 22 
501 14 
502 22 
503 15 
504 30 
505 16 
506 23 
507 32 
508 30 
509 13 
510 24 
511 3 
512 18 
513 33 
514 15 
515 12 
516 31 
517 7 
518 14 
519 8 
520 8 
521 2 
522 3 
523 17 
524 27 
525 22 
526 17 
527 32 
528 25 
529 16 
530 6 
531 33 
532 9 
533 23 
534 3 
535 15 
536 26 
537 23 
538 12 
539 12 
540 11 
541 22 
542 31 
543 17 
544 30 
545 3 
546 10 
547 6 
548 14 
549 22 
550 11 
551 19 
552 14 
553 22 
554 9 
555 7 
556 29 
557 19 
558 7 
559 30 
560 10 
561 12 
562 8 
563 2 
564 10 
565 3 
566 4 
567 5 
568 3 
569 26 
570 31 
571 6 
572 33 
573 32 
574 28 
575 27 
576 2 
577 15 
578 14 
579 30 
580 2 
581 12 
582 4 
583 15 
584 5 
585 30 
586 16 
587 16 
588 28 
589 26 
590 7 
591 8 
592 6 
593 24 
594 15 
595 14 
596 7 
597 19 
598 24 
599 13 
600 30 
601 25 
602 12 
603 15 
604 7 
605 33 
606 7 
607 7 
608 12 
609 21 
610 1 
611 14 
612 28 
0 0 
614 12 
615 9 
616 26 
617 17 
618 32 
619 16 
620 15 
621 3 
622 2 
623 3 
624 25 
625 24 
626 31 
627 8 
628 24 
629 31 
630 19 
631 14 
632 21 
633 21 
634 4 
635 19 
636 8 
637 4 
638 15 
639 20 
640 4 
641 17 
642 16 
643 17 
644 6 
645 24 
646 29 
647 3 
648 27 
649 15 
650 7 
651 14 
652 33 
653 21 
654 24 
655 22 
656 4 
657 8 
658 11 
659 15 
660 31 
661 24 
662 12 
663 27 
664 15 
665 15 
666 16 
667 4 
668 6 
669 10 
670 2 
671 3 
672 27 
673 3 
674 3 
675 17 
676 30 
677 11 
678 26 
679 7 
680 7 
681 24 
682 32 
683 29 
684 19 
685 13 
0 0 
687 33 
688 29 
689 12 
690 16 
691 29 
692 9 
693 26 
694 15 
695 15 
696 15 
697 11 
698 7 
699 24 
700 20 
701 26 
702 6 
703 31 
704 7 
705 31 
706 26 
707 14 
708 15 
709 25 
710 30 
711 3 
712 2 
713 30 
714 29 
715 5 
716 12 
0 0 
718 31 
719 19 
720 28 
721 30 
722 14 
723 22 
724 12 
725 12 
726 29 
727 33 
728 17 
729 16 
730 14 
731 10 
0 0 
733 7 
734 22 
735 15 
736 20 
737 17 
738 14 
739 1 
740 2 
741 20 
742 17 
743 18 
744 28 
745 23 
746 4 
747 31 
748 28 
749 1 
750 4 
751 10 
752 6 
753 33 
754 10 
755 15 
756 9 
757 6 
758 12 
759 18 
760 9 
761 10 
762 1 
763 18 
764 14 
765 31 
766 9 
767 3 
768 9 
769 8 
770 18 
771 22 
772 19 
773 25 
774 8 
775 15 
776 8 
777 30 
778 28 
779 21 
780 14 
781 2 
782 15 
783 3 
784 21 
785 26 
786 6 
787 1 
788 3 
789 9 
790 15 
791 14 
792 10 
793 1 
794 18 
795 11 
796 25 
797 30 
798 11 
799 6 
800 28 
801 27 
802 6 
803 32 
804 27 
805 28 
806 23 
807 18 
808 32 
809 28 
810 3 
811 7 
812 1 
813 33 
814 9 
815 13 
816 6 
817 5 
818 6 
819 3 
820 3 
821 15 
822 31 
823 7 
824 9 
825 25 
826 25 
827 30 
828 23 
829 3 
830 30 
831 6 
832 15 
833 18 
834 7 
835 6 
836 32 
837 17 
838 7 
839 25 
840 4 
841 23 
842 12 
843 18 
844 21 
845 3 
846 17 
847 32 
848 24 
849 29 
850 18 
851 7 
852 25 
0 0 
854 30 
855 9 
856 9 
857 9 
858 28 
859 26 
860 22 
861 26 
862 28 
863 1 
864 11 
865 15 
866 12 
867 4 
868 21 
869 1 
870 28 
871 4 
872 25 
873 33 
874 30 
875 14 
876 11 
877 7 
878 7 
879 10 
0 0 
881 22 
882 17 
883 14 
884 1 
885 22 
886 15 
887 3 
888 3 
889 2 
890 33 
891 3 
892 7 
893 25 
894 11 
895 22 
896 3 
897 12 
898 7 
899 21 
900 18 
901 18 
902 22 
903 19 
904 2 
905 7 
906 29 
907 7 
908 1 
909 16 
910 20 
911 25 
912 9 
913 21 
914 14 
915 3 
916 18 
917 18 
918 2 
919 12 
920 13 
921 26 
922 6 
923 7 
924 25 
925 15 
926 26 
927 6 
928 14 
929 18 
930 3 
931 15 
932 6 
933 18 
934 18 
0 0 
936 15 
937 12 
938 7 
939 7 
940 22 
941 7 
942 14 
943 1 
944 22 
945 31 
946 15 
947 12 
948 7 
949 33 
950 24 
951 1 
952 14 
0 0 
954 27 
955 3 
956 26 
957 7 
958 7 
959 13 
960 23 
961 18 
962 31 
963 25 
964 19 
0 0 
966 12 
967 21 
968 28 
969 14 
970 15 
971 7 
972 26 
973 12 
974 14 
975 31 
976 14 
977 12 
978 8 
979 6 
980 28 
981 7 
982 6 
983 7 
984 6 
985 24 
986 6 
987 19 
988 11 
989 28 
990 25 
991 12 
992 28 
993 29 
994 25 
995 25 
996 10 
997 3 
998 7 
999 28 
1000 13 
